0.0 0.029
0.1 0.032
0.2 0.035
0.3 0.039
0.4 0.042
0.5 0.046
0.6 0.05
0.7 0.055
0.8 0.06
0.9 0.065
1.0 0.071
1.1 0.077
1.2 0.084
1.3 0.091
1.4 0.099
1.5 0.108
1.6 0.117
1.7 0.127
1.8 0.138
1.9 0.15
2.0 0.163
2.1 0.177
2.2 0.193
2.3 0.209
2.4 0.227
2.5 0.246
2.6 0.267
2.7 0.29
2.8 0.314
2.9 0.34
3.0 0.368
3.1 0.398
3.2 0.431
3.3 0.465
3.4 0.502
3.5 0.542
3.6 0.585
3.7 0.63
3.8 0.678
3.9 0.729
4.0 0.783
4.1 0.84
4.2 0.9
4.3 0.963
4.4 1.03
4.5 1.1
4.6 1.172
4.7 1.248
4.8 1.327
4.9 1.408
5.0 1.493
5.1 1.579
5.2 1.668
5.3 1.758
5.4 1.85
5.5 1.944
5.6 2.038
5.7 2.133
5.8 2.228
5.9 2.324
6.0 2.419
6.1 2.513
6.2 2.606
6.3 2.697
6.4 2.787
6.5 2.875
6.6 2.961
6.7 3.044
6.8 3.125
6.9 3.202
7.0 3.277
7.1 3.349
7.2 3.418
7.3 3.484
7.4 3.547
7.5 3.606
7.6 3.663
7.7 3.716
7.8 3.767
7.9 3.814
8.0 3.859
8.1 3.901
8.2 3.941
8.3 3.978
8.4 4.013
8.5 4.045
8.6 4.075
8.7 4.104
8.8 4.13
8.9 4.155
9.0 4.177
9.1 4.199
9.2 4.218
9.3 4.237
9.4 4.254
9.5 4.27
9.6 4.284
9.7 4.298
9.8 4.31
9.9 4.322
10.0 4.333
10.1 4.343
10.2 4.352
10.3 4.36
10.4 4.368
10.5 4.375
10.6 4.382
10.7 4.388
10.8 4.394
10.9 4.399
11.0 4.404
11.1 4.409
11.2 4.413
11.3 4.417
11.4 4.42
11.5 4.424
11.6 4.427
11.7 4.43
11.8 4.432
11.9 4.434
12.0 4.437
12.1 4.439
12.2 4.441
12.3 4.442
12.4 4.444
12.5 4.445
12.6 4.447
12.7 4.448
12.8 4.449
12.9 4.45
13.0 4.451
13.1 4.452
13.2 4.453
13.3 4.454
13.4 4.454
13.5 4.455
13.6 4.456
13.7 4.456
13.8 4.457
13.9 4.457
14.0 4.457
14.1 4.458
14.2 4.458
14.3 4.459
14.4 4.459
14.5 4.459
14.6 4.459
14.7 4.46
14.8 4.46
14.9 4.46
15.0 4.46
15.1 4.46
15.2 4.461
15.3 4.461
15.4 4.461
15.5 4.461
15.6 4.461
15.7 4.461
15.8 4.461
15.9 4.461
16.0 4.462
16.1 4.462
16.2 4.462
16.3 4.462
16.4 4.462
16.5 4.462
16.6 4.462
16.7 4.462
16.8 4.462
16.9 4.462
17.0 4.462
17.1 4.462
17.2 4.462
17.3 4.462
17.4 4.462
17.5 4.462
17.6 4.462
17.7 4.462
17.8 4.462
17.9 4.462
18.0 4.462
18.1 4.462
18.2 4.462
18.3 4.462
18.4 4.462
18.5 4.462
18.6 4.462
18.7 4.462
18.8 4.462
18.9 4.462
19.0 4.462
19.1 4.462
19.2 4.462
19.3 4.462
19.4 4.462
19.5 4.462
19.6 4.462
19.7 4.462
19.8 4.463
19.9 4.463
20.0 4.463
20.1 4.463
20.2 4.463
20.3 4.463
20.4 4.463
20.5 4.463
20.6 4.463
20.7 4.463
20.8 4.463
20.9 4.463
21.0 4.463
21.1 4.463
21.2 4.463
21.3 4.463
21.4 4.463
21.5 4.463
21.6 4.463
21.7 4.463
21.8 4.463
21.9 4.463
22.0 4.463
22.1 4.463
22.2 4.463
22.3 4.463
22.4 4.463
22.5 4.463
22.6 4.463
22.7 4.463
22.8 4.463
22.9 4.463
23.0 4.463
23.1 4.463
23.2 4.463
23.3 4.463
23.4 4.463
23.5 4.463
23.6 4.463
23.7 4.463
23.8 4.463
23.9 4.463
24.0 4.463
24.1 4.463
24.2 4.463
24.3 4.463
24.4 4.463
24.5 4.463
24.6 4.463
24.7 4.463
24.8 4.463
24.9 4.463
25.0 4.463
25.1 4.463
25.2 4.463
25.3 4.463
25.4 4.463
25.5 4.463
25.6 4.463
25.7 4.463
25.8 4.463
25.9 4.463
26.0 4.463
26.1 4.463
26.2 4.463
26.3 4.463
26.4 4.463
26.5 4.463
26.6 4.463
26.7 4.463
26.8 4.463
26.9 4.463
27.0 4.463
27.1 4.463
27.2 4.463
27.3 4.463
27.4 4.463
27.5 4.463
27.6 4.463
27.7 4.463
27.8 4.463
27.9 4.463
28.0 4.463
28.1 4.463
28.2 4.463
28.3 4.463
28.4 4.463
28.5 4.463
28.6 4.463
28.7 4.463
28.8 4.463
28.9 4.463
29.0 4.463
29.1 4.463
29.2 4.463
29.3 4.463
29.4 4.463
29.5 4.463
29.6 4.463
29.7 4.463
29.8 4.463
29.9 4.463
30.0 4.463
30.1 4.463
30.2 4.463
30.3 4.463
30.4 4.463
30.5 4.463
30.6 4.463
30.7 4.463
30.8 4.463
30.9 4.463
31.0 4.463
31.1 4.463
31.2 4.463
31.3 4.463
31.4 4.463
31.5 4.463
31.6 4.463
31.7 4.463
31.8 4.463
31.9 4.463
32.0 4.463
32.1 4.463
32.2 4.463
32.3 4.463
32.4 4.463
32.5 4.463
32.6 4.463
32.7 4.463
32.8 4.463
32.9 4.463
33.0 4.463
33.1 4.463
33.2 4.463
33.3 4.463
33.4 4.463
33.5 4.463
33.6 4.463
33.7 4.463
33.8 4.463
33.9 4.463
34.0 4.463
34.1 4.463
34.2 4.463
34.3 4.463
34.4 4.463
34.5 4.463
34.6 4.463
34.7 4.463
34.8 4.463
34.9 4.463
35.0 4.463
35.1 4.463
35.2 4.463
35.3 4.463
35.4 4.463
35.5 4.463
35.6 4.463
35.7 4.463
35.8 4.463
35.9 4.463
36.0 4.463
36.1 4.463
36.2 4.463
36.3 4.463
36.4 4.463
36.5 4.463
36.6 4.463
36.7 4.463
36.8 4.463
36.9 4.463
37.0 4.463
37.1 4.463
37.2 4.463
37.3 4.463
37.4 4.463
37.5 4.463
37.6 4.463
37.7 4.463
37.8 4.463
37.9 4.463
38.0 4.463
38.1 4.463
38.2 4.463
38.3 4.463
38.4 4.463
38.5 4.463
38.6 4.463
38.7 4.463
38.8 4.463
38.9 4.463
39.0 4.463
39.1 4.463
39.2 4.463
39.3 4.463
39.4 4.463
39.5 4.463
39.6 4.463
39.7 4.463
39.8 4.463
39.9 4.463
40.0 4.463
40.1 4.463
40.2 4.463
40.3 4.463
40.4 4.463
40.5 4.463
40.6 4.463
40.7 4.463
40.8 4.463
40.9 4.463
41.0 4.463
41.1 4.463
41.2 4.463
41.3 4.463
41.4 4.463
41.5 4.463
41.6 4.463
41.7 4.463
41.8 4.463
41.9 4.463
42.0 4.463
42.1 4.463
42.2 4.463
42.3 4.463
42.4 4.463
42.5 4.463
42.6 4.463
42.7 4.463
42.8 4.463
42.9 4.463
43.0 4.463
43.1 4.463
43.2 4.463
43.3 4.463
43.4 4.463
43.5 4.463
43.6 4.463
43.7 4.463
43.8 4.463
43.9 4.463
44.0 4.463
44.1 4.463
44.2 4.463
44.3 4.463
44.4 4.463
44.5 4.463
44.6 4.463
44.7 4.463
44.8 4.463
44.9 4.463
45.0 4.463
45.1 4.463
45.2 4.463
45.3 4.463
45.4 4.463
45.5 4.463
45.6 4.463
45.7 4.463
45.8 4.463
45.9 4.463
46.0 4.463
46.1 4.463
46.2 4.463
46.3 4.463
46.4 4.463
46.5 4.463
46.6 4.463
46.7 4.463
46.8 4.463
46.9 4.463
47.0 4.463
47.1 4.463
47.2 4.463
47.3 4.463
47.4 4.463
47.5 4.463
47.6 4.463
47.7 4.463
47.8 4.463
47.9 4.463
48.0 4.463
48.1 4.463
48.2 4.463
48.3 4.463
48.4 4.463
48.5 4.463
48.6 4.463
48.7 4.463
48.8 4.463
48.9 4.463
49.0 4.463
49.1 4.463
49.2 4.463
49.3 4.463
49.4 4.463
49.5 4.463
49.6 4.463
49.7 4.463
49.8 4.463
49.9 4.463
50.0 4.463
50.1 4.463
50.2 4.463
50.3 4.463
50.4 4.463
50.5 4.463
50.6 4.463
50.7 4.463
50.8 4.463
50.9 4.463
51.0 4.463
51.1 4.463
51.2 4.463
51.3 4.463
51.4 4.463
51.5 4.463
51.6 4.463
51.7 4.463
51.8 4.463
51.9 4.463
52.0 4.463
52.1 4.463
52.2 4.463
52.3 4.463
52.4 4.463
52.5 4.463
52.6 4.463
52.7 4.463
52.8 4.463
52.9 4.463
53.0 4.463
53.1 4.463
53.2 4.463
53.3 4.463
53.4 4.463
53.5 4.463
53.6 4.463
53.7 4.463
53.8 4.463
53.9 4.463
54.0 4.463
54.1 4.463
54.2 4.463
54.3 4.463
54.4 4.463
54.5 4.463
54.6 4.463
54.7 4.463
54.8 4.463
54.9 4.463
55.0 4.463
55.1 4.463
55.2 4.463
55.3 4.463
55.4 4.463
55.5 4.463
55.6 4.463
55.7 4.463
55.8 4.463
55.9 4.463
56.0 4.463
56.1 4.463
56.2 4.463
56.3 4.463
56.4 4.463
56.5 4.463
56.6 4.463
56.7 4.463
56.8 4.463
56.9 4.463
57.0 4.463
57.1 4.463
57.2 4.463
57.3 4.463
57.4 4.463
57.5 4.463
57.6 4.463
57.7 4.463
57.8 4.463
57.9 4.463
58.0 4.463
58.1 4.463
58.2 4.463
58.3 4.463
58.4 4.463
58.5 4.463
58.6 4.463
58.7 4.463
58.8 4.463
58.9 4.463
59.0 4.463
59.1 4.463
59.2 4.463
59.3 4.463
59.4 4.463
59.5 4.463
59.6 4.463
59.7 4.463
59.8 4.463
59.9 4.463
60.0 4.463
60.1 4.463
60.2 4.463
60.3 4.463
60.4 4.463
60.5 4.463
60.6 4.463
60.7 4.463
60.8 4.463
60.9 4.463
61.0 4.463
61.1 4.463
61.2 4.463
61.3 4.463
61.4 4.463
61.5 4.463
61.6 4.463
61.7 4.463
61.8 4.463
61.9 4.463
62.0 4.463
62.1 4.463
62.2 4.463
62.3 4.463
62.4 4.463
62.5 4.463
62.6 4.463
62.7 4.463
62.8 4.463
62.9 4.463
63.0 4.463
63.1 4.463
63.2 4.463
63.3 4.463
63.4 4.463
63.5 4.463
63.6 4.463
63.7 4.463
63.8 4.463
63.9 4.463
64.0 4.463
64.1 4.463
64.2 4.463
64.3 4.463
64.4 4.463
64.5 4.463
64.6 4.463
64.7 4.463
64.8 4.463
64.9 4.463
65.0 4.463
65.1 4.463
65.2 4.463
65.3 4.463
65.4 4.463
65.5 4.463
65.6 4.463
65.7 4.463
65.8 4.463
65.9 4.463
66.0 4.463
66.1 4.463
66.2 4.463
66.3 4.463
66.4 4.463
66.5 4.463
66.6 4.463
66.7 4.463
66.8 4.463
66.9 4.463
67.0 4.463
67.1 4.463
67.2 4.463
67.3 4.463
67.4 4.463
67.5 4.463
67.6 4.463
67.7 4.463
67.8 4.463
67.9 4.463
68.0 4.463
68.1 4.463
68.2 4.463
68.3 4.463
68.4 4.463
68.5 4.463
68.6 4.463
68.7 4.463
68.8 4.463
68.9 4.463
69.0 4.463
69.1 4.463
69.2 4.463
69.3 4.463
69.4 4.463
69.5 4.463
69.6 4.463
69.7 4.463
69.8 4.463
69.9 4.463
70.0 4.463
70.1 4.463
70.2 4.463
70.3 4.463
70.4 4.463
70.5 4.463
70.6 4.463
70.7 4.463
70.8 4.463
70.9 4.463
71.0 4.463
71.1 4.463
71.2 4.463
71.3 4.463
71.4 4.463
71.5 4.463
71.6 4.463
71.7 4.463
71.8 4.463
71.9 4.463
72.0 4.463
72.1 4.463
72.2 4.463
72.3 4.463
72.4 4.463
72.5 4.463
72.6 4.463
72.7 4.463
72.8 4.463
72.9 4.463
73.0 4.463
73.1 4.463
73.2 4.463
73.3 4.463
73.4 4.463
73.5 4.463
73.6 4.463
73.7 4.463
73.8 4.463
73.9 4.463
74.0 4.463
74.1 4.463
74.2 4.463
74.3 4.463
74.4 4.463
74.5 4.463
74.6 4.463
74.7 4.463
74.8 4.463
74.9 4.463
75.0 4.463
75.1 4.463
75.2 4.463
75.3 4.463
75.4 4.463
75.5 4.463
75.6 4.463
75.7 4.463
75.8 4.463
75.9 4.463
76.0 4.463
76.1 4.463
76.2 4.463
76.3 4.463
76.4 4.463
76.5 4.463
76.6 4.463
76.7 4.463
76.8 4.463
76.9 4.463
77.0 4.463
77.1 4.463
77.2 4.463
77.3 4.463
77.4 4.463
77.5 4.463
77.6 4.463
77.7 4.463
77.8 4.463
77.9 4.463
78.0 4.463
78.1 4.463
78.2 4.463
78.3 4.463
78.4 4.463
78.5 4.463
78.6 4.463
78.7 4.463
78.8 4.463
78.9 4.463
79.0 4.463
79.1 4.463
79.2 4.463
79.3 4.463
79.4 4.463
79.5 4.463
79.6 4.463
79.7 4.463
79.8 4.463
79.9 4.463
80.0 4.463
80.1 4.463
80.2 4.463
80.3 4.463
80.4 4.463
80.5 4.463
80.6 4.463
80.7 4.463
80.8 4.463
80.9 4.463
81.0 4.463
81.1 4.463
81.2 4.463
81.3 4.463
81.4 4.463
81.5 4.463
81.6 4.463
81.7 4.463
81.8 4.463
81.9 4.463
82.0 4.463
82.1 4.463
82.2 4.463
82.3 4.463
82.4 4.463
82.5 4.463
82.6 4.463
82.7 4.463
82.8 4.463
82.9 4.463
83.0 4.463
83.1 4.463
83.2 4.463
83.3 4.463
83.4 4.463
83.5 4.463
83.6 4.463
83.7 4.463
83.8 4.463
83.9 4.463
84.0 4.463
84.1 4.463
84.2 4.463
84.3 4.463
84.4 4.463
84.5 4.463
84.6 4.463
84.7 4.463
84.8 4.463
84.9 4.463
85.0 4.463
85.1 4.463
85.2 4.463
85.3 4.463
85.4 4.463
85.5 4.463
85.6 4.463
85.7 4.463
85.8 4.463
85.9 4.463
86.0 4.463
86.1 4.463
86.2 4.463
86.3 4.463
86.4 4.463
86.5 4.463
86.6 4.463
86.7 4.463
86.8 4.463
86.9 4.463
87.0 4.463
87.1 4.463
87.2 4.463
87.3 4.463
87.4 4.463
87.5 4.463
87.6 4.463
87.7 4.463
87.8 4.463
87.9 4.463
88.0 4.463
88.1 4.463
88.2 4.463
88.3 4.463
88.4 4.463
88.5 4.463
88.6 4.463
88.7 4.463
88.8 4.463
88.9 4.463
89.0 4.463
89.1 4.463
89.2 4.463
89.3 4.463
89.4 4.463
89.5 4.463
89.6 4.463
89.7 4.463
89.8 4.463
89.9 4.463
90.0 4.463
90.1 4.463
90.2 4.463
90.3 4.463
90.4 4.463
90.5 4.463
90.6 4.463
90.7 4.463
90.8 4.463
90.9 4.463
91.0 4.463
91.1 4.463
91.2 4.463
91.3 4.463
91.4 4.463
91.5 4.463
91.6 4.463
91.7 4.463
91.8 4.463
91.9 4.463
92.0 4.463
92.1 4.463
92.2 4.463
92.3 4.463
92.4 4.463
92.5 4.463
92.6 4.463
92.7 4.463
92.8 4.463
92.9 4.463
93.0 4.463
93.1 4.463
93.2 4.463
93.3 4.463
93.4 4.463
93.5 4.463
93.6 4.463
93.7 4.463
93.8 4.463
93.9 4.463
94.0 4.463
94.1 4.463
94.2 4.463
94.3 4.463
94.4 4.463
94.5 4.463
94.6 4.463
94.7 4.463
94.8 4.463
94.9 4.463
95.0 4.463
95.1 4.463
95.2 4.463
95.3 4.463
95.4 4.463
95.5 4.463
95.6 4.463
95.7 4.463
95.8 4.463
95.9 4.463
96.0 4.463
96.1 4.463
96.2 4.463
96.3 4.463
96.4 4.463
96.5 4.463
96.6 4.463
96.7 4.463
96.8 4.463
96.9 4.463
97.0 4.463
97.1 4.463
97.2 4.463
97.3 4.463
97.4 4.463
97.5 4.463
97.6 4.463
97.7 4.463
97.8 4.463
97.9 4.463
98.0 4.463
98.1 4.463
98.2 4.463
98.3 4.463
98.4 4.463
98.5 4.463
98.6 4.463
98.7 4.463
98.8 4.463
98.9 4.463
99.0 4.463
99.1 4.463
99.2 4.463
99.3 4.463
99.4 4.463
99.5 4.463
99.6 4.463
99.7 4.463
99.8 4.463
99.9 4.463
