0.0 0.03
0.1 0.033
0.2 0.035
0.3 0.036
0.4 0.037
0.5 0.038
0.6 0.039
0.7 0.04
0.8 0.041
0.9 0.042
1.0 0.043
1.1 0.044
1.2 0.045
1.3 0.046
1.4 0.047
1.5 0.048
1.6 0.049
1.7 0.05
1.8 0.051
1.9 0.052
2.0 0.053
2.1 0.055
2.2 0.056
2.3 0.057
2.4 0.058
2.5 0.059
2.6 0.061
2.7 0.062
2.8 0.063
2.9 0.065
3.0 0.066
3.1 0.067
3.2 0.069
3.3 0.07
3.4 0.072
3.5 0.073
3.6 0.075
3.7 0.076
3.8 0.078
3.9 0.079
4.0 0.081
4.1 0.083
4.2 0.085
4.3 0.086
4.4 0.088
4.5 0.09
4.6 0.092
4.7 0.094
4.8 0.096
4.9 0.098
5.0 0.1
5.1 0.102
5.2 0.104
5.3 0.106
5.4 0.108
5.5 0.11
5.6 0.112
5.7 0.115
5.8 0.117
5.9 0.119
6.0 0.122
6.1 0.124
6.2 0.127
6.3 0.129
6.4 0.132
6.5 0.134
6.6 0.137
6.7 0.14
6.8 0.143
6.9 0.145
7.0 0.148
7.1 0.151
7.2 0.154
7.3 0.157
7.4 0.16
7.5 0.163
7.6 0.166
7.7 0.17
7.8 0.173
7.9 0.176
8.0 0.18
8.1 0.183
8.2 0.187
8.3 0.19
8.4 0.194
8.5 0.197
8.6 0.201
8.7 0.205
8.8 0.209
8.9 0.213
9.0 0.217
9.1 0.221
9.2 0.225
9.3 0.229
9.4 0.233
9.5 0.237
9.6 0.241
9.7 0.246
9.8 0.25
9.9 0.255
10.0 0.259
10.1 0.264
10.2 0.269
10.3 0.273
10.4 0.278
10.5 0.283
10.6 0.288
10.7 0.293
10.8 0.298
10.9 0.303
11.0 0.309
11.1 0.314
11.2 0.319
11.3 0.325
11.4 0.33
11.5 0.336
11.6 0.341
11.7 0.347
11.8 0.353
11.9 0.358
12.0 0.364
12.1 0.37
12.2 0.376
12.3 0.382
12.4 0.388
12.5 0.395
12.6 0.401
12.7 0.407
12.8 0.414
12.9 0.42
13.0 0.427
13.1 0.433
13.2 0.44
13.3 0.447
13.4 0.453
13.5 0.46
13.6 0.467
13.7 0.474
13.8 0.481
13.9 0.488
14.0 0.495
14.1 0.503
14.2 0.51
14.3 0.517
14.4 0.525
14.5 0.532
14.6 0.54
14.7 0.547
14.8 0.555
14.9 0.562
15.0 0.57
15.1 0.578
15.2 0.586
15.3 0.594
15.4 0.602
15.5 0.61
15.6 0.618
15.7 0.626
15.8 0.634
15.9 0.642
16.0 0.65
16.1 0.659
16.2 0.667
16.3 0.675
16.4 0.684
16.5 0.692
16.6 0.701
16.7 0.709
16.8 0.718
16.9 0.726
17.0 0.735
17.1 0.744
17.2 0.752
17.3 0.761
17.4 0.77
17.5 0.779
17.6 0.787
17.7 0.796
17.8 0.805
17.9 0.814
18.0 0.823
18.1 0.832
18.2 0.841
18.3 0.85
18.4 0.859
18.5 0.868
18.6 0.877
18.7 0.886
18.8 0.895
18.9 0.904
19.0 0.913
19.1 0.923
19.2 0.932
19.3 0.941
19.4 0.95
19.5 0.959
19.6 0.968
19.7 0.978
19.8 0.987
19.9 0.996
20.0 1.005
20.1 1.014
20.2 1.023
20.3 1.033
20.4 1.042
20.5 1.051
20.6 1.06
20.7 1.069
20.8 1.079
20.9 1.088
21.0 1.097
21.1 1.106
21.2 1.115
21.3 1.124
21.4 1.134
21.5 1.143
21.6 1.152
21.7 1.161
21.8 1.17
21.9 1.179
22.0 1.188
22.1 1.197
22.2 1.206
22.3 1.215
22.4 1.224
22.5 1.233
22.6 1.242
22.7 1.251
22.8 1.259
22.9 1.268
23.0 1.277
23.1 1.286
23.2 1.294
23.3 1.303
23.4 1.312
23.5 1.321
23.6 1.329
23.7 1.338
23.8 1.346
23.9 1.355
24.0 1.363
24.1 1.372
24.2 1.38
24.3 1.389
24.4 1.397
24.5 1.405
24.6 1.414
24.7 1.422
24.8 1.43
24.9 1.438
25.0 1.446
25.1 1.454
25.2 1.463
25.3 1.471
25.4 1.478
25.5 1.486
25.6 1.494
25.7 1.502
25.8 1.51
25.9 1.518
26.0 1.525
26.1 1.533
26.2 1.541
26.3 1.548
26.4 1.556
26.5 1.563
26.6 1.571
26.7 1.578
26.8 1.586
26.9 1.593
27.0 1.6
27.1 1.607
27.2 1.615
27.3 1.622
27.4 1.629
27.5 1.636
27.6 1.643
27.7 1.65
27.8 1.657
27.9 1.664
28.0 1.67
28.1 1.677
28.2 1.684
28.3 1.691
28.4 1.697
28.5 1.704
28.6 1.71
28.7 1.717
28.8 1.723
28.9 1.73
29.0 1.736
29.1 1.742
29.2 1.749
29.3 1.755
29.4 1.761
29.5 1.767
29.6 1.773
29.7 1.779
29.8 1.785
29.9 1.791
30.0 1.797
30.1 1.803
30.2 1.808
30.3 1.814
30.4 1.82
30.5 1.826
30.6 1.831
30.7 1.837
30.8 1.842
30.9 1.848
31.0 1.853
31.1 1.858
31.2 1.864
31.3 1.869
31.4 1.874
31.5 1.879
31.6 1.885
31.7 1.89
31.8 1.895
31.9 1.9
32.0 1.905
32.1 1.91
32.2 1.914
32.3 1.919
32.4 1.924
32.5 1.929
32.6 1.934
32.7 1.938
32.8 1.943
32.9 1.947
33.0 1.952
33.1 1.956
33.2 1.961
33.3 1.965
33.4 1.97
33.5 1.974
33.6 1.978
33.7 1.983
33.8 1.987
33.9 1.991
34.0 1.995
34.1 1.999
34.2 2.003
34.3 2.007
34.4 2.011
34.5 2.015
34.6 2.019
34.7 2.023
34.8 2.027
34.9 2.03
35.0 2.034
35.1 2.038
35.2 2.042
35.3 2.045
35.4 2.049
35.5 2.052
35.6 2.056
35.7 2.059
35.8 2.063
35.9 2.066
36.0 2.07
36.1 2.073
36.2 2.076
36.3 2.08
36.4 2.083
36.5 2.086
36.6 2.089
36.7 2.093
36.8 2.096
36.9 2.099
37.0 2.102
37.1 2.105
37.2 2.108
37.3 2.111
37.4 2.114
37.5 2.117
37.6 2.12
37.7 2.122
37.8 2.125
37.9 2.128
38.0 2.131
38.1 2.133
38.2 2.136
38.3 2.139
38.4 2.141
38.5 2.144
38.6 2.147
38.7 2.149
38.8 2.152
38.9 2.154
39.0 2.157
39.1 2.159
39.2 2.162
39.3 2.164
39.4 2.166
39.5 2.169
39.6 2.171
39.7 2.173
39.8 2.176
39.9 2.178
40.0 2.18
40.1 2.182
40.2 2.185
40.3 2.187
40.4 2.189
40.5 2.191
40.6 2.193
40.7 2.195
40.8 2.197
40.9 2.199
41.0 2.201
41.1 2.203
41.2 2.205
41.3 2.207
41.4 2.209
41.5 2.211
41.6 2.213
41.7 2.215
41.8 2.216
41.9 2.218
42.0 2.22
42.1 2.222
42.2 2.224
42.3 2.225
42.4 2.227
42.5 2.229
42.6 2.23
42.7 2.232
42.8 2.234
42.9 2.235
43.0 2.237
43.1 2.238
43.2 2.24
43.3 2.241
43.4 2.243
43.5 2.245
43.6 2.246
43.7 2.247
43.8 2.249
43.9 2.25
44.0 2.252
44.1 2.253
44.2 2.255
44.3 2.256
44.4 2.257
44.5 2.259
44.6 2.26
44.7 2.261
44.8 2.263
44.9 2.264
45.0 2.265
45.1 2.266
45.2 2.268
45.3 2.269
45.4 2.27
45.5 2.271
45.6 2.273
45.7 2.274
45.8 2.275
45.9 2.276
46.0 2.277
46.1 2.278
46.2 2.279
46.3 2.281
46.4 2.282
46.5 2.283
46.6 2.284
46.7 2.285
46.8 2.286
46.9 2.287
47.0 2.288
47.1 2.289
47.2 2.29
47.3 2.291
47.4 2.292
47.5 2.293
47.6 2.294
47.7 2.295
47.8 2.296
47.9 2.296
48.0 2.297
48.1 2.298
48.2 2.299
48.3 2.3
48.4 2.301
48.5 2.302
48.6 2.302
48.7 2.303
48.8 2.304
48.9 2.305
49.0 2.306
49.1 2.307
49.2 2.307
49.3 2.308
49.4 2.309
49.5 2.31
49.6 2.31
49.7 2.311
49.8 2.312
49.9 2.313
50.0 2.313
50.1 2.314
50.2 2.315
50.3 2.315
50.4 2.316
50.5 2.317
50.6 2.317
50.7 2.318
50.8 2.319
50.9 2.319
51.0 2.32
51.1 2.321
51.2 2.321
51.3 2.322
51.4 2.322
51.5 2.323
51.6 2.324
51.7 2.324
51.8 2.325
51.9 2.325
52.0 2.326
52.1 2.326
52.2 2.327
52.3 2.327
52.4 2.328
52.5 2.329
52.6 2.329
52.7 2.33
52.8 2.33
52.9 2.331
53.0 2.331
53.1 2.332
53.2 2.332
53.3 2.333
53.4 2.333
53.5 2.334
53.6 2.334
53.7 2.334
53.8 2.335
53.9 2.335
54.0 2.336
54.1 2.336
54.2 2.337
54.3 2.337
54.4 2.337
54.5 2.338
54.6 2.338
54.7 2.339
54.8 2.339
54.9 2.34
55.0 2.34
55.1 2.34
55.2 2.341
55.3 2.341
55.4 2.341
55.5 2.342
55.6 2.342
55.7 2.343
55.8 2.343
55.9 2.343
56.0 2.344
56.1 2.344
56.2 2.344
56.3 2.345
56.4 2.345
56.5 2.345
56.6 2.346
56.7 2.346
56.8 2.346
56.9 2.347
57.0 2.347
57.1 2.347
57.2 2.347
57.3 2.348
57.4 2.348
57.5 2.348
57.6 2.349
57.7 2.349
57.8 2.349
57.9 2.349
58.0 2.35
58.1 2.35
58.2 2.35
58.3 2.351
58.4 2.351
58.5 2.351
58.6 2.351
58.7 2.352
58.8 2.352
58.9 2.352
59.0 2.352
59.1 2.353
59.2 2.353
59.3 2.353
59.4 2.353
59.5 2.353
59.6 2.354
59.7 2.354
59.8 2.354
59.9 2.354
60.0 2.355
60.1 2.355
60.2 2.355
60.3 2.355
60.4 2.355
60.5 2.356
60.6 2.356
60.7 2.356
60.8 2.356
60.9 2.356
61.0 2.357
61.1 2.357
61.2 2.357
61.3 2.357
61.4 2.357
61.5 2.358
61.6 2.358
61.7 2.358
61.8 2.358
61.9 2.358
62.0 2.358
62.1 2.359
62.2 2.359
62.3 2.359
62.4 2.359
62.5 2.359
62.6 2.359
62.7 2.36
62.8 2.36
62.9 2.36
63.0 2.36
63.1 2.36
63.2 2.36
63.3 2.36
63.4 2.361
63.5 2.361
63.6 2.361
63.7 2.361
63.8 2.361
63.9 2.361
64.0 2.361
64.1 2.362
64.2 2.362
64.3 2.362
64.4 2.362
64.5 2.362
64.6 2.362
64.7 2.362
64.8 2.362
64.9 2.362
65.0 2.363
65.1 2.363
65.2 2.363
65.3 2.363
65.4 2.363
65.5 2.363
65.6 2.363
65.7 2.363
65.8 2.364
65.9 2.364
66.0 2.364
66.1 2.364
66.2 2.364
66.3 2.364
66.4 2.364
66.5 2.364
66.6 2.364
66.7 2.364
66.8 2.365
66.9 2.365
67.0 2.365
67.1 2.365
67.2 2.365
67.3 2.365
67.4 2.365
67.5 2.365
67.6 2.365
67.7 2.365
67.8 2.365
67.9 2.365
68.0 2.366
68.1 2.366
68.2 2.366
68.3 2.366
68.4 2.366
68.5 2.366
68.6 2.366
68.7 2.366
68.8 2.366
68.9 2.366
69.0 2.366
69.1 2.366
69.2 2.366
69.3 2.367
69.4 2.367
69.5 2.367
69.6 2.367
69.7 2.367
69.8 2.367
69.9 2.367
70.0 2.367
70.1 2.367
70.2 2.367
70.3 2.367
70.4 2.367
70.5 2.367
70.6 2.367
70.7 2.367
70.8 2.367
70.9 2.368
71.0 2.368
71.1 2.368
71.2 2.368
71.3 2.368
71.4 2.368
71.5 2.368
71.6 2.368
71.7 2.368
71.8 2.368
71.9 2.368
72.0 2.368
72.1 2.368
72.2 2.368
72.3 2.368
72.4 2.368
72.5 2.368
72.6 2.368
72.7 2.368
72.8 2.369
72.9 2.369
73.0 2.369
73.1 2.369
73.2 2.369
73.3 2.369
73.4 2.369
73.5 2.369
73.6 2.369
73.7 2.369
73.8 2.369
73.9 2.369
74.0 2.369
74.1 2.369
74.2 2.369
74.3 2.369
74.4 2.369
74.5 2.369
74.6 2.369
74.7 2.369
74.8 2.369
74.9 2.369
75.0 2.369
75.1 2.369
75.2 2.369
75.3 2.369
75.4 2.37
75.5 2.37
75.6 2.37
75.7 2.37
75.8 2.37
75.9 2.37
76.0 2.37
76.1 2.37
76.2 2.37
76.3 2.37
76.4 2.37
76.5 2.37
76.6 2.37
76.7 2.37
76.8 2.37
76.9 2.37
77.0 2.37
77.1 2.37
77.2 2.37
77.3 2.37
77.4 2.37
77.5 2.37
77.6 2.37
77.7 2.37
77.8 2.37
77.9 2.37
78.0 2.37
78.1 2.37
78.2 2.37
78.3 2.37
78.4 2.37
78.5 2.37
78.6 2.37
78.7 2.37
78.8 2.37
78.9 2.37
79.0 2.37
79.1 2.371
79.2 2.371
79.3 2.371
79.4 2.371
79.5 2.371
79.6 2.371
79.7 2.371
79.8 2.371
79.9 2.371
80.0 2.371
80.1 2.371
80.2 2.371
80.3 2.371
80.4 2.371
80.5 2.371
80.6 2.371
80.7 2.371
80.8 2.371
80.9 2.371
81.0 2.371
81.1 2.371
81.2 2.371
81.3 2.371
81.4 2.371
81.5 2.371
81.6 2.371
81.7 2.371
81.8 2.371
81.9 2.371
82.0 2.371
82.1 2.371
82.2 2.371
82.3 2.371
82.4 2.371
82.5 2.371
82.6 2.371
82.7 2.371
82.8 2.371
82.9 2.371
83.0 2.371
83.1 2.371
83.2 2.371
83.3 2.371
83.4 2.371
83.5 2.371
83.6 2.371
83.7 2.371
83.8 2.371
83.9 2.371
84.0 2.371
84.1 2.371
84.2 2.371
84.3 2.371
84.4 2.371
84.5 2.371
84.6 2.371
84.7 2.371
84.8 2.371
84.9 2.371
85.0 2.371
85.1 2.371
85.2 2.371
85.3 2.371
85.4 2.371
85.5 2.371
85.6 2.371
85.7 2.371
85.8 2.371
85.9 2.371
86.0 2.371
86.1 2.372
86.2 2.372
86.3 2.372
86.4 2.372
86.5 2.372
86.6 2.372
86.7 2.372
86.8 2.372
86.9 2.372
87.0 2.372
87.1 2.372
87.2 2.372
87.3 2.372
87.4 2.372
87.5 2.372
87.6 2.372
87.7 2.372
87.8 2.372
87.9 2.372
88.0 2.372
88.1 2.372
88.2 2.372
88.3 2.372
88.4 2.372
88.5 2.372
88.6 2.372
88.7 2.372
88.8 2.372
88.9 2.372
89.0 2.372
89.1 2.372
89.2 2.372
89.3 2.372
89.4 2.372
89.5 2.372
89.6 2.372
89.7 2.372
89.8 2.372
89.9 2.372
90.0 2.372
90.1 2.372
90.2 2.372
90.3 2.372
90.4 2.372
90.5 2.372
90.6 2.372
90.7 2.372
90.8 2.372
90.9 2.372
91.0 2.372
91.1 2.372
91.2 2.372
91.3 2.372
91.4 2.372
91.5 2.372
91.6 2.372
91.7 2.372
91.8 2.372
91.9 2.372
92.0 2.372
92.1 2.372
92.2 2.372
92.3 2.372
92.4 2.372
92.5 2.372
92.6 2.372
92.7 2.372
92.8 2.372
92.9 2.372
93.0 2.372
93.1 2.372
93.2 2.372
93.3 2.372
93.4 2.372
93.5 2.372
93.6 2.372
93.7 2.372
93.8 2.372
93.9 2.372
94.0 2.372
94.1 2.372
94.2 2.372
94.3 2.372
94.4 2.372
94.5 2.372
94.6 2.372
94.7 2.372
94.8 2.372
94.9 2.372
95.0 2.372
95.1 2.372
95.2 2.372
95.3 2.372
95.4 2.372
95.5 2.372
95.6 2.372
95.7 2.372
95.8 2.372
95.9 2.372
96.0 2.372
96.1 2.372
96.2 2.372
96.3 2.372
96.4 2.372
96.5 2.372
96.6 2.372
96.7 2.372
96.8 2.372
96.9 2.372
97.0 2.372
97.1 2.372
97.2 2.372
97.3 2.372
97.4 2.372
97.5 2.372
97.6 2.372
97.7 2.372
97.8 2.372
97.9 2.372
98.0 2.372
98.1 2.372
98.2 2.372
98.3 2.372
98.4 2.372
98.5 2.372
98.6 2.372
98.7 2.372
98.8 2.372
98.9 2.372
99.0 2.372
99.1 2.372
99.2 2.372
99.3 2.372
99.4 2.372
99.5 2.372
99.6 2.372
99.7 2.372
99.8 2.372
99.9 2.372
