DOESN'T SHOW AUTOCATALYSIS 
DOESN'T SHOW AUTOCATALYSIS 

0 0 0
0 0 -1
0 0 0
0 1 -1
1 0 0
-1 -1 1

 
1 0 0 0 0
0 -1 0 0 -1
-1 0 0 0 0
0 0 0 1 -1
0 0 1 0 0
0 0 -1 -1 1

INVADERS DIDN'T GROWSHOWS AUTOCATALYSIS 

0 0 0
0 0 0
0 0 0
-1 1 -2
0 -1 1
2 0 1

 
1 0 0 0 0
0 -1 0 0 0
-1 0 0 0 0
0 0 -1 1 -2
0 0 0 -1 1
0 0 2 0 1

INVADERS DIDN'T GROWSHOWS AUTOCATALYSIS 

0 0 0
0 0 0
0 0 0
2 0 1
0 1 -1
-1 -1 -1

 
1 0 0 0 0
0 -1 0 0 0
-1 0 0 0 0
0 0 2 0 1
0 0 0 1 -1
0 0 -1 -1 -1

INVADERS GREWSHOWS AUTOCATALYSIS 

-1 0 0
0 0 0
0 0 0
0 0 0
0 0 -1
0 0 0
0 0 0
2 -1 -1
-1 1 2

 
1 0 0 0 0 -1 0 0
0 -1 0 0 0 0 0 0
-1 0 0 0 0 0 0 0
0 0 2 0 1 0 0 0
0 0 0 1 -1 0 0 -1
0 0 -1 -1 -1 0 0 0
0 0 0 0 0 0 0 0
0 0 0 0 0 2 -1 -1
0 0 0 0 0 -1 1 2

INVADERS GREWSHOWS AUTOCATALYSIS 

0 0 0
0 0 0
0 0 0
0 0 0
0 0 0
0 0 0
0 0 0
0 0 0
0 0 0
-1 1 -1
1 1 -1
0 -1 2

 
1 0 0 0 0 -1 0 0 0 0 0
0 -1 0 0 0 0 0 0 0 0 0
-1 0 0 0 0 0 0 0 0 0 0
0 0 2 0 1 0 0 0 0 0 0
0 0 0 1 -1 0 0 -1 0 0 0
0 0 -1 -1 -1 0 0 0 0 0 0
0 0 0 0 0 0 0 0 0 0 0
0 0 0 0 0 2 -1 -1 0 0 0
0 0 0 0 0 -1 1 2 0 0 0
0 0 0 0 0 0 0 0 -1 1 -1
0 0 0 0 0 0 0 0 1 1 -1
0 0 0 0 0 0 0 0 0 -1 2

INVADERS GREW