0.0 5.857 
0.1 5.857 
0.2 5.857 
0.3 5.857 
0.4 5.857 
0.5 5.857 
0.6 5.857 
0.7 5.857 
0.8 5.857 
0.9 5.857 
1.0 5.857 
1.1 5.857 
1.2 5.857 
1.3 5.857 
1.4 5.857 
1.5 5.857 
1.6 5.857 
1.7 5.857 
1.8 5.857 
1.9 5.857 
2.0 5.857 
2.1 5.857 
2.2 5.857 
2.3 5.857 
2.4 5.857 
2.5 5.857 
2.6 5.857 
2.7 5.857 
2.8 5.857 
2.9 5.857 
3.0 5.857 
3.1 5.857 
3.2 5.857 
3.3 5.857 
3.4 5.857 
3.5 5.857 
3.6 5.857 
3.7 5.857 
3.8 5.857 
3.9 5.857 
4.0 5.857 
4.1 5.857 
4.2 5.857 
4.3 5.857 
4.4 5.857 
4.5 5.857 
4.6 5.857 
4.7 5.857 
4.8 5.857 
4.9 5.857 
5.0 5.857 
5.1 5.857 
5.2 5.857 
5.3 5.857 
5.4 5.857 
5.5 5.857 
5.6 5.857 
5.7 5.857 
5.8 5.857 
5.9 5.857 
6.0 5.857 
6.1 5.857 
6.2 5.857 
6.3 5.857 
6.4 5.857 
6.5 5.857 
6.6 5.857 
6.7 5.857 
6.8 5.857 
6.9 5.857 
7.0 5.857 
7.1 5.857 
7.2 5.857 
7.3 5.857 
7.4 5.857 
7.5 5.857 
7.6 5.857 
7.7 5.857 
7.8 5.857 
7.9 5.857 
8.0 5.857 
8.1 5.857 
8.2 5.857 
8.3 5.857 
8.4 5.857 
8.5 5.857 
8.6 5.857 
8.7 5.857 
8.8 5.857 
8.9 5.857 
9.0 5.857 
9.1 5.857 
9.2 5.857 
9.3 5.857 
9.4 5.857 
9.5 5.857 
9.6 5.857 
9.7 5.857 
9.8 5.857 
9.9 5.857 
10.0 5.857 
10.1 5.857 
10.2 5.857 
10.3 5.857 
10.4 5.857 
10.5 5.857 
10.6 5.857 
10.7 5.857 
10.8 5.857 
10.9 5.857 
11.0 5.857 
11.1 5.857 
11.2 5.857 
11.3 5.857 
11.4 5.857 
11.5 5.857 
11.6 5.857 
11.7 5.857 
11.8 5.857 
11.9 5.857 
12.0 5.857 
12.1 5.857 
12.2 5.857 
12.3 5.857 
12.4 5.857 
12.5 5.857 
12.6 5.857 
12.7 5.857 
12.8 5.857 
12.9 5.857 
13.0 5.857 
13.1 5.857 
13.2 5.857 
13.3 5.857 
13.4 5.857 
13.5 5.857 
13.6 5.857 
13.7 5.857 
13.8 5.857 
13.9 5.857 
14.0 5.857 
14.1 5.857 
14.2 5.857 
14.3 5.857 
14.4 5.857 
14.5 5.857 
14.6 5.857 
14.7 5.857 
14.8 5.857 
14.9 5.857 
15.0 5.857 
15.1 5.857 
15.2 5.857 
15.3 5.857 
15.4 5.857 
15.5 5.857 
15.6 5.857 
15.7 5.857 
15.8 5.857 
15.9 5.857 
16.0 5.857 
16.1 5.857 
16.2 5.857 
16.3 5.857 
16.4 5.857 
16.5 5.857 
16.6 5.857 
16.7 5.857 
16.8 5.857 
16.9 5.857 
17.0 5.857 
17.1 5.857 
17.2 5.857 
17.3 5.857 
17.4 5.857 
17.5 5.857 
17.6 5.857 
17.7 5.857 
17.8 5.857 
17.9 5.857 
18.0 5.857 
18.1 5.857 
18.2 5.857 
18.3 5.857 
18.4 5.857 
18.5 5.857 
18.6 5.857 
18.7 5.857 
18.8 5.857 
18.9 5.857 
19.0 5.857 
19.1 5.857 
19.2 5.857 
19.3 5.857 
19.4 5.857 
19.5 5.857 
19.6 5.857 
19.7 5.857 
19.8 5.857 
19.9 5.857 
20.0 5.857 
20.1 5.857 
20.2 5.857 
20.3 5.857 
20.4 5.857 
20.5 5.857 
20.6 5.857 
20.7 5.857 
20.8 5.857 
20.9 5.857 
21.0 5.857 
21.1 5.857 
21.2 5.857 
21.3 5.857 
21.4 5.857 
21.5 5.857 
21.6 5.857 
21.7 5.857 
21.8 5.857 
21.9 5.857 
22.0 5.857 
22.1 5.857 
22.2 5.857 
22.3 5.857 
22.4 5.857 
22.5 5.857 
22.6 5.857 
22.7 5.857 
22.8 5.857 
22.9 5.857 
23.0 5.857 
23.1 5.857 
23.2 5.857 
23.3 5.857 
23.4 5.857 
23.5 5.857 
23.6 5.857 
23.7 5.857 
23.8 5.857 
23.9 5.857 
24.0 5.857 
24.1 5.857 
24.2 5.857 
24.3 5.857 
24.4 5.857 
24.5 5.857 
24.6 5.857 
24.7 5.857 
24.8 5.857 
24.9 5.857 
25.0 5.857 
25.1 5.857 
25.2 5.857 
25.3 5.857 
25.4 5.857 
25.5 5.857 
25.6 5.857 
25.7 5.857 
25.8 5.857 
25.9 5.857 
26.0 5.857 
26.1 5.857 
26.2 5.857 
26.3 5.857 
26.4 5.857 
26.5 5.857 
26.6 5.857 
26.7 5.857 
26.8 5.857 
26.9 5.857 
27.0 5.857 
27.1 5.857 
27.2 5.857 
27.3 5.857 
27.4 5.857 
27.5 5.857 
27.6 5.857 
27.7 5.857 
27.8 5.857 
27.9 5.857 
28.0 5.857 
28.1 5.857 
28.2 5.857 
28.3 5.857 
28.4 5.857 
28.5 5.857 
28.6 5.857 
28.7 5.857 
28.8 5.857 
28.9 5.857 
29.0 5.857 
29.1 5.857 
29.2 5.857 
29.3 5.857 
29.4 5.857 
29.5 5.857 
29.6 5.857 
29.7 5.857 
29.8 5.857 
29.9 5.857 
30.0 5.857 
30.1 5.857 
30.2 5.857 
30.3 5.857 
30.4 5.857 
30.5 5.857 
30.6 5.857 
30.7 5.857 
30.8 5.857 
30.9 5.857 
31.0 5.857 
31.1 5.857 
31.2 5.857 
31.3 5.857 
31.4 5.857 
31.5 5.857 
31.6 5.857 
31.7 5.857 
31.8 5.857 
31.9 5.857 
32.0 5.857 
32.1 5.857 
32.2 5.857 
32.3 5.857 
32.4 5.857 
32.5 5.857 
32.6 5.857 
32.7 5.857 
32.8 5.857 
32.9 5.857 
33.0 5.857 
33.1 5.857 
33.2 5.857 
33.3 5.857 
33.4 5.857 
33.5 5.857 
33.6 5.857 
33.7 5.857 
33.8 5.857 
33.9 5.857 
34.0 5.857 
34.1 5.857 
34.2 5.857 
34.3 5.857 
34.4 5.857 
34.5 5.857 
34.6 5.857 
34.7 5.857 
34.8 5.857 
34.9 5.857 
35.0 5.857 
35.1 5.857 
35.2 5.857 
35.3 5.857 
35.4 5.857 
35.5 5.857 
35.6 5.857 
35.7 5.857 
35.8 5.857 
35.9 5.857 
36.0 5.857 
36.1 5.857 
36.2 5.857 
36.3 5.857 
36.4 5.857 
36.5 5.857 
36.6 5.857 
36.7 5.857 
36.8 5.857 
36.9 5.857 
37.0 5.857 
37.1 5.857 
37.2 5.857 
37.3 5.857 
37.4 5.857 
37.5 5.857 
37.6 5.857 
37.7 5.857 
37.8 5.857 
37.9 5.857 
38.0 5.857 
38.1 5.857 
38.2 5.857 
38.3 5.857 
38.4 5.857 
38.5 5.857 
38.6 5.857 
38.7 5.857 
38.8 5.857 
38.9 5.857 
39.0 5.857 
39.1 5.857 
39.2 5.857 
39.3 5.857 
39.4 5.857 
39.5 5.857 
39.6 5.857 
39.7 5.857 
39.8 5.857 
39.9 5.857 
40.0 5.857 
40.1 5.857 
40.2 5.857 
40.3 5.857 
40.4 5.857 
40.5 5.857 
40.6 5.857 
40.7 5.857 
40.8 5.857 
40.9 5.857 
41.0 5.857 
41.1 5.857 
41.2 5.857 
41.3 5.857 
41.4 5.857 
41.5 5.857 
41.6 5.857 
41.7 5.857 
41.8 5.857 
41.9 5.857 
42.0 5.857 
42.1 5.857 
42.2 5.857 
42.3 5.857 
42.4 5.857 
42.5 5.857 
42.6 5.857 
42.7 5.857 
42.8 5.857 
42.9 5.857 
43.0 5.857 
43.1 5.857 
43.2 5.857 
43.3 5.857 
43.4 5.857 
43.5 5.857 
43.6 5.857 
43.7 5.857 
43.8 5.857 
43.9 5.857 
44.0 5.857 
44.1 5.857 
44.2 5.857 
44.3 5.857 
44.4 5.857 
44.5 5.857 
44.6 5.857 
44.7 5.857 
44.8 5.857 
44.9 5.857 
45.0 5.857 
45.1 5.857 
45.2 5.857 
45.3 5.857 
45.4 5.857 
45.5 5.857 
45.6 5.857 
45.7 5.857 
45.8 5.857 
45.9 5.857 
46.0 5.857 
46.1 5.857 
46.2 5.857 
46.3 5.857 
46.4 5.857 
46.5 5.857 
46.6 5.857 
46.7 5.857 
46.8 5.857 
46.9 5.857 
47.0 5.857 
47.1 5.857 
47.2 5.857 
47.3 5.857 
47.4 5.857 
47.5 5.857 
47.6 5.857 
47.7 5.857 
47.8 5.857 
47.9 5.857 
48.0 5.857 
48.1 5.857 
48.2 5.857 
48.3 5.857 
48.4 5.857 
48.5 5.857 
48.6 5.857 
48.7 5.857 
48.8 5.857 
48.9 5.857 
49.0 5.857 
49.1 5.857 
49.2 5.857 
49.3 5.857 
49.4 5.857 
49.5 5.857 
49.6 5.857 
49.7 5.857 
49.8 5.857 
49.9 5.857 
50.0 5.857 
50.1 5.857 
50.2 5.857 
50.3 5.857 
50.4 5.857 
50.5 5.857 
50.6 5.857 
50.7 5.857 
50.8 5.857 
50.9 5.857 
51.0 5.857 
51.1 5.857 
51.2 5.857 
51.3 5.857 
51.4 5.857 
51.5 5.857 
51.6 5.857 
51.7 5.857 
51.8 5.857 
51.9 5.857 
52.0 5.857 
52.1 5.857 
52.2 5.857 
52.3 5.857 
52.4 5.857 
52.5 5.857 
52.6 5.857 
52.7 5.857 
52.8 5.857 
52.9 5.857 
53.0 5.857 
53.1 5.857 
53.2 5.857 
53.3 5.857 
53.4 5.857 
53.5 5.857 
53.6 5.857 
53.7 5.857 
53.8 5.857 
53.9 5.857 
54.0 5.857 
54.1 5.857 
54.2 5.857 
54.3 5.857 
54.4 5.857 
54.5 5.857 
54.6 5.857 
54.7 5.857 
54.8 5.857 
54.9 5.857 
55.0 5.857 
55.1 5.857 
55.2 5.857 
55.3 5.857 
55.4 5.857 
55.5 5.857 
55.6 5.857 
55.7 5.857 
55.8 5.857 
55.9 5.857 
56.0 5.857 
56.1 5.857 
56.2 5.857 
56.3 5.857 
56.4 5.857 
56.5 5.857 
56.6 5.857 
56.7 5.857 
56.8 5.857 
56.9 5.857 
57.0 5.857 
57.1 5.857 
57.2 5.857 
57.3 5.857 
57.4 5.857 
57.5 5.857 
57.6 5.857 
57.7 5.857 
57.8 5.857 
57.9 5.857 
58.0 5.857 
58.1 5.857 
58.2 5.857 
58.3 5.857 
58.4 5.857 
58.5 5.857 
58.6 5.857 
58.7 5.857 
58.8 5.857 
58.9 5.857 
59.0 5.857 
59.1 5.857 
59.2 5.857 
59.3 5.857 
59.4 5.857 
59.5 5.857 
59.6 5.857 
59.7 5.857 
59.8 5.857 
59.9 5.857 
60.0 5.857 
60.1 5.857 
60.2 5.857 
60.3 5.857 
60.4 5.857 
60.5 5.857 
60.6 5.857 
60.7 5.857 
60.8 5.857 
60.9 5.857 
61.0 5.857 
61.1 5.857 
61.2 5.857 
61.3 5.857 
61.4 5.857 
61.5 5.857 
61.6 5.857 
61.7 5.857 
61.8 5.857 
61.9 5.857 
62.0 5.857 
62.1 5.857 
62.2 5.857 
62.3 5.857 
62.4 5.857 
62.5 5.857 
62.6 5.857 
62.7 5.857 
62.8 5.857 
62.9 5.857 
63.0 5.857 
63.1 5.857 
63.2 5.857 
63.3 5.857 
63.4 5.857 
63.5 5.857 
63.6 5.857 
63.7 5.857 
63.8 5.857 
63.9 5.857 
64.0 5.857 
64.1 5.857 
64.2 5.857 
64.3 5.857 
64.4 5.857 
64.5 5.857 
64.6 5.857 
64.7 5.857 
64.8 5.857 
64.9 5.857 
65.0 5.857 
65.1 5.857 
65.2 5.857 
65.3 5.857 
65.4 5.857 
65.5 5.857 
65.6 5.857 
65.7 5.857 
65.8 5.857 
65.9 5.857 
66.0 5.857 
66.1 5.857 
66.2 5.857 
66.3 5.857 
66.4 5.857 
66.5 5.857 
66.6 5.857 
66.7 5.857 
66.8 5.857 
66.9 5.857 
67.0 5.857 
67.1 5.857 
67.2 5.857 
67.3 5.857 
67.4 5.857 
67.5 5.857 
67.6 5.857 
67.7 5.857 
67.8 5.857 
67.9 5.857 
68.0 5.857 
68.1 5.857 
68.2 5.857 
68.3 5.857 
68.4 5.857 
68.5 5.857 
68.6 5.857 
68.7 5.857 
68.8 5.857 
68.9 5.857 
69.0 5.857 
69.1 5.857 
69.2 5.857 
69.3 5.857 
69.4 5.857 
69.5 5.857 
69.6 5.857 
69.7 5.857 
69.8 5.857 
69.9 5.857 
70.0 5.857 
70.1 5.857 
70.2 5.857 
70.3 5.857 
70.4 5.857 
70.5 5.857 
70.6 5.857 
70.7 5.857 
70.8 5.857 
70.9 5.857 
71.0 5.857 
71.1 5.857 
71.2 5.857 
71.3 5.857 
71.4 5.857 
71.5 5.857 
71.6 5.857 
71.7 5.857 
71.8 5.857 
71.9 5.857 
72.0 5.857 
72.1 5.857 
72.2 5.857 
72.3 5.857 
72.4 5.857 
72.5 5.857 
72.6 5.857 
72.7 5.857 
72.8 5.857 
72.9 5.857 
73.0 5.857 
73.1 5.857 
73.2 5.857 
73.3 5.857 
73.4 5.857 
73.5 5.857 
73.6 5.857 
73.7 5.857 
73.8 5.857 
73.9 5.857 
74.0 5.857 
74.1 5.857 
74.2 5.857 
74.3 5.857 
74.4 5.857 
74.5 5.857 
74.6 5.857 
74.7 5.857 
74.8 5.857 
74.9 5.857 
75.0 5.857 
75.1 5.857 
75.2 5.857 
75.3 5.857 
75.4 5.857 
75.5 5.857 
75.6 5.857 
75.7 5.857 
75.8 5.857 
75.9 5.857 
76.0 5.857 
76.1 5.857 
76.2 5.857 
76.3 5.857 
76.4 5.857 
76.5 5.857 
76.6 5.857 
76.7 5.857 
76.8 5.857 
76.9 5.857 
77.0 5.857 
77.1 5.857 
77.2 5.857 
77.3 5.857 
77.4 5.857 
77.5 5.857 
77.6 5.857 
77.7 5.857 
77.8 5.857 
77.9 5.857 
78.0 5.857 
78.1 5.857 
78.2 5.857 
78.3 5.857 
78.4 5.857 
78.5 5.857 
78.6 5.857 
78.7 5.857 
78.8 5.857 
78.9 5.857 
79.0 5.857 
79.1 5.857 
79.2 5.857 
79.3 5.857 
79.4 5.857 
79.5 5.857 
79.6 5.857 
79.7 5.857 
79.8 5.857 
79.9 5.857 
80.0 5.857 
80.1 5.857 
80.2 5.857 
80.3 5.857 
80.4 5.857 
80.5 5.857 
80.6 5.857 
80.7 5.857 
80.8 5.857 
80.9 5.857 
81.0 5.857 
81.1 5.857 
81.2 5.857 
81.3 5.857 
81.4 5.857 
81.5 5.857 
81.6 5.857 
81.7 5.857 
81.8 5.857 
81.9 5.857 
82.0 5.857 
82.1 5.857 
82.2 5.857 
82.3 5.857 
82.4 5.857 
82.5 5.857 
82.6 5.857 
82.7 5.857 
82.8 5.857 
82.9 5.857 
83.0 5.857 
83.1 5.857 
83.2 5.857 
83.3 5.857 
83.4 5.857 
83.5 5.857 
83.6 5.857 
83.7 5.857 
83.8 5.857 
83.9 5.857 
84.0 5.857 
84.1 5.857 
84.2 5.857 
84.3 5.857 
84.4 5.857 
84.5 5.857 
84.6 5.857 
84.7 5.857 
84.8 5.857 
84.9 5.857 
85.0 5.857 
85.1 5.857 
85.2 5.857 
85.3 5.857 
85.4 5.857 
85.5 5.857 
85.6 5.857 
85.7 5.857 
85.8 5.857 
85.9 5.857 
86.0 5.857 
86.1 5.857 
86.2 5.857 
86.3 5.857 
86.4 5.857 
86.5 5.857 
86.6 5.857 
86.7 5.857 
86.8 5.857 
86.9 5.857 
87.0 5.857 
87.1 5.857 
87.2 5.857 
87.3 5.857 
87.4 5.857 
87.5 5.857 
87.6 5.857 
87.7 5.857 
87.8 5.857 
87.9 5.857 
88.0 5.857 
88.1 5.857 
88.2 5.857 
88.3 5.857 
88.4 5.857 
88.5 5.857 
88.6 5.857 
88.7 5.857 
88.8 5.857 
88.9 5.857 
89.0 5.857 
89.1 5.857 
89.2 5.857 
89.3 5.857 
89.4 5.857 
89.5 5.857 
89.6 5.857 
89.7 5.857 
89.8 5.857 
89.9 5.857 
90.0 5.857 
90.1 5.857 
90.2 5.857 
90.3 5.857 
90.4 5.857 
90.5 5.857 
90.6 5.857 
90.7 5.857 
90.8 5.857 
90.9 5.857 
91.0 5.857 
91.1 5.857 
91.2 5.857 
91.3 5.857 
91.4 5.857 
91.5 5.857 
91.6 5.857 
91.7 5.857 
91.8 5.857 
91.9 5.857 
92.0 5.857 
92.1 5.857 
92.2 5.857 
92.3 5.857 
92.4 5.857 
92.5 5.857 
92.6 5.857 
92.7 5.857 
92.8 5.857 
92.9 5.857 
93.0 5.857 
93.1 5.857 
93.2 5.857 
93.3 5.857 
93.4 5.857 
93.5 5.857 
93.6 5.857 
93.7 5.857 
93.8 5.857 
93.9 5.857 
94.0 5.857 
94.1 5.857 
94.2 5.857 
94.3 5.857 
94.4 5.857 
94.5 5.857 
94.6 5.857 
94.7 5.857 
94.8 5.857 
94.9 5.857 
95.0 5.857 
95.1 5.857 
95.2 5.857 
95.3 5.857 
95.4 5.857 
95.5 5.857 
95.6 5.857 
95.7 5.857 
95.8 5.857 
95.9 5.857 
96.0 5.857 
96.1 5.857 
96.2 5.857 
96.3 5.857 
96.4 5.857 
96.5 5.857 
96.6 5.857 
96.7 5.857 
96.8 5.857 
96.9 5.857 
97.0 5.857 
97.1 5.857 
97.2 5.857 
97.3 5.857 
97.4 5.857 
97.5 5.857 
97.6 5.857 
97.7 5.857 
97.8 5.857 
97.9 5.857 
98.0 5.857 
98.1 5.857 
98.2 5.857 
98.3 5.857 
98.4 5.857 
98.5 5.857 
98.6 5.857 
98.7 5.857 
98.8 5.857 
98.9 5.857 
99.0 5.857 
99.1 5.857 
99.2 5.857 
99.3 5.857 
99.4 5.857 
99.5 5.857 
99.6 5.857 
99.7 5.857 
99.8 5.857 
99.9 5.857 
100.0 5.857 
100.1 5.886 
100.2 5.886 
100.3 5.886 
100.4 5.886 
100.5 5.886 
100.6 5.886 
100.7 5.886 
100.8 5.886 
100.9 5.886 
101.0 5.886 
101.1 5.886 
101.2 5.886 
101.3 5.886 
101.4 5.886 
101.5 5.886 
101.6 5.886 
101.7 5.886 
101.8 5.886 
101.9 5.886 
102.0 5.886 
102.1 5.886 
102.2 5.886 
102.3 5.886 
102.4 5.886 
102.5 5.886 
102.6 5.886 
102.7 5.886 
102.8 5.886 
102.9 5.886 
103.0 5.886 
103.1 5.886 
103.2 5.886 
103.3 5.886 
103.4 5.886 
103.5 5.886 
103.6 5.886 
103.7 5.886 
103.8 5.886 
103.9 5.886 
104.0 5.886 
104.1 5.886 
104.2 5.886 
104.3 5.886 
104.4 5.886 
104.5 5.886 
104.6 5.886 
104.7 5.886 
104.8 5.886 
104.9 5.886 
105.0 5.886 
105.1 5.886 
105.2 5.886 
105.3 5.886 
105.4 5.886 
105.5 5.886 
105.6 5.886 
105.7 5.886 
105.8 5.886 
105.9 5.886 
106.0 5.886 
106.1 5.886 
106.2 5.886 
106.3 5.886 
106.4 5.886 
106.5 5.886 
106.6 5.886 
106.7 5.886 
106.8 5.886 
106.9 5.886 
107.0 5.886 
107.1 5.886 
107.2 5.886 
107.3 5.886 
107.4 5.886 
107.5 5.886 
107.6 5.886 
107.7 5.886 
107.8 5.886 
107.9 5.886 
108.0 5.886 
108.1 5.886 
108.2 5.886 
108.3 5.886 
108.4 5.886 
108.5 5.886 
108.6 5.886 
108.7 5.886 
108.8 5.886 
108.9 5.886 
109.0 5.886 
109.1 5.886 
109.2 5.886 
109.3 5.886 
109.4 5.886 
109.5 5.886 
109.6 5.886 
109.7 5.886 
109.8 5.886 
109.9 5.886 
110.0 5.886 
110.1 5.886 
110.2 5.886 
110.3 5.886 
110.4 5.886 
110.5 5.886 
110.6 5.886 
110.7 5.886 
110.8 5.886 
110.9 5.886 
111.0 5.886 
111.1 5.886 
111.2 5.886 
111.3 5.886 
111.4 5.886 
111.5 5.886 
111.6 5.886 
111.7 5.886 
111.8 5.886 
111.9 5.886 
112.0 5.886 
112.1 5.886 
112.2 5.886 
112.3 5.886 
112.4 5.886 
112.5 5.886 
112.6 5.886 
112.7 5.886 
112.8 5.886 
112.9 5.886 
113.0 5.886 
113.1 5.886 
113.2 5.886 
113.3 5.886 
113.4 5.886 
113.5 5.886 
113.6 5.886 
113.7 5.886 
113.8 5.886 
113.9 5.886 
114.0 5.886 
114.1 5.886 
114.2 5.886 
114.3 5.886 
114.4 5.886 
114.5 5.886 
114.6 5.886 
114.7 5.886 
114.8 5.886 
114.9 5.886 
115.0 5.886 
115.1 5.886 
115.2 5.886 
115.3 5.886 
115.4 5.886 
115.5 5.886 
115.6 5.886 
115.7 5.886 
115.8 5.886 
115.9 5.886 
116.0 5.886 
116.1 5.886 
116.2 5.886 
116.3 5.886 
116.4 5.886 
116.5 5.886 
116.6 5.886 
116.7 5.886 
116.8 5.886 
116.9 5.886 
117.0 5.886 
117.1 5.886 
117.2 5.886 
117.3 5.886 
117.4 5.886 
117.5 5.886 
117.6 5.886 
117.7 5.886 
117.8 5.886 
117.9 5.886 
118.0 5.886 
118.1 5.886 
118.2 5.886 
118.3 5.886 
118.4 5.886 
118.5 5.886 
118.6 5.886 
118.7 5.886 
118.8 5.886 
118.9 5.886 
119.0 5.886 
119.1 5.886 
119.2 5.886 
119.3 5.886 
119.4 5.886 
119.5 5.886 
119.6 5.886 
119.7 5.886 
119.8 5.886 
119.9 5.886 
120.0 5.886 
120.1 5.886 
120.2 5.886 
120.3 5.886 
120.4 5.886 
120.5 5.886 
120.6 5.886 
120.7 5.886 
120.8 5.886 
120.9 5.886 
121.0 5.886 
121.1 5.886 
121.2 5.886 
121.3 5.886 
121.4 5.886 
121.5 5.886 
121.6 5.886 
121.7 5.886 
121.8 5.886 
121.9 5.886 
122.0 5.886 
122.1 5.886 
122.2 5.886 
122.3 5.886 
122.4 5.886 
122.5 5.886 
122.6 5.886 
122.7 5.886 
122.8 5.886 
122.9 5.886 
123.0 5.886 
123.1 5.886 
123.2 5.886 
123.3 5.886 
123.4 5.886 
123.5 5.886 
123.6 5.886 
123.7 5.886 
123.8 5.886 
123.9 5.886 
124.0 5.886 
124.1 5.886 
124.2 5.886 
124.3 5.886 
124.4 5.886 
124.5 5.886 
124.6 5.886 
124.7 5.886 
124.8 5.886 
124.9 5.886 
125.0 5.886 
125.1 5.886 
125.2 5.886 
125.3 5.886 
125.4 5.886 
125.5 5.886 
125.6 5.886 
125.7 5.886 
125.8 5.886 
125.9 5.886 
126.0 5.886 
126.1 5.886 
126.2 5.886 
126.3 5.886 
126.4 5.886 
126.5 5.886 
126.6 5.886 
126.7 5.886 
126.8 5.886 
126.9 5.886 
127.0 5.886 
127.1 5.886 
127.2 5.886 
127.3 5.886 
127.4 5.886 
127.5 5.886 
127.6 5.886 
127.7 5.886 
127.8 5.886 
127.9 5.886 
128.0 5.886 
128.1 5.886 
128.2 5.886 
128.3 5.886 
128.4 5.886 
128.5 5.886 
128.6 5.886 
128.7 5.886 
128.8 5.886 
128.9 5.886 
129.0 5.886 
129.1 5.886 
129.2 5.886 
129.3 5.886 
129.4 5.886 
129.5 5.886 
129.6 5.886 
129.7 5.886 
129.8 5.886 
129.9 5.886 
130.0 5.886 
130.1 5.886 
130.2 5.886 
130.3 5.886 
130.4 5.886 
130.5 5.886 
130.6 5.886 
130.7 5.886 
130.8 5.886 
130.9 5.886 
131.0 5.886 
131.1 5.886 
131.2 5.886 
131.3 5.886 
131.4 5.886 
131.5 5.886 
131.6 5.886 
131.7 5.886 
131.8 5.886 
131.9 5.886 
132.0 5.886 
132.1 5.886 
132.2 5.886 
132.3 5.886 
132.4 5.886 
132.5 5.886 
132.6 5.886 
132.7 5.886 
132.8 5.886 
132.9 5.886 
133.0 5.886 
133.1 5.886 
133.2 5.886 
133.3 5.886 
133.4 5.886 
133.5 5.886 
133.6 5.886 
133.7 5.886 
133.8 5.886 
133.9 5.886 
134.0 5.886 
134.1 5.886 
134.2 5.886 
134.3 5.886 
134.4 5.886 
134.5 5.886 
134.6 5.886 
134.7 5.886 
134.8 5.886 
134.9 5.886 
135.0 5.886 
135.1 5.886 
135.2 5.886 
135.3 5.886 
135.4 5.886 
135.5 5.886 
135.6 5.886 
135.7 5.886 
135.8 5.886 
135.9 5.886 
136.0 5.886 
136.1 5.886 
136.2 5.886 
136.3 5.886 
136.4 5.886 
136.5 5.886 
136.6 5.886 
136.7 5.886 
136.8 5.886 
136.9 5.886 
137.0 5.886 
137.1 5.886 
137.2 5.886 
137.3 5.886 
137.4 5.886 
137.5 5.886 
137.6 5.886 
137.7 5.886 
137.8 5.886 
137.9 5.886 
138.0 5.886 
138.1 5.886 
138.2 5.886 
138.3 5.886 
138.4 5.886 
138.5 5.886 
138.6 5.886 
138.7 5.886 
138.8 5.886 
138.9 5.886 
139.0 5.886 
139.1 5.886 
139.2 5.886 
139.3 5.886 
139.4 5.886 
139.5 5.886 
139.6 5.886 
139.7 5.886 
139.8 5.886 
139.9 5.886 
140.0 5.886 
140.1 5.886 
140.2 5.886 
140.3 5.886 
140.4 5.886 
140.5 5.886 
140.6 5.886 
140.7 5.886 
140.8 5.886 
140.9 5.886 
141.0 5.886 
141.1 5.886 
141.2 5.886 
141.3 5.886 
141.4 5.886 
141.5 5.886 
141.6 5.886 
141.7 5.886 
141.8 5.886 
141.9 5.886 
142.0 5.886 
142.1 5.886 
142.2 5.886 
142.3 5.886 
142.4 5.886 
142.5 5.886 
142.6 5.886 
142.7 5.886 
142.8 5.886 
142.9 5.886 
143.0 5.886 
143.1 5.886 
143.2 5.886 
143.3 5.886 
143.4 5.886 
143.5 5.886 
143.6 5.886 
143.7 5.886 
143.8 5.886 
143.9 5.886 
144.0 5.886 
144.1 5.886 
144.2 5.886 
144.3 5.886 
144.4 5.886 
144.5 5.886 
144.6 5.886 
144.7 5.886 
144.8 5.886 
144.9 5.886 
145.0 5.886 
145.1 5.886 
145.2 5.886 
145.3 5.886 
145.4 5.886 
145.5 5.886 
145.6 5.886 
145.7 5.886 
145.8 5.886 
145.9 5.886 
146.0 5.886 
146.1 5.886 
146.2 5.886 
146.3 5.886 
146.4 5.886 
146.5 5.886 
146.6 5.886 
146.7 5.886 
146.8 5.886 
146.9 5.886 
147.0 5.886 
147.1 5.886 
147.2 5.886 
147.3 5.886 
147.4 5.886 
147.5 5.886 
147.6 5.886 
147.7 5.886 
147.8 5.886 
147.9 5.886 
148.0 5.886 
148.1 5.886 
148.2 5.886 
148.3 5.886 
148.4 5.886 
148.5 5.886 
148.6 5.886 
148.7 5.886 
148.8 5.886 
148.9 5.886 
149.0 5.886 
149.1 5.886 
149.2 5.886 
149.3 5.886 
149.4 5.886 
149.5 5.886 
149.6 5.886 
149.7 5.886 
149.8 5.886 
149.9 5.886 
150.0 5.886 
150.1 5.886 
150.2 5.886 
150.3 5.886 
150.4 5.886 
150.5 5.886 
150.6 5.886 
150.7 5.886 
150.8 5.886 
150.9 5.886 
151.0 5.886 
151.1 5.886 
151.2 5.886 
151.3 5.886 
151.4 5.886 
151.5 5.886 
151.6 5.886 
151.7 5.886 
151.8 5.886 
151.9 5.886 
152.0 5.886 
152.1 5.886 
152.2 5.886 
152.3 5.886 
152.4 5.886 
152.5 5.886 
152.6 5.886 
152.7 5.886 
152.8 5.886 
152.9 5.886 
153.0 5.886 
153.1 5.886 
153.2 5.886 
153.3 5.886 
153.4 5.886 
153.5 5.886 
153.6 5.886 
153.7 5.886 
153.8 5.886 
153.9 5.886 
154.0 5.886 
154.1 5.886 
154.2 5.886 
154.3 5.886 
154.4 5.886 
154.5 5.886 
154.6 5.886 
154.7 5.886 
154.8 5.886 
154.9 5.886 
155.0 5.886 
155.1 5.886 
155.2 5.886 
155.3 5.886 
155.4 5.886 
155.5 5.886 
155.6 5.886 
155.7 5.886 
155.8 5.886 
155.9 5.886 
156.0 5.886 
156.1 5.886 
156.2 5.886 
156.3 5.886 
156.4 5.886 
156.5 5.886 
156.6 5.886 
156.7 5.886 
156.8 5.886 
156.9 5.886 
157.0 5.886 
157.1 5.886 
157.2 5.886 
157.3 5.886 
157.4 5.886 
157.5 5.886 
157.6 5.886 
157.7 5.886 
157.8 5.886 
157.9 5.886 
158.0 5.886 
158.1 5.886 
158.2 5.886 
158.3 5.886 
158.4 5.886 
158.5 5.886 
158.6 5.886 
158.7 5.886 
158.8 5.886 
158.9 5.886 
159.0 5.886 
159.1 5.886 
159.2 5.886 
159.3 5.886 
159.4 5.886 
159.5 5.886 
159.6 5.886 
159.7 5.886 
159.8 5.886 
159.9 5.886 
160.0 5.886 
160.1 5.886 
160.2 5.886 
160.3 5.886 
160.4 5.886 
160.5 5.886 
160.6 5.886 
160.7 5.886 
160.8 5.886 
160.9 5.886 
161.0 5.886 
161.1 5.886 
161.2 5.886 
161.3 5.886 
161.4 5.886 
161.5 5.886 
161.6 5.886 
161.7 5.886 
161.8 5.886 
161.9 5.886 
162.0 5.886 
162.1 5.886 
162.2 5.886 
162.3 5.886 
162.4 5.886 
162.5 5.886 
162.6 5.886 
162.7 5.886 
162.8 5.886 
162.9 5.886 
163.0 5.886 
163.1 5.886 
163.2 5.886 
163.3 5.886 
163.4 5.886 
163.5 5.886 
163.6 5.886 
163.7 5.886 
163.8 5.886 
163.9 5.886 
164.0 5.886 
164.1 5.886 
164.2 5.886 
164.3 5.886 
164.4 5.886 
164.5 5.886 
164.6 5.886 
164.7 5.886 
164.8 5.886 
164.9 5.886 
165.0 5.886 
165.1 5.886 
165.2 5.886 
165.3 5.886 
165.4 5.886 
165.5 5.886 
165.6 5.886 
165.7 5.886 
165.8 5.886 
165.9 5.886 
166.0 5.886 
166.1 5.886 
166.2 5.886 
166.3 5.886 
166.4 5.886 
166.5 5.886 
166.6 5.886 
166.7 5.886 
166.8 5.886 
166.9 5.886 
167.0 5.886 
167.1 5.886 
167.2 5.886 
167.3 5.886 
167.4 5.886 
167.5 5.886 
167.6 5.886 
167.7 5.886 
167.8 5.886 
167.9 5.886 
168.0 5.886 
168.1 5.886 
168.2 5.886 
168.3 5.886 
168.4 5.886 
168.5 5.886 
168.6 5.886 
168.7 5.886 
168.8 5.886 
168.9 5.886 
169.0 5.886 
169.1 5.886 
169.2 5.886 
169.3 5.886 
169.4 5.886 
169.5 5.886 
169.6 5.886 
169.7 5.886 
169.8 5.886 
169.9 5.886 
170.0 5.886 
170.1 5.886 
170.2 5.886 
170.3 5.886 
170.4 5.886 
170.5 5.886 
170.6 5.886 
170.7 5.886 
170.8 5.886 
170.9 5.886 
171.0 5.886 
171.1 5.886 
171.2 5.886 
171.3 5.886 
171.4 5.886 
171.5 5.886 
171.6 5.886 
171.7 5.886 
171.8 5.886 
171.9 5.886 
172.0 5.886 
172.1 5.886 
172.2 5.886 
172.3 5.886 
172.4 5.886 
172.5 5.886 
172.6 5.886 
172.7 5.886 
172.8 5.886 
172.9 5.886 
173.0 5.886 
173.1 5.886 
173.2 5.886 
173.3 5.886 
173.4 5.886 
173.5 5.886 
173.6 5.886 
173.7 5.886 
173.8 5.886 
173.9 5.886 
174.0 5.886 
174.1 5.886 
174.2 5.886 
174.3 5.886 
174.4 5.886 
174.5 5.886 
174.6 5.886 
174.7 5.886 
174.8 5.886 
174.9 5.886 
175.0 5.886 
175.1 5.886 
175.2 5.886 
175.3 5.886 
175.4 5.886 
175.5 5.886 
175.6 5.886 
175.7 5.886 
175.8 5.886 
175.9 5.886 
176.0 5.886 
176.1 5.886 
176.2 5.886 
176.3 5.886 
176.4 5.886 
176.5 5.886 
176.6 5.886 
176.7 5.886 
176.8 5.886 
176.9 5.886 
177.0 5.886 
177.1 5.886 
177.2 5.886 
177.3 5.886 
177.4 5.886 
177.5 5.886 
177.6 5.886 
177.7 5.886 
177.8 5.886 
177.9 5.886 
178.0 5.886 
178.1 5.886 
178.2 5.886 
178.3 5.886 
178.4 5.886 
178.5 5.886 
178.6 5.886 
178.7 5.886 
178.8 5.886 
178.9 5.886 
179.0 5.886 
179.1 5.886 
179.2 5.886 
179.3 5.886 
179.4 5.886 
179.5 5.886 
179.6 5.886 
179.7 5.886 
179.8 5.886 
179.9 5.886 
180.0 5.886 
180.1 5.886 
180.2 5.886 
180.3 5.886 
180.4 5.886 
180.5 5.886 
180.6 5.886 
180.7 5.886 
180.8 5.886 
180.9 5.886 
181.0 5.886 
181.1 5.886 
181.2 5.886 
181.3 5.886 
181.4 5.886 
181.5 5.886 
181.6 5.886 
181.7 5.886 
181.8 5.886 
181.9 5.886 
182.0 5.886 
182.1 5.886 
182.2 5.886 
182.3 5.886 
182.4 5.886 
182.5 5.886 
182.6 5.886 
182.7 5.886 
182.8 5.886 
182.9 5.886 
183.0 5.886 
183.1 5.886 
183.2 5.886 
183.3 5.886 
183.4 5.886 
183.5 5.886 
183.6 5.886 
183.7 5.886 
183.8 5.886 
183.9 5.886 
184.0 5.886 
184.1 5.886 
184.2 5.886 
184.3 5.886 
184.4 5.886 
184.5 5.886 
184.6 5.886 
184.7 5.886 
184.8 5.886 
184.9 5.886 
185.0 5.886 
185.1 5.886 
185.2 5.886 
185.3 5.886 
185.4 5.886 
185.5 5.886 
185.6 5.886 
185.7 5.886 
185.8 5.886 
185.9 5.886 
186.0 5.886 
186.1 5.886 
186.2 5.886 
186.3 5.886 
186.4 5.886 
186.5 5.886 
186.6 5.886 
186.7 5.886 
186.8 5.886 
186.9 5.886 
187.0 5.886 
187.1 5.886 
187.2 5.886 
187.3 5.886 
187.4 5.886 
187.5 5.886 
187.6 5.886 
187.7 5.886 
187.8 5.886 
187.9 5.886 
188.0 5.886 
188.1 5.886 
188.2 5.886 
188.3 5.886 
188.4 5.886 
188.5 5.886 
188.6 5.886 
188.7 5.886 
188.8 5.886 
188.9 5.886 
189.0 5.886 
189.1 5.886 
189.2 5.886 
189.3 5.886 
189.4 5.886 
189.5 5.886 
189.6 5.886 
189.7 5.886 
189.8 5.886 
189.9 5.886 
190.0 5.886 
190.1 5.886 
190.2 5.886 
190.3 5.886 
190.4 5.886 
190.5 5.886 
190.6 5.886 
190.7 5.886 
190.8 5.886 
190.9 5.886 
191.0 5.886 
191.1 5.886 
191.2 5.886 
191.3 5.886 
191.4 5.886 
191.5 5.886 
191.6 5.886 
191.7 5.886 
191.8 5.886 
191.9 5.886 
192.0 5.886 
192.1 5.886 
192.2 5.886 
192.3 5.886 
192.4 5.886 
192.5 5.886 
192.6 5.886 
192.7 5.886 
192.8 5.886 
192.9 5.886 
193.0 5.886 
193.1 5.886 
193.2 5.886 
193.3 5.886 
193.4 5.886 
193.5 5.886 
193.6 5.886 
193.7 5.886 
193.8 5.886 
193.9 5.886 
194.0 5.886 
194.1 5.886 
194.2 5.886 
194.3 5.886 
194.4 5.886 
194.5 5.886 
194.6 5.886 
194.7 5.886 
194.8 5.886 
194.9 5.886 
195.0 5.886 
195.1 5.886 
195.2 5.886 
195.3 5.886 
195.4 5.886 
195.5 5.886 
195.6 5.886 
195.7 5.886 
195.8 5.886 
195.9 5.886 
196.0 5.886 
196.1 5.886 
196.2 5.886 
196.3 5.886 
196.4 5.886 
196.5 5.886 
196.6 5.886 
196.7 5.886 
196.8 5.886 
196.9 5.886 
197.0 5.886 
197.1 5.886 
197.2 5.886 
197.3 5.886 
197.4 5.886 
197.5 5.886 
197.6 5.886 
197.7 5.886 
197.8 5.886 
197.9 5.886 
198.0 5.886 
198.1 5.886 
198.2 5.886 
198.3 5.886 
198.4 5.886 
198.5 5.886 
198.6 5.886 
198.7 5.886 
198.8 5.886 
198.9 5.886 
199.0 5.886 
199.1 5.886 
199.2 5.886 
199.3 5.886 
199.4 5.886 
199.5 5.886 
199.6 5.886 
199.7 5.886 
199.8 5.886 
199.9 5.886 
200.0 5.886 
200.1 5.888 
200.2 5.889 
200.3 5.889 
200.4 5.89 
200.5 5.89 
200.6 5.89 
200.7 5.891 
200.8 5.891 
200.9 5.892 
201.0 5.892 
201.1 5.892 
201.2 5.892 
201.3 5.893 
201.4 5.893 
201.5 5.893 
201.6 5.893 
201.7 5.894 
201.8 5.894 
201.9 5.894 
202.0 5.894 
202.1 5.894 
202.2 5.895 
202.3 5.895 
202.4 5.895 
202.5 5.895 
202.6 5.895 
202.7 5.895 
202.8 5.895 
202.9 5.896 
203.0 5.896 
203.1 5.896 
203.2 5.896 
203.3 5.896 
203.4 5.896 
203.5 5.896 
203.6 5.896 
203.7 5.896 
203.8 5.897 
203.9 5.897 
204.0 5.897 
204.1 5.897 
204.2 5.897 
204.3 5.897 
204.4 5.897 
204.5 5.897 
204.6 5.897 
204.7 5.897 
204.8 5.897 
204.9 5.897 
205.0 5.897 
205.1 5.897 
205.2 5.897 
205.3 5.897 
205.4 5.897 
205.5 5.897 
205.6 5.897 
205.7 5.898 
205.8 5.898 
205.9 5.898 
206.0 5.898 
206.1 5.898 
206.2 5.898 
206.3 5.898 
206.4 5.898 
206.5 5.898 
206.6 5.898 
206.7 5.898 
206.8 5.898 
206.9 5.898 
207.0 5.898 
207.1 5.898 
207.2 5.898 
207.3 5.898 
207.4 5.898 
207.5 5.898 
207.6 5.898 
207.7 5.898 
207.8 5.898 
207.9 5.898 
208.0 5.898 
208.1 5.898 
208.2 5.898 
208.3 5.898 
208.4 5.898 
208.5 5.898 
208.6 5.898 
208.7 5.898 
208.8 5.898 
208.9 5.898 
209.0 5.898 
209.1 5.898 
209.2 5.898 
209.3 5.898 
209.4 5.898 
209.5 5.898 
209.6 5.898 
209.7 5.898 
209.8 5.898 
209.9 5.898 
210.0 5.898 
210.1 5.898 
210.2 5.899 
210.3 5.899 
210.4 5.899 
210.5 5.899 
210.6 5.899 
210.7 5.899 
210.8 5.899 
210.9 5.899 
211.0 5.899 
211.1 5.899 
211.2 5.899 
211.3 5.899 
211.4 5.899 
211.5 5.899 
211.6 5.899 
211.7 5.899 
211.8 5.899 
211.9 5.899 
212.0 5.899 
212.1 5.899 
212.2 5.899 
212.3 5.899 
212.4 5.899 
212.5 5.899 
212.6 5.899 
212.7 5.899 
212.8 5.899 
212.9 5.899 
213.0 5.899 
213.1 5.899 
213.2 5.899 
213.3 5.899 
213.4 5.899 
213.5 5.899 
213.6 5.899 
213.7 5.899 
213.8 5.899 
213.9 5.899 
214.0 5.899 
214.1 5.899 
214.2 5.899 
214.3 5.899 
214.4 5.899 
214.5 5.899 
214.6 5.899 
214.7 5.899 
214.8 5.899 
214.9 5.899 
215.0 5.899 
215.1 5.899 
215.2 5.899 
215.3 5.899 
215.4 5.899 
215.5 5.899 
215.6 5.899 
215.7 5.899 
215.8 5.899 
215.9 5.899 
216.0 5.899 
216.1 5.899 
216.2 5.899 
216.3 5.899 
216.4 5.899 
216.5 5.899 
216.6 5.899 
216.7 5.899 
216.8 5.899 
216.9 5.899 
217.0 5.899 
217.1 5.899 
217.2 5.9 
217.3 5.9 
217.4 5.9 
217.5 5.9 
217.6 5.9 
217.7 5.9 
217.8 5.9 
217.9 5.9 
218.0 5.9 
218.1 5.9 
218.2 5.9 
218.3 5.9 
218.4 5.9 
218.5 5.9 
218.6 5.9 
218.7 5.9 
218.8 5.9 
218.9 5.9 
219.0 5.9 
219.1 5.9 
219.2 5.9 
219.3 5.9 
219.4 5.9 
219.5 5.9 
219.6 5.9 
219.7 5.9 
219.8 5.9 
219.9 5.9 
220.0 5.9 
220.1 5.9 
220.2 5.9 
220.3 5.9 
220.4 5.9 
220.5 5.9 
220.6 5.9 
220.7 5.9 
220.8 5.9 
220.9 5.9 
221.0 5.9 
221.1 5.9 
221.2 5.9 
221.3 5.9 
221.4 5.9 
221.5 5.9 
221.6 5.9 
221.7 5.9 
221.8 5.9 
221.9 5.9 
222.0 5.9 
222.1 5.9 
222.2 5.9 
222.3 5.9 
222.4 5.9 
222.5 5.9 
222.6 5.9 
222.7 5.9 
222.8 5.9 
222.9 5.9 
223.0 5.9 
223.1 5.9 
223.2 5.9 
223.3 5.9 
223.4 5.9 
223.5 5.9 
223.6 5.9 
223.7 5.9 
223.8 5.9 
223.9 5.9 
224.0 5.901 
224.1 5.901 
224.2 5.901 
224.3 5.901 
224.4 5.901 
224.5 5.901 
224.6 5.901 
224.7 5.901 
224.8 5.901 
224.9 5.901 
225.0 5.901 
225.1 5.901 
225.2 5.901 
225.3 5.901 
225.4 5.901 
225.5 5.901 
225.6 5.901 
225.7 5.901 
225.8 5.901 
225.9 5.901 
226.0 5.901 
226.1 5.901 
226.2 5.901 
226.3 5.901 
226.4 5.901 
226.5 5.901 
226.6 5.901 
226.7 5.901 
226.8 5.901 
226.9 5.901 
227.0 5.901 
227.1 5.901 
227.2 5.901 
227.3 5.901 
227.4 5.901 
227.5 5.901 
227.6 5.901 
227.7 5.901 
227.8 5.901 
227.9 5.901 
228.0 5.901 
228.1 5.901 
228.2 5.901 
228.3 5.901 
228.4 5.901 
228.5 5.901 
228.6 5.901 
228.7 5.901 
228.8 5.901 
228.9 5.901 
229.0 5.901 
229.1 5.901 
229.2 5.901 
229.3 5.901 
229.4 5.901 
229.5 5.901 
229.6 5.901 
229.7 5.901 
229.8 5.901 
229.9 5.901 
230.0 5.901 
230.1 5.901 
230.2 5.901 
230.3 5.901 
230.4 5.901 
230.5 5.902 
230.6 5.902 
230.7 5.902 
230.8 5.902 
230.9 5.902 
231.0 5.902 
231.1 5.902 
231.2 5.902 
231.3 5.902 
231.4 5.902 
231.5 5.902 
231.6 5.902 
231.7 5.902 
231.8 5.902 
231.9 5.902 
232.0 5.902 
232.1 5.902 
232.2 5.902 
232.3 5.902 
232.4 5.902 
232.5 5.902 
232.6 5.902 
232.7 5.902 
232.8 5.902 
232.9 5.902 
233.0 5.902 
233.1 5.902 
233.2 5.902 
233.3 5.902 
233.4 5.902 
233.5 5.902 
233.6 5.902 
233.7 5.902 
233.8 5.902 
233.9 5.902 
234.0 5.902 
234.1 5.902 
234.2 5.902 
234.3 5.902 
234.4 5.902 
234.5 5.902 
234.6 5.902 
234.7 5.902 
234.8 5.902 
234.9 5.902 
235.0 5.902 
235.1 5.902 
235.2 5.902 
235.3 5.902 
235.4 5.902 
235.5 5.902 
235.6 5.902 
235.7 5.902 
235.8 5.902 
235.9 5.902 
236.0 5.902 
236.1 5.902 
236.2 5.902 
236.3 5.902 
236.4 5.902 
236.5 5.902 
236.6 5.902 
236.7 5.903 
236.8 5.903 
236.9 5.903 
237.0 5.903 
237.1 5.903 
237.2 5.903 
237.3 5.903 
237.4 5.903 
237.5 5.903 
237.6 5.903 
237.7 5.903 
237.8 5.903 
237.9 5.903 
238.0 5.903 
238.1 5.903 
238.2 5.903 
238.3 5.903 
238.4 5.903 
238.5 5.903 
238.6 5.903 
238.7 5.903 
238.8 5.903 
238.9 5.903 
239.0 5.903 
239.1 5.903 
239.2 5.903 
239.3 5.903 
239.4 5.903 
239.5 5.903 
239.6 5.903 
239.7 5.903 
239.8 5.903 
239.9 5.903 
240.0 5.903 
240.1 5.903 
240.2 5.903 
240.3 5.903 
240.4 5.903 
240.5 5.903 
240.6 5.903 
240.7 5.903 
240.8 5.903 
240.9 5.903 
241.0 5.903 
241.1 5.903 
241.2 5.903 
241.3 5.903 
241.4 5.903 
241.5 5.903 
241.6 5.903 
241.7 5.903 
241.8 5.903 
241.9 5.903 
242.0 5.903 
242.1 5.903 
242.2 5.903 
242.3 5.903 
242.4 5.903 
242.5 5.903 
242.6 5.904 
242.7 5.904 
242.8 5.904 
242.9 5.904 
243.0 5.904 
243.1 5.904 
243.2 5.904 
243.3 5.904 
243.4 5.904 
243.5 5.904 
243.6 5.904 
243.7 5.904 
243.8 5.904 
243.9 5.904 
244.0 5.904 
244.1 5.904 
244.2 5.904 
244.3 5.904 
244.4 5.904 
244.5 5.904 
244.6 5.904 
244.7 5.904 
244.8 5.904 
244.9 5.904 
245.0 5.904 
245.1 5.904 
245.2 5.904 
245.3 5.904 
245.4 5.904 
245.5 5.904 
245.6 5.904 
245.7 5.904 
245.8 5.904 
245.9 5.904 
246.0 5.904 
246.1 5.904 
246.2 5.904 
246.3 5.904 
246.4 5.904 
246.5 5.904 
246.6 5.904 
246.7 5.904 
246.8 5.904 
246.9 5.904 
247.0 5.904 
247.1 5.904 
247.2 5.904 
247.3 5.904 
247.4 5.904 
247.5 5.904 
247.6 5.904 
247.7 5.904 
247.8 5.904 
247.9 5.904 
248.0 5.904 
248.1 5.904 
248.2 5.905 
248.3 5.905 
248.4 5.905 
248.5 5.905 
248.6 5.905 
248.7 5.905 
248.8 5.905 
248.9 5.905 
249.0 5.905 
249.1 5.905 
249.2 5.905 
249.3 5.905 
249.4 5.905 
249.5 5.905 
249.6 5.905 
249.7 5.905 
249.8 5.905 
249.9 5.905 
250.0 5.905 
250.1 5.905 
250.2 5.905 
250.3 5.905 
250.4 5.905 
250.5 5.905 
250.6 5.905 
250.7 5.905 
250.8 5.905 
250.9 5.905 
251.0 5.905 
251.1 5.905 
251.2 5.905 
251.3 5.905 
251.4 5.905 
251.5 5.905 
251.6 5.905 
251.7 5.905 
251.8 5.905 
251.9 5.905 
252.0 5.905 
252.1 5.905 
252.2 5.905 
252.3 5.905 
252.4 5.905 
252.5 5.905 
252.6 5.905 
252.7 5.905 
252.8 5.905 
252.9 5.905 
253.0 5.905 
253.1 5.905 
253.2 5.905 
253.3 5.905 
253.4 5.905 
253.5 5.905 
253.6 5.906 
253.7 5.906 
253.8 5.906 
253.9 5.906 
254.0 5.906 
254.1 5.906 
254.2 5.906 
254.3 5.906 
254.4 5.906 
254.5 5.906 
254.6 5.906 
254.7 5.906 
254.8 5.906 
254.9 5.906 
255.0 5.906 
255.1 5.906 
255.2 5.906 
255.3 5.906 
255.4 5.906 
255.5 5.906 
255.6 5.906 
255.7 5.906 
255.8 5.906 
255.9 5.906 
256.0 5.906 
256.1 5.906 
256.2 5.906 
256.3 5.906 
256.4 5.906 
256.5 5.906 
256.6 5.906 
256.7 5.906 
256.8 5.906 
256.9 5.906 
257.0 5.906 
257.1 5.906 
257.2 5.906 
257.3 5.906 
257.4 5.906 
257.5 5.906 
257.6 5.906 
257.7 5.906 
257.8 5.906 
257.9 5.906 
258.0 5.906 
258.1 5.906 
258.2 5.906 
258.3 5.906 
258.4 5.906 
258.5 5.906 
258.6 5.906 
258.7 5.906 
258.8 5.907 
258.9 5.907 
259.0 5.907 
259.1 5.907 
259.2 5.907 
259.3 5.907 
259.4 5.907 
259.5 5.907 
259.6 5.907 
259.7 5.907 
259.8 5.907 
259.9 5.907 
260.0 5.907 
260.1 5.907 
260.2 5.907 
260.3 5.907 
260.4 5.907 
260.5 5.907 
260.6 5.907 
260.7 5.907 
260.8 5.907 
260.9 5.907 
261.0 5.907 
261.1 5.907 
261.2 5.907 
261.3 5.907 
261.4 5.907 
261.5 5.907 
261.6 5.907 
261.7 5.907 
261.8 5.907 
261.9 5.907 
262.0 5.907 
262.1 5.907 
262.2 5.907 
262.3 5.907 
262.4 5.907 
262.5 5.907 
262.6 5.907 
262.7 5.907 
262.8 5.907 
262.9 5.907 
263.0 5.907 
263.1 5.907 
263.2 5.907 
263.3 5.907 
263.4 5.907 
263.5 5.907 
263.6 5.907 
263.7 5.908 
263.8 5.908 
263.9 5.908 
264.0 5.908 
264.1 5.908 
264.2 5.908 
264.3 5.908 
264.4 5.908 
264.5 5.908 
264.6 5.908 
264.7 5.908 
264.8 5.908 
264.9 5.908 
265.0 5.908 
265.1 5.908 
265.2 5.908 
265.3 5.908 
265.4 5.908 
265.5 5.908 
265.6 5.908 
265.7 5.908 
265.8 5.908 
265.9 5.908 
266.0 5.908 
266.1 5.908 
266.2 5.908 
266.3 5.908 
266.4 5.908 
266.5 5.908 
266.6 5.908 
266.7 5.908 
266.8 5.908 
266.9 5.908 
267.0 5.908 
267.1 5.908 
267.2 5.908 
267.3 5.908 
267.4 5.908 
267.5 5.908 
267.6 5.908 
267.7 5.908 
267.8 5.908 
267.9 5.908 
268.0 5.908 
268.1 5.908 
268.2 5.908 
268.3 5.908 
268.4 5.909 
268.5 5.909 
268.6 5.909 
268.7 5.909 
268.8 5.909 
268.9 5.909 
269.0 5.909 
269.1 5.909 
269.2 5.909 
269.3 5.909 
269.4 5.909 
269.5 5.909 
269.6 5.909 
269.7 5.909 
269.8 5.909 
269.9 5.909 
270.0 5.909 
270.1 5.909 
270.2 5.909 
270.3 5.909 
270.4 5.909 
270.5 5.909 
270.6 5.909 
270.7 5.909 
270.8 5.909 
270.9 5.909 
271.0 5.909 
271.1 5.909 
271.2 5.909 
271.3 5.909 
271.4 5.909 
271.5 5.909 
271.6 5.909 
271.7 5.909 
271.8 5.909 
271.9 5.909 
272.0 5.909 
272.1 5.909 
272.2 5.909 
272.3 5.909 
272.4 5.909 
272.5 5.909 
272.6 5.909 
272.7 5.909 
272.8 5.909 
272.9 5.91 
273.0 5.91 
273.1 5.91 
273.2 5.91 
273.3 5.91 
273.4 5.91 
273.5 5.91 
273.6 5.91 
273.7 5.91 
273.8 5.91 
273.9 5.91 
274.0 5.91 
274.1 5.91 
274.2 5.91 
274.3 5.91 
274.4 5.91 
274.5 5.91 
274.6 5.91 
274.7 5.91 
274.8 5.91 
274.9 5.91 
275.0 5.91 
275.1 5.91 
275.2 5.91 
275.3 5.91 
275.4 5.91 
275.5 5.91 
275.6 5.91 
275.7 5.91 
275.8 5.91 
275.9 5.91 
276.0 5.91 
276.1 5.91 
276.2 5.91 
276.3 5.91 
276.4 5.91 
276.5 5.91 
276.6 5.91 
276.7 5.91 
276.8 5.91 
276.9 5.91 
277.0 5.91 
277.1 5.91 
277.2 5.91 
277.3 5.911 
277.4 5.911 
277.5 5.911 
277.6 5.911 
277.7 5.911 
277.8 5.911 
277.9 5.911 
278.0 5.911 
278.1 5.911 
278.2 5.911 
278.3 5.911 
278.4 5.911 
278.5 5.911 
278.6 5.911 
278.7 5.911 
278.8 5.911 
278.9 5.911 
279.0 5.911 
279.1 5.911 
279.2 5.911 
279.3 5.911 
279.4 5.911 
279.5 5.911 
279.6 5.911 
279.7 5.911 
279.8 5.911 
279.9 5.911 
280.0 5.911 
280.1 5.911 
280.2 5.911 
280.3 5.911 
280.4 5.911 
280.5 5.911 
280.6 5.911 
280.7 5.911 
280.8 5.911 
280.9 5.911 
281.0 5.911 
281.1 5.911 
281.2 5.911 
281.3 5.911 
281.4 5.912 
281.5 5.912 
281.6 5.912 
281.7 5.912 
281.8 5.912 
281.9 5.912 
282.0 5.912 
282.1 5.912 
282.2 5.912 
282.3 5.912 
282.4 5.912 
282.5 5.912 
282.6 5.912 
282.7 5.912 
282.8 5.912 
282.9 5.912 
283.0 5.912 
283.1 5.912 
283.2 5.912 
283.3 5.912 
283.4 5.912 
283.5 5.912 
283.6 5.912 
283.7 5.912 
283.8 5.912 
283.9 5.912 
284.0 5.912 
284.1 5.912 
284.2 5.912 
284.3 5.912 
284.4 5.912 
284.5 5.912 
284.6 5.912 
284.7 5.912 
284.8 5.912 
284.9 5.912 
285.0 5.912 
285.1 5.912 
285.2 5.912 
285.3 5.912 
285.4 5.912 
285.5 5.913 
285.6 5.913 
285.7 5.913 
285.8 5.913 
285.9 5.913 
286.0 5.913 
286.1 5.913 
286.2 5.913 
286.3 5.913 
286.4 5.913 
286.5 5.913 
286.6 5.913 
286.7 5.913 
286.8 5.913 
286.9 5.913 
287.0 5.913 
287.1 5.913 
287.2 5.913 
287.3 5.913 
287.4 5.913 
287.5 5.913 
287.6 5.913 
287.7 5.913 
287.8 5.913 
287.9 5.913 
288.0 5.913 
288.1 5.913 
288.2 5.913 
288.3 5.913 
288.4 5.913 
288.5 5.913 
288.6 5.913 
288.7 5.913 
288.8 5.913 
288.9 5.913 
289.0 5.913 
289.1 5.913 
289.2 5.913 
289.3 5.914 
289.4 5.914 
289.5 5.914 
289.6 5.914 
289.7 5.914 
289.8 5.914 
289.9 5.914 
290.0 5.914 
290.1 5.914 
290.2 5.914 
290.3 5.914 
290.4 5.914 
290.5 5.914 
290.6 5.914 
290.7 5.914 
290.8 5.914 
290.9 5.914 
291.0 5.914 
291.1 5.914 
291.2 5.914 
291.3 5.914 
291.4 5.914 
291.5 5.914 
291.6 5.914 
291.7 5.914 
291.8 5.914 
291.9 5.914 
292.0 5.914 
292.1 5.914 
292.2 5.914 
292.3 5.914 
292.4 5.914 
292.5 5.914 
292.6 5.914 
292.7 5.914 
292.8 5.914 
292.9 5.914 
293.0 5.915 
293.1 5.915 
293.2 5.915 
293.3 5.915 
293.4 5.915 
293.5 5.915 
293.6 5.915 
293.7 5.915 
293.8 5.915 
293.9 5.915 
294.0 5.915 
294.1 5.915 
294.2 5.915 
294.3 5.915 
294.4 5.915 
294.5 5.915 
294.6 5.915 
294.7 5.915 
294.8 5.915 
294.9 5.915 
295.0 5.915 
295.1 5.915 
295.2 5.915 
295.3 5.915 
295.4 5.915 
295.5 5.915 
295.6 5.915 
295.7 5.915 
295.8 5.915 
295.9 5.915 
296.0 5.915 
296.1 5.915 
296.2 5.915 
296.3 5.915 
296.4 5.915 
296.5 5.915 
296.6 5.916 
296.7 5.916 
296.8 5.916 
296.9 5.916 
297.0 5.916 
297.1 5.916 
297.2 5.916 
297.3 5.916 
297.4 5.916 
297.5 5.916 
297.6 5.916 
297.7 5.916 
297.8 5.916 
297.9 5.916 
298.0 5.916 
298.1 5.916 
298.2 5.916 
298.3 5.916 
298.4 5.916 
298.5 5.916 
298.6 5.916 
298.7 5.916 
298.8 5.916 
298.9 5.916 
299.0 5.916 
299.1 5.916 
299.2 5.916 
299.3 5.916 
299.4 5.916 
299.5 5.916 
299.6 5.916 
299.7 5.916 
299.8 5.916 
299.9 5.916 
300.0 5.916 
300.1 5.888 
300.2 5.89 
300.3 5.892 
300.4 5.894 
300.5 5.896 
300.6 5.899 
300.7 5.901 
300.8 5.903 
300.9 5.906 
301.0 5.908 
301.1 5.911 
301.2 5.913 
301.3 5.916 
301.4 5.919 
301.5 5.921 
301.6 5.924 
301.7 5.927 
301.8 5.931 
301.9 5.934 
302.0 5.937 
302.1 5.941 
302.2 5.944 
302.3 5.948 
302.4 5.952 
302.5 5.956 
302.6 5.96 
302.7 5.964 
302.8 5.969 
302.9 5.973 
303.0 5.978 
303.1 5.983 
303.2 5.988 
303.3 5.994 
303.4 5.999 
303.5 6.005 
303.6 6.011 
303.7 6.017 
303.8 6.024 
303.9 6.03 
304.0 6.037 
304.1 6.045 
304.2 6.052 
304.3 6.06 
304.4 6.068 
304.5 6.076 
304.6 6.085 
304.7 6.094 
304.8 6.103 
304.9 6.112 
305.0 6.122 
305.1 6.133 
305.2 6.143 
305.3 6.154 
305.4 6.166 
305.5 6.177 
305.6 6.19 
305.7 6.202 
305.8 6.215 
305.9 6.229 
306.0 6.243 
306.1 6.257 
306.2 6.272 
306.3 6.288 
306.4 6.304 
306.5 6.32 
306.6 6.337 
306.7 6.355 
306.8 6.373 
306.9 6.391 
307.0 6.41 
307.1 6.43 
307.2 6.451 
307.3 6.472 
307.4 6.493 
307.5 6.515 
307.6 6.538 
307.7 6.562 
307.8 6.586 
307.9 6.611 
308.0 6.636 
308.1 6.662 
308.2 6.689 
308.3 6.716 
308.4 6.744 
308.5 6.773 
308.6 6.802 
308.7 6.832 
308.8 6.863 
308.9 6.894 
309.0 6.926 
309.1 6.959 
309.2 6.992 
309.3 7.026 
309.4 7.061 
309.5 7.096 
309.6 7.132 
309.7 7.168 
309.8 7.205 
309.9 7.243 
310.0 7.281 
310.1 7.319 
310.2 7.358 
310.3 7.398 
310.4 7.437 
310.5 7.478 
310.6 7.518 
310.7 7.559 
310.8 7.601 
310.9 7.642 
311.0 7.684 
311.1 7.726 
311.2 7.768 
311.3 7.811 
311.4 7.853 
311.5 7.896 
311.6 7.939 
311.7 7.981 
311.8 8.024 
311.9 8.067 
312.0 8.109 
312.1 8.151 
312.2 8.194 
312.3 8.236 
312.4 8.277 
312.5 8.319 
312.6 8.36 
312.7 8.401 
312.8 8.441 
312.9 8.481 
313.0 8.521 
313.1 8.56 
313.2 8.598 
313.3 8.637 
313.4 8.674 
313.5 8.711 
313.6 8.748 
313.7 8.784 
313.8 8.819 
313.9 8.854 
314.0 8.888 
314.1 8.921 
314.2 8.954 
314.3 8.986 
314.4 9.017 
314.5 9.048 
314.6 9.078 
314.7 9.107 
314.8 9.136 
314.9 9.164 
315.0 9.191 
315.1 9.217 
315.2 9.243 
315.3 9.268 
315.4 9.293 
315.5 9.317 
315.6 9.34 
315.7 9.362 
315.8 9.384 
315.9 9.405 
316.0 9.426 
316.1 9.446 
316.2 9.465 
316.3 9.484 
316.4 9.502 
316.5 9.519 
316.6 9.536 
316.7 9.553 
316.8 9.569 
316.9 9.584 
317.0 9.599 
317.1 9.613 
317.2 9.627 
317.3 9.64 
317.4 9.653 
317.5 9.666 
317.6 9.678 
317.7 9.689 
317.8 9.7 
317.9 9.711 
318.0 9.721 
318.1 9.731 
318.2 9.741 
318.3 9.75 
318.4 9.759 
318.5 9.768 
318.6 9.776 
318.7 9.784 
318.8 9.792 
318.9 9.799 
319.0 9.806 
319.1 9.813 
319.2 9.819 
319.3 9.826 
319.4 9.832 
319.5 9.838 
319.6 9.843 
319.7 9.848 
319.8 9.854 
319.9 9.859 
320.0 9.863 
320.1 9.868 
320.2 9.872 
320.3 9.876 
320.4 9.88 
320.5 9.884 
320.6 9.888 
320.7 9.892 
320.8 9.895 
320.9 9.898 
321.0 9.901 
321.1 9.905 
321.2 9.907 
321.3 9.91 
321.4 9.913 
321.5 9.915 
321.6 9.918 
321.7 9.92 
321.8 9.923 
321.9 9.925 
322.0 9.927 
322.1 9.929 
322.2 9.931 
322.3 9.932 
322.4 9.934 
322.5 9.936 
322.6 9.938 
322.7 9.939 
322.8 9.941 
322.9 9.942 
323.0 9.943 
323.1 9.945 
323.2 9.946 
323.3 9.947 
323.4 9.948 
323.5 9.949 
323.6 9.95 
323.7 9.951 
323.8 9.952 
323.9 9.953 
324.0 9.954 
324.1 9.955 
324.2 9.956 
324.3 9.957 
324.4 9.957 
324.5 9.958 
324.6 9.959 
324.7 9.96 
324.8 9.96 
324.9 9.961 
325.0 9.961 
325.1 9.962 
325.2 9.962 
325.3 9.963 
325.4 9.963 
325.5 9.964 
325.6 9.964 
325.7 9.965 
325.8 9.965 
325.9 9.966 
326.0 9.966 
326.1 9.966 
326.2 9.967 
326.3 9.967 
326.4 9.967 
326.5 9.968 
326.6 9.968 
326.7 9.968 
326.8 9.969 
326.9 9.969 
327.0 9.969 
327.1 9.969 
327.2 9.97 
327.3 9.97 
327.4 9.97 
327.5 9.97 
327.6 9.97 
327.7 9.971 
327.8 9.971 
327.9 9.971 
328.0 9.971 
328.1 9.971 
328.2 9.971 
328.3 9.971 
328.4 9.972 
328.5 9.972 
328.6 9.972 
328.7 9.972 
328.8 9.972 
328.9 9.972 
329.0 9.972 
329.1 9.972 
329.2 9.972 
329.3 9.973 
329.4 9.973 
329.5 9.973 
329.6 9.973 
329.7 9.973 
329.8 9.973 
329.9 9.973 
330.0 9.973 
330.1 9.973 
330.2 9.973 
330.3 9.973 
330.4 9.973 
330.5 9.973 
330.6 9.973 
330.7 9.974 
330.8 9.974 
330.9 9.974 
331.0 9.974 
331.1 9.974 
331.2 9.974 
331.3 9.974 
331.4 9.974 
331.5 9.974 
331.6 9.974 
331.7 9.974 
331.8 9.974 
331.9 9.974 
332.0 9.974 
332.1 9.974 
332.2 9.974 
332.3 9.974 
332.4 9.974 
332.5 9.974 
332.6 9.974 
332.7 9.974 
332.8 9.974 
332.9 9.974 
333.0 9.974 
333.1 9.974 
333.2 9.974 
333.3 9.974 
333.4 9.974 
333.5 9.974 
333.6 9.974 
333.7 9.974 
333.8 9.974 
333.9 9.974 
334.0 9.974 
334.1 9.974 
334.2 9.974 
334.3 9.974 
334.4 9.974 
334.5 9.974 
334.6 9.974 
334.7 9.974 
334.8 9.974 
334.9 9.975 
335.0 9.975 
335.1 9.975 
335.2 9.975 
335.3 9.975 
335.4 9.975 
335.5 9.975 
335.6 9.975 
335.7 9.975 
335.8 9.975 
335.9 9.975 
336.0 9.975 
336.1 9.975 
336.2 9.975 
336.3 9.975 
336.4 9.975 
336.5 9.975 
336.6 9.975 
336.7 9.975 
336.8 9.975 
336.9 9.975 
337.0 9.975 
337.1 9.975 
337.2 9.975 
337.3 9.975 
337.4 9.975 
337.5 9.975 
337.6 9.975 
337.7 9.975 
337.8 9.975 
337.9 9.975 
338.0 9.975 
338.1 9.975 
338.2 9.975 
338.3 9.975 
338.4 9.975 
338.5 9.975 
338.6 9.975 
338.7 9.975 
338.8 9.975 
338.9 9.975 
339.0 9.975 
339.1 9.975 
339.2 9.975 
339.3 9.975 
339.4 9.975 
339.5 9.975 
339.6 9.975 
339.7 9.975 
339.8 9.975 
339.9 9.975 
340.0 9.975 
340.1 9.975 
340.2 9.975 
340.3 9.975 
340.4 9.975 
340.5 9.975 
340.6 9.975 
340.7 9.975 
340.8 9.975 
340.9 9.975 
341.0 9.975 
341.1 9.975 
341.2 9.975 
341.3 9.975 
341.4 9.975 
341.5 9.975 
341.6 9.975 
341.7 9.975 
341.8 9.975 
341.9 9.975 
342.0 9.975 
342.1 9.975 
342.2 9.975 
342.3 9.975 
342.4 9.975 
342.5 9.975 
342.6 9.975 
342.7 9.975 
342.8 9.975 
342.9 9.975 
343.0 9.975 
343.1 9.975 
343.2 9.975 
343.3 9.975 
343.4 9.975 
343.5 9.975 
343.6 9.975 
343.7 9.975 
343.8 9.975 
343.9 9.975 
344.0 9.975 
344.1 9.975 
344.2 9.975 
344.3 9.975 
344.4 9.975 
344.5 9.975 
344.6 9.975 
344.7 9.975 
344.8 9.975 
344.9 9.975 
345.0 9.975 
345.1 9.975 
345.2 9.975 
345.3 9.975 
345.4 9.975 
345.5 9.975 
345.6 9.975 
345.7 9.975 
345.8 9.975 
345.9 9.975 
346.0 9.975 
346.1 9.975 
346.2 9.975 
346.3 9.975 
346.4 9.975 
346.5 9.975 
346.6 9.975 
346.7 9.975 
346.8 9.975 
346.9 9.975 
347.0 9.975 
347.1 9.975 
347.2 9.975 
347.3 9.975 
347.4 9.975 
347.5 9.975 
347.6 9.975 
347.7 9.975 
347.8 9.975 
347.9 9.975 
348.0 9.975 
348.1 9.975 
348.2 9.975 
348.3 9.975 
348.4 9.975 
348.5 9.975 
348.6 9.975 
348.7 9.975 
348.8 9.975 
348.9 9.975 
349.0 9.975 
349.1 9.975 
349.2 9.975 
349.3 9.975 
349.4 9.975 
349.5 9.975 
349.6 9.975 
349.7 9.975 
349.8 9.975 
349.9 9.975 
350.0 9.975 
350.1 9.975 
350.2 9.975 
350.3 9.975 
350.4 9.975 
350.5 9.975 
350.6 9.975 
350.7 9.975 
350.8 9.975 
350.9 9.975 
351.0 9.975 
351.1 9.975 
351.2 9.975 
351.3 9.975 
351.4 9.975 
351.5 9.975 
351.6 9.975 
351.7 9.975 
351.8 9.975 
351.9 9.975 
352.0 9.975 
352.1 9.975 
352.2 9.975 
352.3 9.975 
352.4 9.975 
352.5 9.975 
352.6 9.975 
352.7 9.975 
352.8 9.975 
352.9 9.975 
353.0 9.975 
353.1 9.975 
353.2 9.975 
353.3 9.975 
353.4 9.975 
353.5 9.975 
353.6 9.975 
353.7 9.975 
353.8 9.975 
353.9 9.975 
354.0 9.975 
354.1 9.975 
354.2 9.975 
354.3 9.975 
354.4 9.975 
354.5 9.975 
354.6 9.975 
354.7 9.975 
354.8 9.975 
354.9 9.975 
355.0 9.975 
355.1 9.975 
355.2 9.975 
355.3 9.975 
355.4 9.975 
355.5 9.975 
355.6 9.975 
355.7 9.975 
355.8 9.975 
355.9 9.975 
356.0 9.975 
356.1 9.975 
356.2 9.975 
356.3 9.975 
356.4 9.975 
356.5 9.975 
356.6 9.975 
356.7 9.975 
356.8 9.975 
356.9 9.975 
357.0 9.975 
357.1 9.975 
357.2 9.975 
357.3 9.975 
357.4 9.975 
357.5 9.975 
357.6 9.975 
357.7 9.975 
357.8 9.975 
357.9 9.975 
358.0 9.975 
358.1 9.975 
358.2 9.975 
358.3 9.975 
358.4 9.975 
358.5 9.975 
358.6 9.975 
358.7 9.975 
358.8 9.975 
358.9 9.975 
359.0 9.975 
359.1 9.975 
359.2 9.975 
359.3 9.975 
359.4 9.975 
359.5 9.975 
359.6 9.975 
359.7 9.975 
359.8 9.975 
359.9 9.975 
360.0 9.975 
360.1 9.975 
360.2 9.975 
360.3 9.975 
360.4 9.975 
360.5 9.975 
360.6 9.975 
360.7 9.975 
360.8 9.975 
360.9 9.975 
361.0 9.975 
361.1 9.975 
361.2 9.975 
361.3 9.975 
361.4 9.975 
361.5 9.975 
361.6 9.975 
361.7 9.975 
361.8 9.975 
361.9 9.975 
362.0 9.975 
362.1 9.975 
362.2 9.975 
362.3 9.975 
362.4 9.975 
362.5 9.975 
362.6 9.975 
362.7 9.975 
362.8 9.975 
362.9 9.975 
363.0 9.975 
363.1 9.975 
363.2 9.975 
363.3 9.975 
363.4 9.975 
363.5 9.975 
363.6 9.975 
363.7 9.975 
363.8 9.975 
363.9 9.975 
364.0 9.975 
364.1 9.975 
364.2 9.975 
364.3 9.975 
364.4 9.975 
364.5 9.975 
364.6 9.975 
364.7 9.975 
364.8 9.975 
364.9 9.975 
365.0 9.975 
365.1 9.975 
365.2 9.975 
365.3 9.975 
365.4 9.975 
365.5 9.975 
365.6 9.975 
365.7 9.975 
365.8 9.975 
365.9 9.975 
366.0 9.975 
366.1 9.975 
366.2 9.975 
366.3 9.975 
366.4 9.975 
366.5 9.975 
366.6 9.975 
366.7 9.975 
366.8 9.975 
366.9 9.975 
367.0 9.975 
367.1 9.975 
367.2 9.975 
367.3 9.975 
367.4 9.975 
367.5 9.975 
367.6 9.975 
367.7 9.975 
367.8 9.975 
367.9 9.975 
368.0 9.975 
368.1 9.975 
368.2 9.975 
368.3 9.975 
368.4 9.975 
368.5 9.975 
368.6 9.975 
368.7 9.975 
368.8 9.975 
368.9 9.975 
369.0 9.975 
369.1 9.975 
369.2 9.975 
369.3 9.975 
369.4 9.975 
369.5 9.975 
369.6 9.975 
369.7 9.975 
369.8 9.975 
369.9 9.975 
370.0 9.975 
370.1 9.975 
370.2 9.975 
370.3 9.975 
370.4 9.975 
370.5 9.975 
370.6 9.975 
370.7 9.975 
370.8 9.975 
370.9 9.975 
371.0 9.975 
371.1 9.975 
371.2 9.975 
371.3 9.975 
371.4 9.975 
371.5 9.975 
371.6 9.975 
371.7 9.975 
371.8 9.975 
371.9 9.975 
372.0 9.975 
372.1 9.975 
372.2 9.975 
372.3 9.975 
372.4 9.975 
372.5 9.975 
372.6 9.975 
372.7 9.975 
372.8 9.975 
372.9 9.975 
373.0 9.975 
373.1 9.975 
373.2 9.975 
373.3 9.975 
373.4 9.975 
373.5 9.975 
373.6 9.975 
373.7 9.975 
373.8 9.975 
373.9 9.975 
374.0 9.975 
374.1 9.975 
374.2 9.975 
374.3 9.975 
374.4 9.975 
374.5 9.975 
374.6 9.975 
374.7 9.975 
374.8 9.975 
374.9 9.975 
375.0 9.975 
375.1 9.975 
375.2 9.975 
375.3 9.975 
375.4 9.975 
375.5 9.975 
375.6 9.975 
375.7 9.975 
375.8 9.975 
375.9 9.975 
376.0 9.975 
376.1 9.975 
376.2 9.975 
376.3 9.975 
376.4 9.975 
376.5 9.975 
376.6 9.975 
376.7 9.975 
376.8 9.975 
376.9 9.975 
377.0 9.975 
377.1 9.975 
377.2 9.975 
377.3 9.975 
377.4 9.975 
377.5 9.975 
377.6 9.975 
377.7 9.975 
377.8 9.975 
377.9 9.975 
378.0 9.975 
378.1 9.975 
378.2 9.975 
378.3 9.975 
378.4 9.975 
378.5 9.975 
378.6 9.975 
378.7 9.975 
378.8 9.975 
378.9 9.975 
379.0 9.975 
379.1 9.975 
379.2 9.975 
379.3 9.975 
379.4 9.975 
379.5 9.975 
379.6 9.975 
379.7 9.975 
379.8 9.975 
379.9 9.975 
380.0 9.975 
380.1 9.975 
380.2 9.975 
380.3 9.975 
380.4 9.975 
380.5 9.975 
380.6 9.975 
380.7 9.975 
380.8 9.975 
380.9 9.975 
381.0 9.975 
381.1 9.975 
381.2 9.975 
381.3 9.975 
381.4 9.975 
381.5 9.975 
381.6 9.975 
381.7 9.975 
381.8 9.975 
381.9 9.975 
382.0 9.975 
382.1 9.975 
382.2 9.975 
382.3 9.975 
382.4 9.975 
382.5 9.975 
382.6 9.975 
382.7 9.975 
382.8 9.975 
382.9 9.975 
383.0 9.975 
383.1 9.975 
383.2 9.975 
383.3 9.975 
383.4 9.975 
383.5 9.975 
383.6 9.975 
383.7 9.975 
383.8 9.975 
383.9 9.975 
384.0 9.975 
384.1 9.975 
384.2 9.975 
384.3 9.975 
384.4 9.975 
384.5 9.975 
384.6 9.975 
384.7 9.975 
384.8 9.975 
384.9 9.975 
385.0 9.975 
385.1 9.975 
385.2 9.975 
385.3 9.975 
385.4 9.975 
385.5 9.975 
385.6 9.975 
385.7 9.975 
385.8 9.975 
385.9 9.975 
386.0 9.975 
386.1 9.975 
386.2 9.975 
386.3 9.975 
386.4 9.975 
386.5 9.975 
386.6 9.975 
386.7 9.975 
386.8 9.975 
386.9 9.975 
387.0 9.975 
387.1 9.975 
387.2 9.975 
387.3 9.975 
387.4 9.975 
387.5 9.975 
387.6 9.975 
387.7 9.975 
387.8 9.975 
387.9 9.975 
388.0 9.975 
388.1 9.975 
388.2 9.975 
388.3 9.975 
388.4 9.975 
388.5 9.975 
388.6 9.975 
388.7 9.975 
388.8 9.975 
388.9 9.975 
389.0 9.975 
389.1 9.975 
389.2 9.975 
389.3 9.975 
389.4 9.975 
389.5 9.975 
389.6 9.975 
389.7 9.975 
389.8 9.975 
389.9 9.975 
390.0 9.975 
390.1 9.975 
390.2 9.975 
390.3 9.975 
390.4 9.975 
390.5 9.975 
390.6 9.975 
390.7 9.975 
390.8 9.975 
390.9 9.975 
391.0 9.975 
391.1 9.975 
391.2 9.975 
391.3 9.975 
391.4 9.975 
391.5 9.975 
391.6 9.975 
391.7 9.975 
391.8 9.975 
391.9 9.975 
392.0 9.975 
392.1 9.975 
392.2 9.975 
392.3 9.975 
392.4 9.975 
392.5 9.975 
392.6 9.975 
392.7 9.975 
392.8 9.975 
392.9 9.975 
393.0 9.975 
393.1 9.975 
393.2 9.975 
393.3 9.975 
393.4 9.975 
393.5 9.975 
393.6 9.975 
393.7 9.975 
393.8 9.975 
393.9 9.975 
394.0 9.975 
394.1 9.975 
394.2 9.975 
394.3 9.975 
394.4 9.975 
394.5 9.975 
394.6 9.975 
394.7 9.975 
394.8 9.975 
394.9 9.975 
395.0 9.975 
395.1 9.975 
395.2 9.975 
395.3 9.975 
395.4 9.975 
395.5 9.975 
395.6 9.975 
395.7 9.975 
395.8 9.975 
395.9 9.975 
396.0 9.975 
396.1 9.975 
396.2 9.975 
396.3 9.975 
396.4 9.975 
396.5 9.975 
396.6 9.975 
396.7 9.975 
396.8 9.975 
396.9 9.975 
397.0 9.975 
397.1 9.975 
397.2 9.975 
397.3 9.975 
397.4 9.975 
397.5 9.975 
397.6 9.975 
397.7 9.975 
397.8 9.975 
397.9 9.975 
398.0 9.975 
398.1 9.975 
398.2 9.975 
398.3 9.975 
398.4 9.975 
398.5 9.975 
398.6 9.975 
398.7 9.975 
398.8 9.975 
398.9 9.975 
399.0 9.975 
399.1 9.975 
399.2 9.975 
399.3 9.975 
399.4 9.975 
399.5 9.975 
399.6 9.975 
399.7 9.975 
399.8 9.975 
399.9 9.975 
400.0 9.975 
400.1 10.009 
400.2 10.015 
400.3 10.023 
400.4 10.032 
400.5 10.043 
400.6 10.057 
400.7 10.074 
400.8 10.094 
400.9 10.119 
401.0 10.148 
401.1 10.184 
401.2 10.226 
401.3 10.276 
401.4 10.333 
401.5 10.4 
401.6 10.476 
401.7 10.561 
401.8 10.657 
401.9 10.762 
402.0 10.877 
402.1 11.001 
402.2 11.133 
402.3 11.273 
402.4 11.42 
402.5 11.573 
402.6 11.731 
402.7 11.892 
402.8 12.056 
402.9 12.223 
403.0 12.39 
403.1 12.558 
403.2 12.725 
403.3 12.891 
403.4 13.056 
403.5 13.218 
403.6 13.378 
403.7 13.535 
403.8 13.689 
403.9 13.84 
404.0 13.988 
404.1 14.132 
404.2 14.272 
404.3 14.409 
404.4 14.542 
404.5 14.672 
404.6 14.798 
404.7 14.921 
404.8 15.04 
404.9 15.156 
405.0 15.269 
405.1 15.378 
405.2 15.485 
405.3 15.588 
405.4 15.689 
405.5 15.786 
405.6 15.881 
405.7 15.973 
405.8 16.063 
405.9 16.15 
406.0 16.234 
406.1 16.316 
406.2 16.396 
406.3 16.474 
406.4 16.549 
406.5 16.622 
406.6 16.693 
406.7 16.762 
406.8 16.83 
406.9 16.895 
407.0 16.958 
407.1 17.02 
407.2 17.08 
407.3 17.138 
407.4 17.194 
407.5 17.249 
407.6 17.302 
407.7 17.354 
407.8 17.404 
407.9 17.453 
408.0 17.501 
408.1 17.547 
408.2 17.591 
408.3 17.634 
408.4 17.677 
408.5 17.717 
408.6 17.757 
408.7 17.795 
408.8 17.833 
408.9 17.869 
409.0 17.904 
409.1 17.938 
409.2 17.971 
409.3 18.003 
409.4 18.034 
409.5 18.064 
409.6 18.093 
409.7 18.122 
409.8 18.149 
409.9 18.176 
410.0 18.201 
410.1 18.226 
410.2 18.25 
410.3 18.274 
410.4 18.296 
410.5 18.318 
410.6 18.34 
410.7 18.36 
410.8 18.38 
410.9 18.399 
411.0 18.418 
411.1 18.436 
411.2 18.454 
411.3 18.471 
411.4 18.487 
411.5 18.503 
411.6 18.518 
411.7 18.533 
411.8 18.547 
411.9 18.561 
412.0 18.575 
412.1 18.588 
412.2 18.6 
412.3 18.612 
412.4 18.624 
412.5 18.635 
412.6 18.646 
412.7 18.657 
412.8 18.667 
412.9 18.677 
413.0 18.687 
413.1 18.696 
413.2 18.705 
413.3 18.714 
413.4 18.722 
413.5 18.73 
413.6 18.738 
413.7 18.746 
413.8 18.753 
413.9 18.76 
414.0 18.767 
414.1 18.773 
414.2 18.78 
414.3 18.786 
414.4 18.792 
414.5 18.798 
414.6 18.803 
414.7 18.809 
414.8 18.814 
414.9 18.819 
415.0 18.824 
415.1 18.828 
415.2 18.833 
415.3 18.837 
415.4 18.841 
415.5 18.845 
415.6 18.849 
415.7 18.853 
415.8 18.857 
415.9 18.86 
416.0 18.864 
416.1 18.867 
416.2 18.87 
416.3 18.873 
416.4 18.876 
416.5 18.879 
416.6 18.882 
416.7 18.885 
416.8 18.887 
416.9 18.89 
417.0 18.892 
417.1 18.894 
417.2 18.897 
417.3 18.899 
417.4 18.901 
417.5 18.903 
417.6 18.905 
417.7 18.907 
417.8 18.909 
417.9 18.91 
418.0 18.912 
418.1 18.914 
418.2 18.915 
418.3 18.917 
418.4 18.918 
418.5 18.92 
418.6 18.921 
418.7 18.922 
418.8 18.924 
418.9 18.925 
419.0 18.926 
419.1 18.927 
419.2 18.928 
419.3 18.929 
419.4 18.93 
419.5 18.931 
419.6 18.932 
419.7 18.933 
419.8 18.934 
419.9 18.935 
420.0 18.936 
420.1 18.937 
420.2 18.938 
420.3 18.938 
420.4 18.939 
420.5 18.94 
420.6 18.94 
420.7 18.941 
420.8 18.942 
420.9 18.942 
421.0 18.943 
421.1 18.944 
421.2 18.944 
421.3 18.945 
421.4 18.945 
421.5 18.946 
421.6 18.946 
421.7 18.947 
421.8 18.947 
421.9 18.947 
422.0 18.948 
422.1 18.948 
422.2 18.949 
422.3 18.949 
422.4 18.949 
422.5 18.95 
422.6 18.95 
422.7 18.95 
422.8 18.951 
422.9 18.951 
423.0 18.951 
423.1 18.952 
423.2 18.952 
423.3 18.952 
423.4 18.952 
423.5 18.953 
423.6 18.953 
423.7 18.953 
423.8 18.953 
423.9 18.953 
424.0 18.954 
424.1 18.954 
424.2 18.954 
424.3 18.954 
424.4 18.954 
424.5 18.955 
424.6 18.955 
424.7 18.955 
424.8 18.955 
424.9 18.955 
425.0 18.955 
425.1 18.956 
425.2 18.956 
425.3 18.956 
425.4 18.956 
425.5 18.956 
425.6 18.956 
425.7 18.956 
425.8 18.956 
425.9 18.956 
426.0 18.957 
426.1 18.957 
426.2 18.957 
426.3 18.957 
426.4 18.957 
426.5 18.957 
426.6 18.957 
426.7 18.957 
426.8 18.957 
426.9 18.957 
427.0 18.957 
427.1 18.957 
427.2 18.958 
427.3 18.958 
427.4 18.958 
427.5 18.958 
427.6 18.958 
427.7 18.958 
427.8 18.958 
427.9 18.958 
428.0 18.958 
428.1 18.958 
428.2 18.958 
428.3 18.958 
428.4 18.958 
428.5 18.958 
428.6 18.958 
428.7 18.958 
428.8 18.958 
428.9 18.958 
429.0 18.958 
429.1 18.958 
429.2 18.958 
429.3 18.959 
429.4 18.959 
429.5 18.959 
429.6 18.959 
429.7 18.959 
429.8 18.959 
429.9 18.959 
430.0 18.959 
430.1 18.959 
430.2 18.959 
430.3 18.959 
430.4 18.959 
430.5 18.959 
430.6 18.959 
430.7 18.959 
430.8 18.959 
430.9 18.959 
431.0 18.959 
431.1 18.959 
431.2 18.959 
431.3 18.959 
431.4 18.959 
431.5 18.959 
431.6 18.959 
431.7 18.959 
431.8 18.959 
431.9 18.959 
432.0 18.959 
432.1 18.959 
432.2 18.959 
432.3 18.959 
432.4 18.959 
432.5 18.959 
432.6 18.959 
432.7 18.959 
432.8 18.959 
432.9 18.959 
433.0 18.959 
433.1 18.959 
433.2 18.959 
433.3 18.959 
433.4 18.959 
433.5 18.959 
433.6 18.959 
433.7 18.959 
433.8 18.959 
433.9 18.959 
434.0 18.959 
434.1 18.959 
434.2 18.959 
434.3 18.959 
434.4 18.959 
434.5 18.959 
434.6 18.959 
434.7 18.959 
434.8 18.959 
434.9 18.959 
435.0 18.959 
435.1 18.959 
435.2 18.959 
435.3 18.959 
435.4 18.959 
435.5 18.959 
435.6 18.959 
435.7 18.959 
435.8 18.959 
435.9 18.959 
436.0 18.959 
436.1 18.959 
436.2 18.959 
436.3 18.959 
436.4 18.959 
436.5 18.959 
436.6 18.959 
436.7 18.959 
436.8 18.959 
436.9 18.959 
437.0 18.959 
437.1 18.959 
437.2 18.959 
437.3 18.959 
437.4 18.959 
437.5 18.959 
437.6 18.959 
437.7 18.959 
437.8 18.959 
437.9 18.959 
438.0 18.959 
438.1 18.959 
438.2 18.959 
438.3 18.959 
438.4 18.959 
438.5 18.959 
438.6 18.959 
438.7 18.959 
438.8 18.959 
438.9 18.959 
439.0 18.959 
439.1 18.959 
439.2 18.959 
439.3 18.959 
439.4 18.959 
439.5 18.959 
439.6 18.959 
439.7 18.959 
439.8 18.959 
439.9 18.959 
440.0 18.959 
440.1 18.959 
440.2 18.959 
440.3 18.959 
440.4 18.959 
440.5 18.959 
440.6 18.959 
440.7 18.959 
440.8 18.959 
440.9 18.959 
441.0 18.959 
441.1 18.959 
441.2 18.959 
441.3 18.959 
441.4 18.959 
441.5 18.959 
441.6 18.959 
441.7 18.959 
441.8 18.959 
441.9 18.959 
442.0 18.959 
442.1 18.959 
442.2 18.959 
442.3 18.959 
442.4 18.959 
442.5 18.959 
442.6 18.959 
442.7 18.959 
442.8 18.959 
442.9 18.959 
443.0 18.959 
443.1 18.959 
443.2 18.959 
443.3 18.959 
443.4 18.959 
443.5 18.959 
443.6 18.959 
443.7 18.959 
443.8 18.959 
443.9 18.959 
444.0 18.959 
444.1 18.959 
444.2 18.959 
444.3 18.959 
444.4 18.959 
444.5 18.959 
444.6 18.959 
444.7 18.959 
444.8 18.959 
444.9 18.959 
445.0 18.959 
445.1 18.959 
445.2 18.959 
445.3 18.959 
445.4 18.959 
445.5 18.959 
445.6 18.959 
445.7 18.959 
445.8 18.959 
445.9 18.959 
446.0 18.959 
446.1 18.959 
446.2 18.959 
446.3 18.959 
446.4 18.959 
446.5 18.959 
446.6 18.959 
446.7 18.959 
446.8 18.959 
446.9 18.959 
447.0 18.959 
447.1 18.959 
447.2 18.959 
447.3 18.959 
447.4 18.959 
447.5 18.959 
447.6 18.959 
447.7 18.959 
447.8 18.959 
447.9 18.959 
448.0 18.959 
448.1 18.959 
448.2 18.959 
448.3 18.959 
448.4 18.959 
448.5 18.959 
448.6 18.959 
448.7 18.959 
448.8 18.959 
448.9 18.959 
449.0 18.959 
449.1 18.959 
449.2 18.959 
449.3 18.959 
449.4 18.959 
449.5 18.959 
449.6 18.959 
449.7 18.959 
449.8 18.959 
449.9 18.959 
450.0 18.959 
450.1 18.959 
450.2 18.959 
450.3 18.959 
450.4 18.959 
450.5 18.959 
450.6 18.959 
450.7 18.959 
450.8 18.959 
450.9 18.959 
451.0 18.959 
451.1 18.959 
451.2 18.959 
451.3 18.959 
451.4 18.959 
451.5 18.959 
451.6 18.959 
451.7 18.959 
451.8 18.959 
451.9 18.959 
452.0 18.959 
452.1 18.959 
452.2 18.959 
452.3 18.959 
452.4 18.959 
452.5 18.959 
452.6 18.959 
452.7 18.959 
452.8 18.959 
452.9 18.959 
453.0 18.959 
453.1 18.959 
453.2 18.959 
453.3 18.959 
453.4 18.959 
453.5 18.959 
453.6 18.959 
453.7 18.959 
453.8 18.959 
453.9 18.959 
454.0 18.959 
454.1 18.959 
454.2 18.959 
454.3 18.959 
454.4 18.959 
454.5 18.959 
454.6 18.959 
454.7 18.959 
454.8 18.959 
454.9 18.959 
455.0 18.959 
455.1 18.959 
455.2 18.959 
455.3 18.959 
455.4 18.959 
455.5 18.959 
455.6 18.959 
455.7 18.959 
455.8 18.959 
455.9 18.959 
456.0 18.959 
456.1 18.959 
456.2 18.959 
456.3 18.959 
456.4 18.959 
456.5 18.959 
456.6 18.959 
456.7 18.959 
456.8 18.959 
456.9 18.959 
457.0 18.959 
457.1 18.959 
457.2 18.959 
457.3 18.959 
457.4 18.959 
457.5 18.959 
457.6 18.959 
457.7 18.959 
457.8 18.959 
457.9 18.959 
458.0 18.959 
458.1 18.959 
458.2 18.959 
458.3 18.959 
458.4 18.959 
458.5 18.959 
458.6 18.959 
458.7 18.959 
458.8 18.959 
458.9 18.959 
459.0 18.959 
459.1 18.959 
459.2 18.959 
459.3 18.959 
459.4 18.959 
459.5 18.959 
459.6 18.959 
459.7 18.959 
459.8 18.959 
459.9 18.959 
460.0 18.959 
460.1 18.959 
460.2 18.959 
460.3 18.959 
460.4 18.959 
460.5 18.959 
460.6 18.959 
460.7 18.959 
460.8 18.959 
460.9 18.959 
461.0 18.959 
461.1 18.959 
461.2 18.959 
461.3 18.959 
461.4 18.959 
461.5 18.959 
461.6 18.959 
461.7 18.959 
461.8 18.959 
461.9 18.959 
462.0 18.959 
462.1 18.959 
462.2 18.959 
462.3 18.959 
462.4 18.959 
462.5 18.959 
462.6 18.959 
462.7 18.959 
462.8 18.959 
462.9 18.959 
463.0 18.959 
463.1 18.959 
463.2 18.959 
463.3 18.959 
463.4 18.959 
463.5 18.959 
463.6 18.959 
463.7 18.959 
463.8 18.959 
463.9 18.959 
464.0 18.959 
464.1 18.959 
464.2 18.959 
464.3 18.959 
464.4 18.959 
464.5 18.959 
464.6 18.959 
464.7 18.959 
464.8 18.959 
464.9 18.959 
465.0 18.959 
465.1 18.959 
465.2 18.959 
465.3 18.959 
465.4 18.959 
465.5 18.959 
465.6 18.959 
465.7 18.959 
465.8 18.959 
465.9 18.959 
466.0 18.959 
466.1 18.959 
466.2 18.959 
466.3 18.959 
466.4 18.959 
466.5 18.959 
466.6 18.959 
466.7 18.959 
466.8 18.959 
466.9 18.959 
467.0 18.959 
467.1 18.959 
467.2 18.959 
467.3 18.959 
467.4 18.959 
467.5 18.959 
467.6 18.959 
467.7 18.959 
467.8 18.959 
467.9 18.959 
468.0 18.959 
468.1 18.959 
468.2 18.959 
468.3 18.959 
468.4 18.959 
468.5 18.959 
468.6 18.959 
468.7 18.959 
468.8 18.959 
468.9 18.959 
469.0 18.959 
469.1 18.959 
469.2 18.959 
469.3 18.959 
469.4 18.959 
469.5 18.959 
469.6 18.959 
469.7 18.959 
469.8 18.959 
469.9 18.959 
470.0 18.959 
470.1 18.959 
470.2 18.959 
470.3 18.959 
470.4 18.959 
470.5 18.959 
470.6 18.959 
470.7 18.959 
470.8 18.959 
470.9 18.959 
471.0 18.959 
471.1 18.959 
471.2 18.959 
471.3 18.959 
471.4 18.959 
471.5 18.959 
471.6 18.959 
471.7 18.959 
471.8 18.959 
471.9 18.959 
472.0 18.959 
472.1 18.959 
472.2 18.959 
472.3 18.959 
472.4 18.959 
472.5 18.959 
472.6 18.959 
472.7 18.959 
472.8 18.959 
472.9 18.959 
473.0 18.959 
473.1 18.959 
473.2 18.959 
473.3 18.959 
473.4 18.959 
473.5 18.959 
473.6 18.959 
473.7 18.959 
473.8 18.959 
473.9 18.959 
474.0 18.959 
474.1 18.959 
474.2 18.959 
474.3 18.959 
474.4 18.959 
474.5 18.959 
474.6 18.959 
474.7 18.959 
474.8 18.959 
474.9 18.959 
475.0 18.959 
475.1 18.959 
475.2 18.959 
475.3 18.959 
475.4 18.959 
475.5 18.959 
475.6 18.959 
475.7 18.959 
475.8 18.959 
475.9 18.959 
476.0 18.959 
476.1 18.959 
476.2 18.959 
476.3 18.959 
476.4 18.959 
476.5 18.959 
476.6 18.959 
476.7 18.959 
476.8 18.959 
476.9 18.959 
477.0 18.959 
477.1 18.959 
477.2 18.959 
477.3 18.959 
477.4 18.959 
477.5 18.959 
477.6 18.959 
477.7 18.959 
477.8 18.959 
477.9 18.959 
478.0 18.959 
478.1 18.959 
478.2 18.959 
478.3 18.959 
478.4 18.959 
478.5 18.959 
478.6 18.959 
478.7 18.959 
478.8 18.959 
478.9 18.959 
479.0 18.959 
479.1 18.959 
479.2 18.959 
479.3 18.959 
479.4 18.959 
479.5 18.959 
479.6 18.959 
479.7 18.959 
479.8 18.959 
479.9 18.959 
480.0 18.959 
480.1 18.959 
480.2 18.959 
480.3 18.959 
480.4 18.959 
480.5 18.959 
480.6 18.959 
480.7 18.959 
480.8 18.959 
480.9 18.959 
481.0 18.959 
481.1 18.959 
481.2 18.959 
481.3 18.959 
481.4 18.959 
481.5 18.959 
481.6 18.959 
481.7 18.959 
481.8 18.959 
481.9 18.959 
482.0 18.959 
482.1 18.959 
482.2 18.959 
482.3 18.959 
482.4 18.959 
482.5 18.959 
482.6 18.959 
482.7 18.959 
482.8 18.959 
482.9 18.959 
483.0 18.959 
483.1 18.959 
483.2 18.959 
483.3 18.959 
483.4 18.959 
483.5 18.959 
483.6 18.959 
483.7 18.959 
483.8 18.959 
483.9 18.959 
484.0 18.959 
484.1 18.959 
484.2 18.959 
484.3 18.959 
484.4 18.959 
484.5 18.959 
484.6 18.959 
484.7 18.959 
484.8 18.959 
484.9 18.959 
485.0 18.959 
485.1 18.959 
485.2 18.959 
485.3 18.959 
485.4 18.959 
485.5 18.959 
485.6 18.959 
485.7 18.959 
485.8 18.959 
485.9 18.959 
486.0 18.959 
486.1 18.959 
486.2 18.959 
486.3 18.959 
486.4 18.959 
486.5 18.959 
486.6 18.959 
486.7 18.959 
486.8 18.959 
486.9 18.959 
487.0 18.959 
487.1 18.959 
487.2 18.959 
487.3 18.959 
487.4 18.959 
487.5 18.959 
487.6 18.959 
487.7 18.959 
487.8 18.959 
487.9 18.959 
488.0 18.959 
488.1 18.959 
488.2 18.959 
488.3 18.959 
488.4 18.959 
488.5 18.959 
488.6 18.959 
488.7 18.959 
488.8 18.959 
488.9 18.959 
489.0 18.959 
489.1 18.959 
489.2 18.959 
489.3 18.959 
489.4 18.959 
489.5 18.959 
489.6 18.959 
489.7 18.959 
489.8 18.959 
489.9 18.959 
490.0 18.959 
490.1 18.959 
490.2 18.959 
490.3 18.959 
490.4 18.959 
490.5 18.959 
490.6 18.959 
490.7 18.959 
490.8 18.959 
490.9 18.959 
491.0 18.959 
491.1 18.959 
491.2 18.959 
491.3 18.959 
491.4 18.959 
491.5 18.959 
491.6 18.959 
491.7 18.959 
491.8 18.959 
491.9 18.959 
492.0 18.959 
492.1 18.959 
492.2 18.959 
492.3 18.959 
492.4 18.959 
492.5 18.959 
492.6 18.959 
492.7 18.959 
492.8 18.959 
492.9 18.959 
493.0 18.959 
493.1 18.959 
493.2 18.959 
493.3 18.959 
493.4 18.959 
493.5 18.959 
493.6 18.959 
493.7 18.959 
493.8 18.959 
493.9 18.959 
494.0 18.959 
494.1 18.959 
494.2 18.959 
494.3 18.959 
494.4 18.959 
494.5 18.959 
494.6 18.959 
494.7 18.959 
494.8 18.959 
494.9 18.959 
495.0 18.959 
495.1 18.959 
495.2 18.959 
495.3 18.959 
495.4 18.959 
495.5 18.959 
495.6 18.959 
495.7 18.959 
495.8 18.959 
495.9 18.959 
496.0 18.959 
496.1 18.959 
496.2 18.959 
496.3 18.959 
496.4 18.959 
496.5 18.959 
496.6 18.959 
496.7 18.959 
496.8 18.959 
496.9 18.959 
497.0 18.959 
497.1 18.959 
497.2 18.959 
497.3 18.959 
497.4 18.959 
497.5 18.959 
497.6 18.959 
497.7 18.959 
497.8 18.959 
497.9 18.959 
498.0 18.959 
498.1 18.959 
498.2 18.959 
498.3 18.959 
498.4 18.959 
498.5 18.959 
498.6 18.959 
498.7 18.959 
498.8 18.959 
498.9 18.959 
499.0 18.959 
499.1 18.959 
499.2 18.959 
499.3 18.959 
499.4 18.959 
499.5 18.959 
499.6 18.959 
499.7 18.959 
499.8 18.959 
499.9 18.959 
500.0 18.959 
500.1 18.99 
500.2 18.991 
500.3 18.992 
500.4 18.993 
500.5 18.993 
500.6 18.994 
500.7 18.994 
500.8 18.995 
500.9 18.995 
501.0 18.995 
501.1 18.996 
501.2 18.996 
501.3 18.996 
501.4 18.997 
501.5 18.997 
501.6 18.997 
501.7 18.997 
501.8 18.998 
501.9 18.998 
502.0 18.998 
502.1 18.998 
502.2 18.998 
502.3 18.998 
502.4 18.999 
502.5 18.999 
502.6 18.999 
502.7 18.999 
502.8 18.999 
502.9 18.999 
503.0 18.999 
503.1 18.999 
503.2 19.0 
503.3 19.0 
503.4 19.0 
503.5 19.0 
503.6 19.0 
503.7 19.0 
503.8 19.0 
503.9 19.0 
504.0 19.0 
504.1 19.0 
504.2 19.001 
504.3 19.001 
504.4 19.001 
504.5 19.001 
504.6 19.001 
504.7 19.001 
504.8 19.001 
504.9 19.001 
505.0 19.001 
505.1 19.001 
505.2 19.001 
505.3 19.001 
505.4 19.002 
505.5 19.002 
505.6 19.002 
505.7 19.002 
505.8 19.002 
505.9 19.002 
506.0 19.002 
506.1 19.002 
506.2 19.002 
506.3 19.002 
506.4 19.002 
506.5 19.003 
506.6 19.003 
506.7 19.003 
506.8 19.003 
506.9 19.003 
507.0 19.003 
507.1 19.003 
507.2 19.003 
507.3 19.003 
507.4 19.003 
507.5 19.003 
507.6 19.003 
507.7 19.004 
507.8 19.004 
507.9 19.004 
508.0 19.004 
508.1 19.004 
508.2 19.004 
508.3 19.004 
508.4 19.004 
508.5 19.004 
508.6 19.004 
508.7 19.004 
508.8 19.005 
508.9 19.005 
509.0 19.005 
509.1 19.005 
509.2 19.005 
509.3 19.005 
509.4 19.005 
509.5 19.005 
509.6 19.005 
509.7 19.005 
509.8 19.006 
509.9 19.006 
510.0 19.006 
510.1 19.006 
510.2 19.006 
510.3 19.006 
510.4 19.006 
510.5 19.006 
510.6 19.006 
510.7 19.006 
510.8 19.007 
510.9 19.007 
511.0 19.007 
511.1 19.007 
511.2 19.007 
511.3 19.007 
511.4 19.007 
511.5 19.007 
511.6 19.007 
511.7 19.007 
511.8 19.008 
511.9 19.008 
512.0 19.008 
512.1 19.008 
512.2 19.008 
512.3 19.008 
512.4 19.008 
512.5 19.008 
512.6 19.008 
512.7 19.009 
512.8 19.009 
512.9 19.009 
513.0 19.009 
513.1 19.009 
513.2 19.009 
513.3 19.009 
513.4 19.009 
513.5 19.009 
513.6 19.01 
513.7 19.01 
513.8 19.01 
513.9 19.01 
514.0 19.01 
514.1 19.01 
514.2 19.01 
514.3 19.01 
514.4 19.01 
514.5 19.011 
514.6 19.011 
514.7 19.011 
514.8 19.011 
514.9 19.011 
515.0 19.011 
515.1 19.011 
515.2 19.011 
515.3 19.012 
515.4 19.012 
515.5 19.012 
515.6 19.012 
515.7 19.012 
515.8 19.012 
515.9 19.012 
516.0 19.012 
516.1 19.013 
516.2 19.013 
516.3 19.013 
516.4 19.013 
516.5 19.013 
516.6 19.013 
516.7 19.013 
516.8 19.013 
516.9 19.014 
517.0 19.014 
517.1 19.014 
517.2 19.014 
517.3 19.014 
517.4 19.014 
517.5 19.014 
517.6 19.015 
517.7 19.015 
517.8 19.015 
517.9 19.015 
518.0 19.015 
518.1 19.015 
518.2 19.015 
518.3 19.015 
518.4 19.016 
518.5 19.016 
518.6 19.016 
518.7 19.016 
518.8 19.016 
518.9 19.016 
519.0 19.016 
519.1 19.017 
519.2 19.017 
519.3 19.017 
519.4 19.017 
519.5 19.017 
519.6 19.017 
519.7 19.018 
519.8 19.018 
519.9 19.018 
520.0 19.018 
520.1 19.018 
520.2 19.018 
520.3 19.018 
520.4 19.019 
520.5 19.019 
520.6 19.019 
520.7 19.019 
520.8 19.019 
520.9 19.019 
521.0 19.02 
521.1 19.02 
521.2 19.02 
521.3 19.02 
521.4 19.02 
521.5 19.02 
521.6 19.021 
521.7 19.021 
521.8 19.021 
521.9 19.021 
522.0 19.021 
522.1 19.021 
522.2 19.022 
522.3 19.022 
522.4 19.022 
522.5 19.022 
522.6 19.022 
522.7 19.022 
522.8 19.023 
522.9 19.023 
523.0 19.023 
523.1 19.023 
523.2 19.023 
523.3 19.023 
523.4 19.024 
523.5 19.024 
523.6 19.024 
523.7 19.024 
523.8 19.024 
523.9 19.025 
524.0 19.025 
524.1 19.025 
524.2 19.025 
524.3 19.025 
524.4 19.025 
524.5 19.026 
524.6 19.026 
524.7 19.026 
524.8 19.026 
524.9 19.026 
525.0 19.027 
525.1 19.027 
525.2 19.027 
525.3 19.027 
525.4 19.027 
525.5 19.028 
525.6 19.028 
525.7 19.028 
525.8 19.028 
525.9 19.028 
526.0 19.029 
526.1 19.029 
526.2 19.029 
526.3 19.029 
526.4 19.03 
526.5 19.03 
526.6 19.03 
526.7 19.03 
526.8 19.03 
526.9 19.031 
527.0 19.031 
527.1 19.031 
527.2 19.031 
527.3 19.032 
527.4 19.032 
527.5 19.032 
527.6 19.032 
527.7 19.032 
527.8 19.033 
527.9 19.033 
528.0 19.033 
528.1 19.033 
528.2 19.034 
528.3 19.034 
528.4 19.034 
528.5 19.034 
528.6 19.035 
528.7 19.035 
528.8 19.035 
528.9 19.035 
529.0 19.036 
529.1 19.036 
529.2 19.036 
529.3 19.036 
529.4 19.037 
529.5 19.037 
529.6 19.037 
529.7 19.037 
529.8 19.038 
529.9 19.038 
530.0 19.038 
530.1 19.038 
530.2 19.039 
530.3 19.039 
530.4 19.039 
530.5 19.039 
530.6 19.04 
530.7 19.04 
530.8 19.04 
530.9 19.041 
531.0 19.041 
531.1 19.041 
531.2 19.041 
531.3 19.042 
531.4 19.042 
531.5 19.042 
531.6 19.043 
531.7 19.043 
531.8 19.043 
531.9 19.043 
532.0 19.044 
532.1 19.044 
532.2 19.044 
532.3 19.045 
532.4 19.045 
532.5 19.045 
532.6 19.046 
532.7 19.046 
532.8 19.046 
532.9 19.047 
533.0 19.047 
533.1 19.047 
533.2 19.047 
533.3 19.048 
533.4 19.048 
533.5 19.048 
533.6 19.049 
533.7 19.049 
533.8 19.049 
533.9 19.05 
534.0 19.05 
534.1 19.05 
534.2 19.051 
534.3 19.051 
534.4 19.052 
534.5 19.052 
534.6 19.052 
534.7 19.053 
534.8 19.053 
534.9 19.053 
535.0 19.054 
535.1 19.054 
535.2 19.054 
535.3 19.055 
535.4 19.055 
535.5 19.056 
535.6 19.056 
535.7 19.056 
535.8 19.057 
535.9 19.057 
536.0 19.058 
536.1 19.058 
536.2 19.058 
536.3 19.059 
536.4 19.059 
536.5 19.06 
536.6 19.06 
536.7 19.06 
536.8 19.061 
536.9 19.061 
537.0 19.062 
537.1 19.062 
537.2 19.062 
537.3 19.063 
537.4 19.063 
537.5 19.064 
537.6 19.064 
537.7 19.065 
537.8 19.065 
537.9 19.066 
538.0 19.066 
538.1 19.067 
538.2 19.067 
538.3 19.067 
538.4 19.068 
538.5 19.068 
538.6 19.069 
538.7 19.069 
538.8 19.07 
538.9 19.07 
539.0 19.071 
539.1 19.071 
539.2 19.072 
539.3 19.072 
539.4 19.073 
539.5 19.073 
539.6 19.074 
539.7 19.074 
539.8 19.075 
539.9 19.076 
540.0 19.076 
540.1 19.077 
540.2 19.077 
540.3 19.078 
540.4 19.078 
540.5 19.079 
540.6 19.079 
540.7 19.08 
540.8 19.081 
540.9 19.081 
541.0 19.082 
541.1 19.082 
541.2 19.083 
541.3 19.083 
541.4 19.084 
541.5 19.085 
541.6 19.085 
541.7 19.086 
541.8 19.087 
541.9 19.087 
542.0 19.088 
542.1 19.088 
542.2 19.089 
542.3 19.09 
542.4 19.09 
542.5 19.091 
542.6 19.092 
542.7 19.092 
542.8 19.093 
542.9 19.094 
543.0 19.095 
543.1 19.095 
543.2 19.096 
543.3 19.097 
543.4 19.097 
543.5 19.098 
543.6 19.099 
543.7 19.1 
543.8 19.1 
543.9 19.101 
544.0 19.102 
544.1 19.103 
544.2 19.103 
544.3 19.104 
544.4 19.105 
544.5 19.106 
544.6 19.107 
544.7 19.107 
544.8 19.108 
544.9 19.109 
545.0 19.11 
545.1 19.111 
545.2 19.112 
545.3 19.112 
545.4 19.113 
545.5 19.114 
545.6 19.115 
545.7 19.116 
545.8 19.117 
545.9 19.118 
546.0 19.119 
546.1 19.12 
546.2 19.121 
546.3 19.122 
546.4 19.123 
546.5 19.124 
546.6 19.125 
546.7 19.126 
546.8 19.127 
546.9 19.128 
547.0 19.129 
547.1 19.13 
547.2 19.131 
547.3 19.132 
547.4 19.133 
547.5 19.134 
547.6 19.135 
547.7 19.136 
547.8 19.137 
547.9 19.138 
548.0 19.14 
548.1 19.141 
548.2 19.142 
548.3 19.143 
548.4 19.144 
548.5 19.145 
548.6 19.147 
548.7 19.148 
548.8 19.149 
548.9 19.15 
549.0 19.152 
549.1 19.153 
549.2 19.154 
549.3 19.156 
549.4 19.157 
549.5 19.158 
549.6 19.16 
549.7 19.161 
549.8 19.162 
549.9 19.164 
550.0 19.165 
550.1 19.167 
550.2 19.168 
550.3 19.17 
550.4 19.171 
550.5 19.173 
550.6 19.174 
550.7 19.176 
550.8 19.177 
550.9 19.179 
551.0 19.181 
551.1 19.182 
551.2 19.184 
551.3 19.186 
551.4 19.187 
551.5 19.189 
551.6 19.191 
551.7 19.192 
551.8 19.194 
551.9 19.196 
552.0 19.198 
552.1 19.2 
552.2 19.202 
552.3 19.204 
552.4 19.205 
552.5 19.207 
552.6 19.209 
552.7 19.211 
552.8 19.213 
552.9 19.215 
553.0 19.217 
553.1 19.22 
553.2 19.222 
553.3 19.224 
553.4 19.226 
553.5 19.228 
553.6 19.23 
553.7 19.233 
553.8 19.235 
553.9 19.237 
554.0 19.24 
554.1 19.242 
554.2 19.245 
554.3 19.247 
554.4 19.249 
554.5 19.252 
554.6 19.255 
554.7 19.257 
554.8 19.26 
554.9 19.262 
555.0 19.265 
555.1 19.268 
555.2 19.271 
555.3 19.273 
555.4 19.276 
555.5 19.279 
555.6 19.282 
555.7 19.285 
555.8 19.288 
555.9 19.291 
556.0 19.294 
556.1 19.297 
556.2 19.301 
556.3 19.304 
556.4 19.307 
556.5 19.311 
556.6 19.314 
556.7 19.317 
556.8 19.321 
556.9 19.324 
557.0 19.328 
557.1 19.332 
557.2 19.335 
557.3 19.339 
557.4 19.343 
557.5 19.347 
557.6 19.351 
557.7 19.355 
557.8 19.359 
557.9 19.363 
558.0 19.367 
558.1 19.371 
558.2 19.375 
558.3 19.38 
558.4 19.384 
558.5 19.389 
558.6 19.393 
558.7 19.398 
558.8 19.403 
558.9 19.407 
559.0 19.412 
559.1 19.417 
559.2 19.422 
559.3 19.427 
559.4 19.432 
559.5 19.438 
559.6 19.443 
559.7 19.448 
559.8 19.454 
559.9 19.459 
560.0 19.465 
560.1 19.471 
560.2 19.477 
560.3 19.483 
560.4 19.489 
560.5 19.495 
560.6 19.501 
560.7 19.507 
560.8 19.514 
560.9 19.52 
561.0 19.527 
561.1 19.533 
561.2 19.54 
561.3 19.547 
561.4 19.554 
561.5 19.561 
561.6 19.569 
561.7 19.576 
561.8 19.584 
561.9 19.591 
562.0 19.599 
562.1 19.607 
562.2 19.615 
562.3 19.623 
562.4 19.631 
562.5 19.64 
562.6 19.648 
562.7 19.657 
562.8 19.665 
562.9 19.674 
563.0 19.683 
563.1 19.693 
563.2 19.702 
563.3 19.711 
563.4 19.721 
563.5 19.731 
563.6 19.741 
563.7 19.751 
563.8 19.761 
563.9 19.772 
564.0 19.782 
564.1 19.793 
564.2 19.804 
564.3 19.815 
564.4 19.826 
564.5 19.838 
564.6 19.849 
564.7 19.861 
564.8 19.873 
564.9 19.885 
565.0 19.897 
565.1 19.91 
565.2 19.923 
565.3 19.936 
565.4 19.949 
565.5 19.962 
565.6 19.975 
565.7 19.989 
565.8 20.003 
565.9 20.017 
566.0 20.031 
566.1 20.046 
566.2 20.06 
566.3 20.075 
566.4 20.09 
566.5 20.106 
566.6 20.121 
566.7 20.137 
566.8 20.153 
566.9 20.169 
567.0 20.185 
567.1 20.202 
567.2 20.219 
567.3 20.236 
567.4 20.253 
567.5 20.271 
567.6 20.288 
567.7 20.306 
567.8 20.325 
567.9 20.343 
568.0 20.362 
568.1 20.38 
568.2 20.4 
568.3 20.419 
568.4 20.439 
568.5 20.458 
568.6 20.478 
568.7 20.499 
568.8 20.519 
568.9 20.54 
569.0 20.561 
569.1 20.582 
569.2 20.603 
569.3 20.625 
569.4 20.647 
569.5 20.669 
569.6 20.692 
569.7 20.714 
569.8 20.737 
569.9 20.76 
570.0 20.783 
570.1 20.807 
570.2 20.83 
570.3 20.854 
570.4 20.878 
570.5 20.903 
570.6 20.927 
570.7 20.952 
570.8 20.977 
570.9 21.002 
571.0 21.028 
571.1 21.053 
571.2 21.079 
571.3 21.105 
571.4 21.131 
571.5 21.157 
571.6 21.184 
571.7 21.21 
571.8 21.237 
571.9 21.264 
572.0 21.292 
572.1 21.319 
572.2 21.346 
572.3 21.374 
572.4 21.402 
572.5 21.43 
572.6 21.458 
572.7 21.486 
572.8 21.514 
572.9 21.543 
573.0 21.571 
573.1 21.6 
573.2 21.629 
573.3 21.658 
573.4 21.687 
573.5 21.716 
573.6 21.745 
573.7 21.774 
573.8 21.803 
573.9 21.832 
574.0 21.862 
574.1 21.891 
574.2 21.921 
574.3 21.95 
574.4 21.98 
574.5 22.009 
574.6 22.039 
574.7 22.068 
574.8 22.098 
574.9 22.128 
575.0 22.157 
575.1 22.187 
575.2 22.216 
575.3 22.246 
575.4 22.275 
575.5 22.305 
575.6 22.334 
575.7 22.363 
575.8 22.393 
575.9 22.422 
576.0 22.451 
576.1 22.48 
576.2 22.509 
576.3 22.538 
576.4 22.566 
576.5 22.595 
576.6 22.624 
576.7 22.652 
576.8 22.68 
576.9 22.709 
577.0 22.737 
577.1 22.765 
577.2 22.792 
577.3 22.82 
577.4 22.848 
577.5 22.875 
577.6 22.902 
577.7 22.929 
577.8 22.956 
577.9 22.983 
578.0 23.009 
578.1 23.035 
578.2 23.062 
578.3 23.087 
578.4 23.113 
578.5 23.139 
578.6 23.164 
578.7 23.189 
578.8 23.214 
578.9 23.239 
579.0 23.263 
579.1 23.288 
579.2 23.312 
579.3 23.336 
579.4 23.359 
579.5 23.383 
579.6 23.406 
579.7 23.429 
579.8 23.452 
579.9 23.474 
580.0 23.496 
580.1 23.518 
580.2 23.54 
580.3 23.562 
580.4 23.583 
580.5 23.604 
580.6 23.625 
580.7 23.646 
580.8 23.666 
580.9 23.686 
581.0 23.706 
581.1 23.726 
581.2 23.745 
581.3 23.764 
581.4 23.783 
581.5 23.802 
581.6 23.82 
581.7 23.839 
581.8 23.857 
581.9 23.874 
582.0 23.892 
582.1 23.909 
582.2 23.926 
582.3 23.943 
582.4 23.959 
582.5 23.976 
582.6 23.992 
582.7 24.008 
582.8 24.023 
582.9 24.039 
583.0 24.054 
583.1 24.069 
583.2 24.084 
583.3 24.098 
583.4 24.113 
583.5 24.127 
583.6 24.141 
583.7 24.154 
583.8 24.168 
583.9 24.181 
584.0 24.194 
584.1 24.207 
584.2 24.22 
584.3 24.232 
584.4 24.245 
584.5 24.257 
584.6 24.268 
584.7 24.28 
584.8 24.292 
584.9 24.303 
585.0 24.314 
585.1 24.325 
585.2 24.336 
585.3 24.346 
585.4 24.357 
585.5 24.367 
585.6 24.377 
585.7 24.387 
585.8 24.396 
585.9 24.406 
586.0 24.415 
586.1 24.425 
586.2 24.434 
586.3 24.443 
586.4 24.451 
586.5 24.46 
586.6 24.468 
586.7 24.477 
586.8 24.485 
586.9 24.493 
587.0 24.5 
587.1 24.508 
587.2 24.516 
587.3 24.523 
587.4 24.53 
587.5 24.538 
587.6 24.545 
587.7 24.552 
587.8 24.558 
587.9 24.565 
588.0 24.572 
588.1 24.578 
588.2 24.584 
588.3 24.59 
588.4 24.597 
588.5 24.602 
588.6 24.608 
588.7 24.614 
588.8 24.62 
588.9 24.625 
589.0 24.631 
589.1 24.636 
589.2 24.641 
589.3 24.646 
589.4 24.651 
589.5 24.656 
589.6 24.661 
589.7 24.666 
589.8 24.67 
589.9 24.675 
590.0 24.679 
590.1 24.684 
590.2 24.688 
590.3 24.692 
590.4 24.696 
590.5 24.7 
590.6 24.704 
590.7 24.708 
590.8 24.712 
590.9 24.716 
591.0 24.719 
591.1 24.723 
591.2 24.727 
591.3 24.73 
591.4 24.733 
591.5 24.737 
591.6 24.74 
591.7 24.743 
591.8 24.746 
591.9 24.749 
592.0 24.752 
592.1 24.755 
592.2 24.758 
592.3 24.761 
592.4 24.764 
592.5 24.767 
592.6 24.769 
592.7 24.772 
592.8 24.774 
592.9 24.777 
593.0 24.779 
593.1 24.782 
593.2 24.784 
593.3 24.787 
593.4 24.789 
593.5 24.791 
593.6 24.793 
593.7 24.795 
593.8 24.797 
593.9 24.8 
594.0 24.802 
594.1 24.804 
594.2 24.805 
594.3 24.807 
594.4 24.809 
594.5 24.811 
594.6 24.813 
594.7 24.815 
594.8 24.816 
594.9 24.818 
595.0 24.82 
595.1 24.821 
595.2 24.823 
595.3 24.824 
595.4 24.826 
595.5 24.827 
595.6 24.829 
595.7 24.83 
595.8 24.832 
595.9 24.833 
596.0 24.834 
596.1 24.836 
596.2 24.837 
596.3 24.838 
596.4 24.839 
596.5 24.841 
596.6 24.842 
596.7 24.843 
596.8 24.844 
596.9 24.845 
597.0 24.846 
597.1 24.847 
597.2 24.848 
597.3 24.849 
597.4 24.85 
597.5 24.851 
597.6 24.852 
597.7 24.853 
597.8 24.854 
597.9 24.855 
598.0 24.856 
598.1 24.857 
598.2 24.858 
598.3 24.858 
598.4 24.859 
598.5 24.86 
598.6 24.861 
598.7 24.862 
598.8 24.862 
598.9 24.863 
599.0 24.864 
599.1 24.864 
599.2 24.865 
599.3 24.866 
599.4 24.866 
599.5 24.867 
599.6 24.868 
599.7 24.868 
599.8 24.869 
599.9 24.87 
