400.0 2.01 1.908 1.939 1.187 2.328 0.6 0.01 0.013 0.012
400.1 2.01 1.908 1.939 1.187 2.324 0.6 0.01 0.016 0.015
400.2 2.01 1.908 1.939 1.187 2.321 0.601 0.01 0.02 0.018
400.3 2.01 1.908 1.939 1.187 2.316 0.601 0.01 0.025 0.022
400.4 2.01 1.908 1.939 1.186 2.311 0.601 0.01 0.031 0.027
400.5 2.01 1.908 1.939 1.186 2.305 0.601 0.01 0.038 0.034
400.6 2.01 1.908 1.939 1.185 2.297 0.601 0.01 0.048 0.041
400.7 2.01 1.908 1.939 1.184 2.289 0.601 0.01 0.059 0.051
400.8 2.01 1.908 1.939 1.183 2.278 0.602 0.01 0.073 0.061
400.9 2.01 1.908 1.939 1.182 2.265 0.602 0.01 0.089 0.074
401.0 2.01 1.908 1.939 1.18 2.251 0.602 0.01 0.11 0.09
401.1 2.01 1.908 1.939 1.178 2.234 0.602 0.01 0.135 0.107
401.2 2.01 1.908 1.939 1.176 2.214 0.603 0.01 0.164 0.127
401.3 2.01 1.908 1.939 1.174 2.192 0.603 0.01 0.199 0.15
401.4 2.01 1.908 1.939 1.171 2.167 0.604 0.01 0.241 0.175
401.5 2.01 1.908 1.939 1.168 2.139 0.604 0.01 0.289 0.202
401.6 2.01 1.908 1.939 1.164 2.109 0.605 0.01 0.345 0.232
401.7 2.01 1.908 1.939 1.16 2.077 0.605 0.01 0.409 0.264
401.8 2.01 1.908 1.939 1.156 2.043 0.606 0.01 0.481 0.297
401.9 2.01 1.908 1.939 1.151 2.008 0.606 0.01 0.561 0.331
402.0 2.01 1.908 1.939 1.146 1.972 0.607 0.01 0.65 0.366
402.1 2.01 1.908 1.939 1.14 1.936 0.607 0.01 0.747 0.402
402.2 2.01 1.908 1.939 1.134 1.9 0.607 0.01 0.852 0.437
402.3 2.01 1.908 1.939 1.128 1.866 0.607 0.01 0.963 0.473
402.4 2.01 1.908 1.939 1.122 1.833 0.607 0.01 1.081 0.508
402.5 2.01 1.908 1.939 1.116 1.802 0.607 0.01 1.204 0.542
402.6 2.01 1.908 1.939 1.11 1.773 0.607 0.01 1.331 0.576
402.7 2.01 1.908 1.939 1.104 1.747 0.606 0.01 1.462 0.61
402.8 2.01 1.908 1.939 1.098 1.724 0.605 0.01 1.596 0.642
402.9 2.01 1.908 1.939 1.092 1.704 0.605 0.01 1.731 0.674
403.0 2.01 1.908 1.939 1.086 1.688 0.603 0.01 1.868 0.705
403.1 2.01 1.908 1.939 1.081 1.675 0.602 0.01 2.005 0.736
403.2 2.01 1.908 1.939 1.076 1.665 0.601 0.01 2.141 0.766
403.3 2.01 1.908 1.939 1.072 1.659 0.599 0.01 2.276 0.795
403.4 2.01 1.908 1.939 1.067 1.655 0.597 0.01 2.41 0.824
403.5 2.01 1.908 1.939 1.064 1.655 0.595 0.01 2.541 0.852
403.6 2.01 1.908 1.939 1.06 1.658 0.593 0.01 2.67 0.88
403.7 2.01 1.908 1.939 1.058 1.664 0.591 0.01 2.797 0.908
403.8 2.01 1.908 1.939 1.055 1.672 0.589 0.01 2.921 0.935
403.9 2.01 1.908 1.939 1.053 1.683 0.587 0.01 3.041 0.962
404.0 2.01 1.908 1.939 1.052 1.696 0.585 0.01 3.159 0.988
404.1 2.01 1.908 1.939 1.05 1.711 0.583 0.01 3.273 1.014
404.2 2.01 1.908 1.939 1.05 1.728 0.581 0.01 3.384 1.04
404.3 2.01 1.908 1.939 1.05 1.747 0.579 0.01 3.492 1.065
404.4 2.01 1.908 1.939 1.05 1.767 0.578 0.01 3.597 1.091
404.5 2.01 1.908 1.939 1.05 1.789 0.576 0.01 3.698 1.115
404.6 2.01 1.908 1.939 1.051 1.812 0.574 0.01 3.797 1.14
404.7 2.01 1.908 1.939 1.053 1.836 0.573 0.01 3.892 1.164
404.8 2.01 1.908 1.939 1.054 1.861 0.571 0.01 3.984 1.188
404.9 2.01 1.908 1.939 1.056 1.887 0.57 0.01 4.073 1.211
405.0 2.01 1.908 1.939 1.059 1.913 0.569 0.01 4.16 1.234
405.1 2.01 1.908 1.939 1.062 1.94 0.568 0.01 4.244 1.257
405.2 2.01 1.908 1.939 1.065 1.967 0.567 0.01 4.325 1.279
405.3 2.01 1.908 1.939 1.068 1.995 0.566 0.01 4.403 1.301
405.4 2.01 1.908 1.939 1.071 2.023 0.566 0.01 4.479 1.322
405.5 2.01 1.908 1.939 1.075 2.052 0.565 0.01 4.553 1.343
405.6 2.01 1.908 1.939 1.079 2.08 0.565 0.01 4.624 1.364
405.7 2.01 1.908 1.939 1.083 2.108 0.565 0.01 4.694 1.385
405.8 2.01 1.908 1.939 1.088 2.137 0.565 0.01 4.761 1.405
405.9 2.01 1.908 1.939 1.093 2.165 0.565 0.01 4.825 1.424
406.0 2.01 1.908 1.939 1.097 2.194 0.565 0.01 4.888 1.444
406.1 2.01 1.908 1.939 1.102 2.222 0.565 0.01 4.949 1.462
406.2 2.01 1.908 1.939 1.108 2.25 0.565 0.01 5.008 1.481
406.3 2.01 1.908 1.939 1.113 2.278 0.566 0.01 5.066 1.499
406.4 2.01 1.908 1.939 1.118 2.305 0.566 0.01 5.121 1.517
406.5 2.01 1.908 1.939 1.124 2.332 0.567 0.01 5.175 1.534
406.6 2.01 1.908 1.939 1.129 2.359 0.568 0.01 5.227 1.551
406.7 2.01 1.908 1.939 1.135 2.386 0.568 0.01 5.278 1.567
406.8 2.01 1.908 1.939 1.141 2.412 0.569 0.01 5.327 1.584
406.9 2.01 1.908 1.939 1.146 2.438 0.57 0.01 5.374 1.6
407.0 2.01 1.908 1.939 1.152 2.463 0.571 0.01 5.42 1.615
407.1 2.01 1.908 1.939 1.158 2.488 0.572 0.01 5.465 1.63
407.2 2.01 1.908 1.939 1.164 2.513 0.573 0.01 5.509 1.645
407.3 2.01 1.908 1.939 1.17 2.537 0.574 0.01 5.551 1.659
407.4 2.01 1.908 1.939 1.175 2.561 0.575 0.01 5.591 1.673
407.5 2.01 1.908 1.939 1.181 2.584 0.576 0.01 5.631 1.687
407.6 2.01 1.908 1.939 1.187 2.607 0.577 0.01 5.669 1.7
407.7 2.01 1.908 1.939 1.193 2.63 0.579 0.01 5.707 1.713
407.8 2.01 1.908 1.939 1.199 2.652 0.58 0.01 5.743 1.726
407.9 2.01 1.908 1.939 1.204 2.673 0.581 0.01 5.778 1.738
408.0 2.01 1.908 1.939 1.21 2.694 0.582 0.01 5.812 1.75
408.1 2.01 1.908 1.939 1.216 2.715 0.584 0.01 5.845 1.762
408.2 2.01 1.908 1.939 1.221 2.735 0.585 0.01 5.877 1.774
408.3 2.01 1.908 1.939 1.227 2.754 0.586 0.01 5.907 1.785
408.4 2.01 1.908 1.939 1.232 2.774 0.587 0.01 5.937 1.795
408.5 2.01 1.908 1.939 1.238 2.792 0.589 0.01 5.967 1.806
408.6 2.01 1.908 1.939 1.243 2.811 0.59 0.01 5.995 1.816
408.7 2.01 1.908 1.939 1.248 2.829 0.591 0.01 6.022 1.826
408.8 2.01 1.908 1.939 1.253 2.846 0.592 0.01 6.049 1.836
408.9 2.01 1.908 1.939 1.258 2.863 0.593 0.01 6.074 1.845
409.0 2.01 1.908 1.939 1.263 2.88 0.595 0.01 6.099 1.854
409.1 2.01 1.908 1.939 1.268 2.896 0.596 0.01 6.123 1.863
409.2 2.01 1.908 1.939 1.273 2.911 0.597 0.01 6.147 1.872
409.3 2.01 1.908 1.939 1.278 2.927 0.598 0.01 6.169 1.88
409.4 2.01 1.908 1.939 1.282 2.942 0.599 0.01 6.191 1.889
409.5 2.01 1.908 1.939 1.287 2.956 0.6 0.01 6.212 1.896
409.6 2.01 1.908 1.939 1.291 2.97 0.602 0.01 6.233 1.904
409.7 2.01 1.908 1.939 1.295 2.984 0.603 0.01 6.253 1.912
409.8 2.01 1.908 1.939 1.3 2.997 0.604 0.01 6.272 1.919
409.9 2.01 1.908 1.939 1.304 3.01 0.605 0.01 6.291 1.926
410.0 2.01 1.908 1.939 1.308 3.023 0.606 0.01 6.309 1.933
410.1 2.01 1.908 1.939 1.312 3.035 0.607 0.01 6.327 1.939
410.2 2.01 1.908 1.939 1.316 3.047 0.608 0.01 6.344 1.946
410.3 2.01 1.908 1.939 1.319 3.059 0.609 0.01 6.36 1.952
410.4 2.01 1.908 1.939 1.323 3.07 0.61 0.01 6.376 1.958
410.5 2.01 1.908 1.939 1.326 3.081 0.611 0.01 6.391 1.964
410.6 2.01 1.908 1.939 1.33 3.091 0.611 0.01 6.406 1.969
410.7 2.01 1.908 1.939 1.333 3.101 0.612 0.01 6.421 1.975
410.8 2.01 1.908 1.939 1.336 3.111 0.613 0.01 6.435 1.98
410.9 2.01 1.908 1.939 1.34 3.121 0.614 0.01 6.448 1.985
411.0 2.01 1.908 1.939 1.343 3.13 0.615 0.01 6.461 1.99
411.1 2.01 1.908 1.939 1.346 3.139 0.616 0.01 6.474 1.995
411.2 2.01 1.908 1.939 1.349 3.148 0.616 0.01 6.486 2.0
411.3 2.01 1.908 1.939 1.352 3.157 0.617 0.01 6.498 2.004
411.4 2.01 1.908 1.939 1.354 3.165 0.618 0.01 6.509 2.009
411.5 2.01 1.908 1.939 1.357 3.173 0.618 0.01 6.521 2.013
411.6 2.01 1.908 1.939 1.36 3.181 0.619 0.01 6.531 2.017
411.7 2.01 1.908 1.939 1.362 3.188 0.62 0.01 6.542 2.021
411.8 2.01 1.908 1.939 1.364 3.196 0.62 0.01 6.552 2.025
411.9 2.01 1.908 1.939 1.367 3.203 0.621 0.01 6.561 2.029
412.0 2.01 1.908 1.939 1.369 3.21 0.622 0.01 6.571 2.032
412.1 2.01 1.908 1.939 1.371 3.216 0.622 0.01 6.58 2.036
412.2 2.01 1.908 1.939 1.374 3.223 0.623 0.01 6.589 2.039
412.3 2.01 1.908 1.939 1.376 3.229 0.623 0.01 6.597 2.043
412.4 2.01 1.908 1.939 1.378 3.235 0.624 0.01 6.605 2.046
412.5 2.01 1.908 1.939 1.38 3.241 0.624 0.01 6.613 2.049
412.6 2.01 1.908 1.939 1.382 3.246 0.625 0.01 6.621 2.052
412.7 2.01 1.908 1.939 1.383 3.252 0.625 0.01 6.628 2.055
412.8 2.01 1.908 1.939 1.385 3.257 0.626 0.01 6.635 2.057
412.9 2.01 1.908 1.939 1.387 3.262 0.626 0.01 6.642 2.06
413.0 2.01 1.908 1.939 1.389 3.267 0.627 0.01 6.649 2.063
413.1 2.01 1.908 1.939 1.39 3.272 0.627 0.01 6.655 2.065
413.2 2.01 1.908 1.939 1.392 3.276 0.628 0.01 6.662 2.068
413.3 2.01 1.908 1.939 1.393 3.281 0.628 0.01 6.668 2.07
413.4 2.01 1.908 1.939 1.395 3.285 0.628 0.01 6.673 2.072
413.5 2.01 1.908 1.939 1.396 3.289 0.629 0.01 6.679 2.074
413.6 2.01 1.908 1.939 1.398 3.294 0.629 0.01 6.685 2.077
413.7 2.01 1.908 1.939 1.399 3.297 0.63 0.01 6.69 2.079
413.8 2.01 1.908 1.939 1.4 3.301 0.63 0.01 6.695 2.081
413.9 2.01 1.908 1.939 1.401 3.305 0.63 0.01 6.7 2.083
414.0 2.01 1.908 1.939 1.403 3.308 0.631 0.01 6.705 2.084
414.1 2.01 1.908 1.939 1.404 3.312 0.631 0.01 6.709 2.086
414.2 2.01 1.908 1.939 1.405 3.315 0.631 0.01 6.714 2.088
414.3 2.01 1.908 1.939 1.406 3.318 0.631 0.01 6.718 2.09
414.4 2.01 1.908 1.939 1.407 3.321 0.632 0.01 6.722 2.091
414.5 2.01 1.908 1.939 1.408 3.324 0.632 0.01 6.726 2.093
414.6 2.01 1.908 1.939 1.409 3.327 0.632 0.01 6.73 2.094
414.7 2.01 1.908 1.939 1.41 3.33 0.632 0.01 6.734 2.096
414.8 2.01 1.908 1.939 1.411 3.333 0.633 0.01 6.737 2.097
414.9 2.01 1.908 1.939 1.412 3.335 0.633 0.01 6.741 2.099
415.0 2.01 1.908 1.939 1.413 3.338 0.633 0.01 6.744 2.1
415.1 2.01 1.908 1.939 1.414 3.34 0.633 0.01 6.747 2.101
415.2 2.01 1.908 1.939 1.414 3.343 0.634 0.01 6.75 2.102
415.3 2.01 1.908 1.939 1.415 3.345 0.634 0.01 6.753 2.104
415.4 2.01 1.908 1.939 1.416 3.347 0.634 0.01 6.756 2.105
415.5 2.01 1.908 1.939 1.417 3.349 0.634 0.01 6.759 2.106
415.6 2.01 1.908 1.939 1.417 3.351 0.634 0.01 6.762 2.107
415.7 2.01 1.908 1.939 1.418 3.353 0.635 0.01 6.764 2.108
415.8 2.01 1.908 1.939 1.419 3.355 0.635 0.01 6.767 2.109
415.9 2.01 1.908 1.939 1.419 3.357 0.635 0.01 6.769 2.11
416.0 2.01 1.908 1.939 1.42 3.359 0.635 0.01 6.772 2.111
416.1 2.01 1.908 1.939 1.42 3.361 0.635 0.01 6.774 2.112
416.2 2.01 1.908 1.939 1.421 3.362 0.635 0.01 6.776 2.113
416.3 2.01 1.908 1.939 1.422 3.364 0.635 0.01 6.778 2.113
416.4 2.01 1.908 1.939 1.422 3.365 0.636 0.01 6.781 2.114
416.5 2.01 1.908 1.939 1.423 3.367 0.636 0.01 6.782 2.115
416.6 2.01 1.908 1.939 1.423 3.368 0.636 0.01 6.784 2.116
416.7 2.01 1.908 1.939 1.424 3.37 0.636 0.01 6.786 2.116
416.8 2.01 1.908 1.939 1.424 3.371 0.636 0.01 6.788 2.117
416.9 2.01 1.908 1.939 1.424 3.372 0.636 0.01 6.79 2.118
417.0 2.01 1.908 1.939 1.425 3.374 0.636 0.01 6.791 2.118
417.1 2.01 1.908 1.939 1.425 3.375 0.636 0.01 6.793 2.119
417.2 2.01 1.908 1.939 1.426 3.376 0.637 0.01 6.795 2.12
417.3 2.01 1.908 1.939 1.426 3.377 0.637 0.01 6.796 2.12
417.4 2.01 1.908 1.939 1.426 3.378 0.637 0.01 6.798 2.121
417.5 2.01 1.908 1.939 1.427 3.379 0.637 0.01 6.799 2.121
417.6 2.01 1.908 1.939 1.427 3.38 0.637 0.01 6.8 2.122
417.7 2.01 1.908 1.939 1.428 3.381 0.637 0.01 6.802 2.122
417.8 2.01 1.908 1.939 1.428 3.382 0.637 0.01 6.803 2.123
417.9 2.01 1.908 1.939 1.428 3.383 0.637 0.01 6.804 2.123
418.0 2.01 1.908 1.939 1.428 3.384 0.637 0.01 6.805 2.124
418.1 2.01 1.908 1.939 1.429 3.385 0.637 0.01 6.806 2.124
418.2 2.01 1.908 1.939 1.429 3.386 0.637 0.01 6.808 2.125
418.3 2.01 1.908 1.939 1.429 3.387 0.637 0.01 6.809 2.125
418.4 2.01 1.908 1.939 1.43 3.388 0.638 0.01 6.81 2.126
418.5 2.01 1.908 1.939 1.43 3.388 0.638 0.01 6.811 2.126
418.6 2.01 1.908 1.939 1.43 3.389 0.638 0.01 6.812 2.126
418.7 2.01 1.908 1.939 1.43 3.39 0.638 0.01 6.812 2.127
418.8 2.01 1.908 1.939 1.431 3.39 0.638 0.01 6.813 2.127
418.9 2.01 1.908 1.939 1.431 3.391 0.638 0.01 6.814 2.127
419.0 2.01 1.908 1.939 1.431 3.392 0.638 0.01 6.815 2.128
419.1 2.01 1.908 1.939 1.431 3.392 0.638 0.01 6.816 2.128
419.2 2.01 1.908 1.939 1.431 3.393 0.638 0.01 6.817 2.128
419.3 2.01 1.908 1.939 1.432 3.393 0.638 0.01 6.817 2.129
419.4 2.01 1.908 1.939 1.432 3.394 0.638 0.01 6.818 2.129
419.5 2.01 1.908 1.939 1.432 3.394 0.638 0.01 6.819 2.129
419.6 2.01 1.908 1.939 1.432 3.395 0.638 0.01 6.819 2.129
419.7 2.01 1.908 1.939 1.432 3.395 0.638 0.01 6.82 2.13
419.8 2.01 1.908 1.939 1.432 3.396 0.638 0.01 6.821 2.13
419.9 2.01 1.908 1.939 1.433 3.396 0.638 0.01 6.821 2.13
420.0 2.01 1.908 1.939 1.433 3.397 0.638 0.01 6.822 2.13
420.1 2.01 1.908 1.939 1.433 3.397 0.638 0.01 6.822 2.131
420.2 2.01 1.908 1.939 1.433 3.398 0.638 0.01 6.823 2.131
420.3 2.01 1.908 1.939 1.433 3.398 0.638 0.01 6.824 2.131
420.4 2.01 1.908 1.939 1.433 3.398 0.639 0.01 6.824 2.131
420.5 2.01 1.908 1.939 1.433 3.399 0.639 0.01 6.825 2.131
420.6 2.01 1.908 1.939 1.434 3.399 0.639 0.01 6.825 2.132
420.7 2.01 1.908 1.939 1.434 3.4 0.639 0.01 6.825 2.132
420.8 2.01 1.908 1.939 1.434 3.4 0.639 0.01 6.826 2.132
420.9 2.01 1.908 1.939 1.434 3.4 0.639 0.01 6.826 2.132
421.0 2.01 1.908 1.939 1.434 3.4 0.639 0.01 6.827 2.132
421.1 2.01 1.908 1.939 1.434 3.401 0.639 0.01 6.827 2.133
421.2 2.01 1.908 1.939 1.434 3.401 0.639 0.01 6.827 2.133
421.3 2.01 1.908 1.939 1.434 3.401 0.639 0.01 6.828 2.133
421.4 2.01 1.908 1.939 1.434 3.402 0.639 0.01 6.828 2.133
421.5 2.01 1.908 1.939 1.434 3.402 0.639 0.01 6.829 2.133
421.6 2.01 1.908 1.939 1.435 3.402 0.639 0.01 6.829 2.133
421.7 2.01 1.908 1.939 1.435 3.402 0.639 0.01 6.829 2.133
421.8 2.01 1.908 1.939 1.435 3.403 0.639 0.01 6.83 2.133
421.9 2.01 1.908 1.939 1.435 3.403 0.639 0.01 6.83 2.134
422.0 2.01 1.908 1.939 1.435 3.403 0.639 0.01 6.83 2.134
422.1 2.01 1.908 1.939 1.435 3.403 0.639 0.01 6.83 2.134
422.2 2.01 1.908 1.939 1.435 3.403 0.639 0.01 6.831 2.134
422.3 2.01 1.908 1.939 1.435 3.404 0.639 0.01 6.831 2.134
422.4 2.01 1.908 1.939 1.435 3.404 0.639 0.01 6.831 2.134
422.5 2.01 1.908 1.939 1.435 3.404 0.639 0.01 6.831 2.134
422.6 2.01 1.908 1.939 1.435 3.404 0.639 0.01 6.832 2.134
422.7 2.01 1.908 1.939 1.435 3.404 0.639 0.01 6.832 2.134
422.8 2.01 1.908 1.939 1.435 3.405 0.639 0.01 6.832 2.134
422.9 2.01 1.908 1.939 1.435 3.405 0.639 0.01 6.832 2.135
423.0 2.01 1.908 1.939 1.435 3.405 0.639 0.01 6.832 2.135
423.1 2.01 1.908 1.939 1.435 3.405 0.639 0.01 6.833 2.135
423.2 2.01 1.908 1.939 1.436 3.405 0.639 0.01 6.833 2.135
423.3 2.01 1.908 1.939 1.436 3.405 0.639 0.01 6.833 2.135
423.4 2.01 1.908 1.939 1.436 3.405 0.639 0.01 6.833 2.135
423.5 2.01 1.908 1.939 1.436 3.406 0.639 0.01 6.833 2.135
423.6 2.01 1.908 1.939 1.436 3.406 0.639 0.01 6.834 2.135
423.7 2.01 1.908 1.939 1.436 3.406 0.639 0.01 6.834 2.135
423.8 2.01 1.908 1.939 1.436 3.406 0.639 0.01 6.834 2.135
423.9 2.01 1.908 1.939 1.436 3.406 0.639 0.01 6.834 2.135
424.0 2.01 1.908 1.939 1.436 3.406 0.639 0.01 6.834 2.135
424.1 2.01 1.908 1.939 1.436 3.406 0.639 0.01 6.834 2.135
424.2 2.01 1.908 1.939 1.436 3.406 0.639 0.01 6.834 2.135
424.3 2.01 1.908 1.939 1.436 3.406 0.639 0.01 6.835 2.135
424.4 2.01 1.908 1.939 1.436 3.407 0.639 0.01 6.835 2.135
424.5 2.01 1.908 1.939 1.436 3.407 0.639 0.01 6.835 2.136
424.6 2.01 1.908 1.939 1.436 3.407 0.639 0.01 6.835 2.136
424.7 2.01 1.908 1.939 1.436 3.407 0.639 0.01 6.835 2.136
424.8 2.01 1.908 1.939 1.436 3.407 0.639 0.01 6.835 2.136
424.9 2.01 1.908 1.939 1.436 3.407 0.639 0.01 6.835 2.136
425.0 2.01 1.908 1.939 1.436 3.407 0.639 0.01 6.835 2.136
425.1 2.01 1.908 1.939 1.436 3.407 0.639 0.01 6.835 2.136
425.2 2.01 1.908 1.939 1.436 3.407 0.639 0.01 6.836 2.136
425.3 2.01 1.908 1.939 1.436 3.407 0.639 0.01 6.836 2.136
425.4 2.01 1.908 1.939 1.436 3.407 0.639 0.01 6.836 2.136
425.5 2.01 1.908 1.939 1.436 3.407 0.639 0.01 6.836 2.136
425.6 2.01 1.908 1.939 1.436 3.407 0.639 0.01 6.836 2.136
425.7 2.01 1.908 1.939 1.436 3.408 0.639 0.01 6.836 2.136
425.8 2.01 1.908 1.939 1.436 3.408 0.639 0.01 6.836 2.136
425.9 2.01 1.908 1.939 1.436 3.408 0.639 0.01 6.836 2.136
426.0 2.01 1.908 1.939 1.436 3.408 0.639 0.01 6.836 2.136
426.1 2.01 1.908 1.939 1.436 3.408 0.639 0.01 6.836 2.136
426.2 2.01 1.908 1.939 1.436 3.408 0.639 0.01 6.836 2.136
426.3 2.01 1.908 1.939 1.436 3.408 0.639 0.01 6.836 2.136
426.4 2.01 1.908 1.939 1.436 3.408 0.639 0.01 6.836 2.136
426.5 2.01 1.908 1.939 1.436 3.408 0.639 0.01 6.836 2.136
426.6 2.01 1.908 1.939 1.436 3.408 0.639 0.01 6.837 2.136
426.7 2.01 1.908 1.939 1.436 3.408 0.639 0.01 6.837 2.136
426.8 2.01 1.908 1.939 1.437 3.408 0.639 0.01 6.837 2.136
426.9 2.01 1.908 1.939 1.437 3.408 0.639 0.01 6.837 2.136
427.0 2.01 1.908 1.939 1.437 3.408 0.639 0.01 6.837 2.136
427.1 2.01 1.908 1.939 1.437 3.408 0.639 0.01 6.837 2.136
427.2 2.01 1.908 1.939 1.437 3.408 0.639 0.01 6.837 2.136
427.3 2.01 1.908 1.939 1.437 3.408 0.639 0.01 6.837 2.136
427.4 2.01 1.908 1.939 1.437 3.408 0.639 0.01 6.837 2.136
427.5 2.01 1.908 1.939 1.437 3.408 0.639 0.01 6.837 2.136
427.6 2.01 1.908 1.939 1.437 3.408 0.639 0.01 6.837 2.136
427.7 2.01 1.908 1.939 1.437 3.408 0.639 0.01 6.837 2.136
427.8 2.01 1.908 1.939 1.437 3.408 0.639 0.01 6.837 2.136
427.9 2.01 1.908 1.939 1.437 3.408 0.639 0.01 6.837 2.136
428.0 2.01 1.908 1.939 1.437 3.408 0.639 0.01 6.837 2.136
428.1 2.01 1.908 1.939 1.437 3.408 0.639 0.01 6.837 2.136
428.2 2.01 1.908 1.939 1.437 3.408 0.639 0.01 6.837 2.136
428.3 2.01 1.908 1.939 1.437 3.409 0.639 0.01 6.837 2.137
428.4 2.01 1.908 1.939 1.437 3.409 0.639 0.01 6.837 2.137
428.5 2.01 1.908 1.939 1.437 3.409 0.639 0.01 6.837 2.137
428.6 2.01 1.908 1.939 1.437 3.409 0.639 0.01 6.837 2.137
428.7 2.01 1.908 1.939 1.437 3.409 0.639 0.01 6.837 2.137
428.8 2.01 1.908 1.939 1.437 3.409 0.639 0.01 6.837 2.137
428.9 2.01 1.908 1.939 1.437 3.409 0.639 0.01 6.837 2.137
429.0 2.01 1.908 1.939 1.437 3.409 0.639 0.01 6.837 2.137
429.1 2.01 1.908 1.939 1.437 3.409 0.639 0.01 6.837 2.137
429.2 2.01 1.908 1.939 1.437 3.409 0.639 0.01 6.837 2.137
429.3 2.01 1.908 1.939 1.437 3.409 0.639 0.01 6.837 2.137
429.4 2.01 1.908 1.939 1.437 3.409 0.639 0.01 6.838 2.137
429.5 2.01 1.908 1.939 1.437 3.409 0.639 0.01 6.838 2.137
429.6 2.01 1.908 1.939 1.437 3.409 0.639 0.01 6.838 2.137
429.7 2.01 1.908 1.939 1.437 3.409 0.639 0.01 6.838 2.137
429.8 2.01 1.908 1.939 1.437 3.409 0.639 0.01 6.838 2.137
429.9 2.01 1.908 1.939 1.437 3.409 0.639 0.01 6.838 2.137
430.0 2.01 1.908 1.939 1.437 3.409 0.639 0.01 6.838 2.137
430.1 2.01 1.908 1.939 1.437 3.409 0.639 0.01 6.838 2.137
430.2 2.01 1.908 1.939 1.437 3.409 0.639 0.01 6.838 2.137
430.3 2.01 1.908 1.939 1.437 3.409 0.639 0.01 6.838 2.137
430.4 2.01 1.908 1.939 1.437 3.409 0.639 0.01 6.838 2.137
430.5 2.01 1.908 1.939 1.437 3.409 0.639 0.01 6.838 2.137
430.6 2.01 1.908 1.939 1.437 3.409 0.639 0.01 6.838 2.137
430.7 2.01 1.908 1.939 1.437 3.409 0.639 0.01 6.838 2.137
430.8 2.01 1.908 1.939 1.437 3.409 0.639 0.01 6.838 2.137
430.9 2.01 1.908 1.939 1.437 3.409 0.639 0.01 6.838 2.137
431.0 2.01 1.908 1.939 1.437 3.409 0.639 0.01 6.838 2.137
431.1 2.01 1.908 1.939 1.437 3.409 0.639 0.01 6.838 2.137
431.2 2.01 1.908 1.939 1.437 3.409 0.639 0.01 6.838 2.137
431.3 2.01 1.908 1.939 1.437 3.409 0.639 0.01 6.838 2.137
431.4 2.01 1.908 1.939 1.437 3.409 0.639 0.01 6.838 2.137
431.5 2.01 1.908 1.939 1.437 3.409 0.639 0.01 6.838 2.137
431.6 2.01 1.908 1.939 1.437 3.409 0.639 0.01 6.838 2.137
431.7 2.01 1.908 1.939 1.437 3.409 0.639 0.01 6.838 2.137
431.8 2.01 1.908 1.939 1.437 3.409 0.639 0.01 6.838 2.137
431.9 2.01 1.908 1.939 1.437 3.409 0.639 0.01 6.838 2.137
432.0 2.01 1.908 1.939 1.437 3.409 0.639 0.01 6.838 2.137
432.1 2.01 1.908 1.939 1.437 3.409 0.639 0.01 6.838 2.137
432.2 2.01 1.908 1.939 1.437 3.409 0.639 0.01 6.838 2.137
432.3 2.01 1.908 1.939 1.437 3.409 0.639 0.01 6.838 2.137
432.4 2.01 1.908 1.939 1.437 3.409 0.639 0.01 6.838 2.137
432.5 2.01 1.908 1.939 1.437 3.409 0.639 0.01 6.838 2.137
432.6 2.01 1.908 1.939 1.437 3.409 0.639 0.01 6.838 2.137
432.7 2.01 1.908 1.939 1.437 3.409 0.639 0.01 6.838 2.137
432.8 2.01 1.908 1.939 1.437 3.409 0.639 0.01 6.838 2.137
432.9 2.01 1.908 1.939 1.437 3.409 0.639 0.01 6.838 2.137
433.0 2.01 1.908 1.939 1.437 3.409 0.639 0.01 6.838 2.137
433.1 2.01 1.908 1.939 1.437 3.409 0.639 0.01 6.838 2.137
433.2 2.01 1.908 1.939 1.437 3.409 0.639 0.01 6.838 2.137
433.3 2.01 1.908 1.939 1.437 3.409 0.639 0.01 6.838 2.137
433.4 2.01 1.908 1.939 1.437 3.409 0.639 0.01 6.838 2.137
433.5 2.01 1.908 1.939 1.437 3.409 0.639 0.01 6.838 2.137
433.6 2.01 1.908 1.939 1.437 3.409 0.639 0.01 6.838 2.137
433.7 2.01 1.908 1.939 1.437 3.409 0.639 0.01 6.838 2.137
433.8 2.01 1.908 1.939 1.437 3.409 0.639 0.01 6.838 2.137
433.9 2.01 1.908 1.939 1.437 3.409 0.639 0.01 6.838 2.137
434.0 2.01 1.908 1.939 1.437 3.409 0.639 0.01 6.838 2.137
434.1 2.01 1.908 1.939 1.437 3.409 0.639 0.01 6.838 2.137
434.2 2.01 1.908 1.939 1.437 3.409 0.639 0.01 6.838 2.137
434.3 2.01 1.908 1.939 1.437 3.409 0.639 0.01 6.838 2.137
434.4 2.01 1.908 1.939 1.437 3.409 0.639 0.01 6.838 2.137
434.5 2.01 1.908 1.939 1.437 3.409 0.639 0.01 6.838 2.137
434.6 2.01 1.908 1.939 1.437 3.409 0.639 0.01 6.838 2.137
434.7 2.01 1.908 1.939 1.437 3.409 0.639 0.01 6.838 2.137
434.8 2.01 1.908 1.939 1.437 3.409 0.639 0.01 6.838 2.137
434.9 2.01 1.908 1.939 1.437 3.409 0.639 0.01 6.838 2.137
435.0 2.01 1.908 1.939 1.437 3.409 0.639 0.01 6.838 2.137
435.1 2.01 1.908 1.939 1.437 3.409 0.639 0.01 6.838 2.137
435.2 2.01 1.908 1.939 1.437 3.409 0.639 0.01 6.838 2.137
435.3 2.01 1.908 1.939 1.437 3.409 0.639 0.01 6.838 2.137
435.4 2.01 1.908 1.939 1.437 3.409 0.639 0.01 6.838 2.137
435.5 2.01 1.908 1.939 1.437 3.409 0.639 0.01 6.838 2.137
435.6 2.01 1.908 1.939 1.437 3.409 0.639 0.01 6.838 2.137
435.7 2.01 1.908 1.939 1.437 3.409 0.639 0.01 6.838 2.137
435.8 2.01 1.908 1.939 1.437 3.409 0.639 0.01 6.838 2.137
435.9 2.01 1.908 1.939 1.437 3.409 0.639 0.01 6.838 2.137
436.0 2.01 1.908 1.939 1.437 3.409 0.639 0.01 6.838 2.137
436.1 2.01 1.908 1.939 1.437 3.409 0.639 0.01 6.838 2.137
436.2 2.01 1.908 1.939 1.437 3.409 0.639 0.01 6.838 2.137
436.3 2.01 1.908 1.939 1.437 3.409 0.639 0.01 6.838 2.137
436.4 2.01 1.908 1.939 1.437 3.409 0.639 0.01 6.838 2.137
436.5 2.01 1.908 1.939 1.437 3.409 0.639 0.01 6.838 2.137
436.6 2.01 1.908 1.939 1.437 3.409 0.639 0.01 6.838 2.137
436.7 2.01 1.908 1.939 1.437 3.409 0.639 0.01 6.838 2.137
436.8 2.01 1.908 1.939 1.437 3.409 0.639 0.01 6.838 2.137
436.9 2.01 1.908 1.939 1.437 3.409 0.639 0.01 6.838 2.137
437.0 2.01 1.908 1.939 1.437 3.409 0.639 0.01 6.838 2.137
437.1 2.01 1.908 1.939 1.437 3.409 0.639 0.01 6.838 2.137
437.2 2.01 1.908 1.939 1.437 3.409 0.639 0.01 6.838 2.137
437.3 2.01 1.908 1.939 1.437 3.409 0.639 0.01 6.838 2.137
437.4 2.01 1.908 1.939 1.437 3.409 0.639 0.01 6.838 2.137
437.5 2.01 1.908 1.939 1.437 3.409 0.639 0.01 6.838 2.137
437.6 2.01 1.908 1.939 1.437 3.409 0.639 0.01 6.838 2.137
437.7 2.01 1.908 1.939 1.437 3.409 0.639 0.01 6.838 2.137
437.8 2.01 1.908 1.939 1.437 3.409 0.639 0.01 6.838 2.137
437.9 2.01 1.908 1.939 1.437 3.409 0.639 0.01 6.838 2.137
438.0 2.01 1.908 1.939 1.437 3.409 0.639 0.01 6.838 2.137
438.1 2.01 1.908 1.939 1.437 3.409 0.639 0.01 6.838 2.137
438.2 2.01 1.908 1.939 1.437 3.409 0.639 0.01 6.838 2.137
438.3 2.01 1.908 1.939 1.437 3.409 0.639 0.01 6.838 2.137
438.4 2.01 1.908 1.939 1.437 3.409 0.639 0.01 6.838 2.137
438.5 2.01 1.908 1.939 1.437 3.409 0.639 0.01 6.838 2.137
438.6 2.01 1.908 1.939 1.437 3.409 0.639 0.01 6.838 2.137
438.7 2.01 1.908 1.939 1.437 3.409 0.639 0.01 6.838 2.137
438.8 2.01 1.908 1.939 1.437 3.409 0.639 0.01 6.838 2.137
438.9 2.01 1.908 1.939 1.437 3.409 0.639 0.01 6.838 2.137
439.0 2.01 1.908 1.939 1.437 3.409 0.639 0.01 6.838 2.137
439.1 2.01 1.908 1.939 1.437 3.409 0.639 0.01 6.838 2.137
439.2 2.01 1.908 1.939 1.437 3.409 0.639 0.01 6.838 2.137
439.3 2.01 1.908 1.939 1.437 3.409 0.639 0.01 6.838 2.137
439.4 2.01 1.908 1.939 1.437 3.409 0.639 0.01 6.838 2.137
439.5 2.01 1.908 1.939 1.437 3.409 0.639 0.01 6.838 2.137
439.6 2.01 1.908 1.939 1.437 3.409 0.639 0.01 6.838 2.137
439.7 2.01 1.908 1.939 1.437 3.409 0.639 0.01 6.838 2.137
439.8 2.01 1.908 1.939 1.437 3.409 0.639 0.01 6.838 2.137
439.9 2.01 1.908 1.939 1.437 3.409 0.639 0.01 6.838 2.137
440.0 2.01 1.908 1.939 1.437 3.409 0.639 0.01 6.838 2.137
440.1 2.01 1.908 1.939 1.437 3.409 0.639 0.01 6.838 2.137
440.2 2.01 1.908 1.939 1.437 3.409 0.639 0.01 6.838 2.137
440.3 2.01 1.908 1.939 1.437 3.409 0.639 0.01 6.838 2.137
440.4 2.01 1.908 1.939 1.437 3.409 0.639 0.01 6.838 2.137
440.5 2.01 1.908 1.939 1.437 3.409 0.639 0.01 6.838 2.137
440.6 2.01 1.908 1.939 1.437 3.409 0.639 0.01 6.838 2.137
440.7 2.01 1.908 1.939 1.437 3.409 0.639 0.01 6.838 2.137
440.8 2.01 1.908 1.939 1.437 3.409 0.639 0.01 6.838 2.137
440.9 2.01 1.908 1.939 1.437 3.409 0.639 0.01 6.838 2.137
441.0 2.01 1.908 1.939 1.437 3.409 0.639 0.01 6.838 2.137
441.1 2.01 1.908 1.939 1.437 3.409 0.639 0.01 6.838 2.137
441.2 2.01 1.908 1.939 1.437 3.409 0.639 0.01 6.838 2.137
441.3 2.01 1.908 1.939 1.437 3.409 0.639 0.01 6.838 2.137
441.4 2.01 1.908 1.939 1.437 3.409 0.639 0.01 6.838 2.137
441.5 2.01 1.908 1.939 1.437 3.409 0.639 0.01 6.838 2.137
441.6 2.01 1.908 1.939 1.437 3.409 0.639 0.01 6.838 2.137
441.7 2.01 1.908 1.939 1.437 3.409 0.639 0.01 6.838 2.137
441.8 2.01 1.908 1.939 1.437 3.409 0.639 0.01 6.838 2.137
441.9 2.01 1.908 1.939 1.437 3.409 0.639 0.01 6.838 2.137
442.0 2.01 1.908 1.939 1.437 3.409 0.639 0.01 6.838 2.137
442.1 2.01 1.908 1.939 1.437 3.409 0.639 0.01 6.838 2.137
442.2 2.01 1.908 1.939 1.437 3.409 0.639 0.01 6.838 2.137
442.3 2.01 1.908 1.939 1.437 3.409 0.639 0.01 6.838 2.137
442.4 2.01 1.908 1.939 1.437 3.409 0.639 0.01 6.838 2.137
442.5 2.01 1.908 1.939 1.437 3.409 0.639 0.01 6.838 2.137
442.6 2.01 1.908 1.939 1.437 3.409 0.639 0.01 6.838 2.137
442.7 2.01 1.908 1.939 1.437 3.409 0.639 0.01 6.838 2.137
442.8 2.01 1.908 1.939 1.437 3.409 0.639 0.01 6.838 2.137
442.9 2.01 1.908 1.939 1.437 3.409 0.639 0.01 6.838 2.137
443.0 2.01 1.908 1.939 1.437 3.409 0.639 0.01 6.838 2.137
443.1 2.01 1.908 1.939 1.437 3.409 0.639 0.01 6.838 2.137
443.2 2.01 1.908 1.939 1.437 3.409 0.639 0.01 6.838 2.137
443.3 2.01 1.908 1.939 1.437 3.409 0.639 0.01 6.838 2.137
443.4 2.01 1.908 1.939 1.437 3.409 0.639 0.01 6.838 2.137
443.5 2.01 1.908 1.939 1.437 3.409 0.639 0.01 6.838 2.137
443.6 2.01 1.908 1.939 1.437 3.409 0.639 0.01 6.838 2.137
443.7 2.01 1.908 1.939 1.437 3.409 0.639 0.01 6.838 2.137
443.8 2.01 1.908 1.939 1.437 3.409 0.639 0.01 6.838 2.137
443.9 2.01 1.908 1.939 1.437 3.409 0.639 0.01 6.838 2.137
444.0 2.01 1.908 1.939 1.437 3.409 0.639 0.01 6.838 2.137
444.1 2.01 1.908 1.939 1.437 3.409 0.639 0.01 6.838 2.137
444.2 2.01 1.908 1.939 1.437 3.409 0.639 0.01 6.838 2.137
444.3 2.01 1.908 1.939 1.437 3.409 0.639 0.01 6.838 2.137
444.4 2.01 1.908 1.939 1.437 3.409 0.639 0.01 6.838 2.137
444.5 2.01 1.908 1.939 1.437 3.409 0.639 0.01 6.838 2.137
444.6 2.01 1.908 1.939 1.437 3.409 0.639 0.01 6.838 2.137
444.7 2.01 1.908 1.939 1.437 3.409 0.639 0.01 6.838 2.137
444.8 2.01 1.908 1.939 1.437 3.409 0.639 0.01 6.838 2.137
444.9 2.01 1.908 1.939 1.437 3.409 0.639 0.01 6.838 2.137
445.0 2.01 1.908 1.939 1.437 3.409 0.639 0.01 6.838 2.137
445.1 2.01 1.908 1.939 1.437 3.409 0.639 0.01 6.838 2.137
445.2 2.01 1.908 1.939 1.437 3.409 0.639 0.01 6.838 2.137
445.3 2.01 1.908 1.939 1.437 3.409 0.639 0.01 6.838 2.137
445.4 2.01 1.908 1.939 1.437 3.409 0.639 0.01 6.838 2.137
445.5 2.01 1.908 1.939 1.437 3.409 0.639 0.01 6.838 2.137
445.6 2.01 1.908 1.939 1.437 3.409 0.639 0.01 6.838 2.137
445.7 2.01 1.908 1.939 1.437 3.409 0.639 0.01 6.838 2.137
445.8 2.01 1.908 1.939 1.437 3.409 0.639 0.01 6.838 2.137
445.9 2.01 1.908 1.939 1.437 3.409 0.639 0.01 6.838 2.137
446.0 2.01 1.908 1.939 1.437 3.409 0.639 0.01 6.838 2.137
446.1 2.01 1.908 1.939 1.437 3.409 0.639 0.01 6.838 2.137
446.2 2.01 1.908 1.939 1.437 3.409 0.639 0.01 6.838 2.137
446.3 2.01 1.908 1.939 1.437 3.409 0.639 0.01 6.838 2.137
446.4 2.01 1.908 1.939 1.437 3.409 0.639 0.01 6.838 2.137
446.5 2.01 1.908 1.939 1.437 3.409 0.639 0.01 6.838 2.137
446.6 2.01 1.908 1.939 1.437 3.409 0.639 0.01 6.838 2.137
446.7 2.01 1.908 1.939 1.437 3.409 0.639 0.01 6.838 2.137
446.8 2.01 1.908 1.939 1.437 3.409 0.639 0.01 6.838 2.137
446.9 2.01 1.908 1.939 1.437 3.409 0.639 0.01 6.838 2.137
447.0 2.01 1.908 1.939 1.437 3.409 0.639 0.01 6.838 2.137
447.1 2.01 1.908 1.939 1.437 3.409 0.639 0.01 6.838 2.137
447.2 2.01 1.908 1.939 1.437 3.409 0.639 0.01 6.838 2.137
447.3 2.01 1.908 1.939 1.437 3.409 0.639 0.01 6.838 2.137
447.4 2.01 1.908 1.939 1.437 3.409 0.639 0.01 6.838 2.137
447.5 2.01 1.908 1.939 1.437 3.409 0.639 0.01 6.838 2.137
447.6 2.01 1.908 1.939 1.437 3.409 0.639 0.01 6.838 2.137
447.7 2.01 1.908 1.939 1.437 3.409 0.639 0.01 6.838 2.137
447.8 2.01 1.908 1.939 1.437 3.409 0.639 0.01 6.838 2.137
447.9 2.01 1.908 1.939 1.437 3.409 0.639 0.01 6.838 2.137
448.0 2.01 1.908 1.939 1.437 3.409 0.639 0.01 6.838 2.137
448.1 2.01 1.908 1.939 1.437 3.409 0.639 0.01 6.838 2.137
448.2 2.01 1.908 1.939 1.437 3.409 0.639 0.01 6.838 2.137
448.3 2.01 1.908 1.939 1.437 3.409 0.639 0.01 6.838 2.137
448.4 2.01 1.908 1.939 1.437 3.409 0.639 0.01 6.838 2.137
448.5 2.01 1.908 1.939 1.437 3.409 0.639 0.01 6.838 2.137
448.6 2.01 1.908 1.939 1.437 3.409 0.639 0.01 6.838 2.137
448.7 2.01 1.908 1.939 1.437 3.409 0.639 0.01 6.838 2.137
448.8 2.01 1.908 1.939 1.437 3.409 0.639 0.01 6.838 2.137
448.9 2.01 1.908 1.939 1.437 3.409 0.639 0.01 6.838 2.137
449.0 2.01 1.908 1.939 1.437 3.409 0.639 0.01 6.838 2.137
449.1 2.01 1.908 1.939 1.437 3.409 0.639 0.01 6.838 2.137
449.2 2.01 1.908 1.939 1.437 3.409 0.639 0.01 6.838 2.137
449.3 2.01 1.908 1.939 1.437 3.409 0.639 0.01 6.838 2.137
449.4 2.01 1.908 1.939 1.437 3.409 0.639 0.01 6.838 2.137
449.5 2.01 1.908 1.939 1.437 3.409 0.639 0.01 6.838 2.137
449.6 2.01 1.908 1.939 1.437 3.409 0.639 0.01 6.838 2.137
449.7 2.01 1.908 1.939 1.437 3.409 0.639 0.01 6.838 2.137
449.8 2.01 1.908 1.939 1.437 3.409 0.639 0.01 6.838 2.137
449.9 2.01 1.908 1.939 1.437 3.409 0.639 0.01 6.838 2.137
450.0 2.01 1.908 1.939 1.437 3.409 0.639 0.01 6.838 2.137
450.1 2.01 1.908 1.939 1.437 3.409 0.639 0.01 6.838 2.137
450.2 2.01 1.908 1.939 1.437 3.409 0.639 0.01 6.838 2.137
450.3 2.01 1.908 1.939 1.437 3.409 0.639 0.01 6.838 2.137
450.4 2.01 1.908 1.939 1.437 3.409 0.639 0.01 6.838 2.137
450.5 2.01 1.908 1.939 1.437 3.409 0.639 0.01 6.838 2.137
450.6 2.01 1.908 1.939 1.437 3.409 0.639 0.01 6.838 2.137
450.7 2.01 1.908 1.939 1.437 3.409 0.639 0.01 6.838 2.137
450.8 2.01 1.908 1.939 1.437 3.409 0.639 0.01 6.838 2.137
450.9 2.01 1.908 1.939 1.437 3.409 0.639 0.01 6.838 2.137
451.0 2.01 1.908 1.939 1.437 3.409 0.639 0.01 6.838 2.137
451.1 2.01 1.908 1.939 1.437 3.409 0.639 0.01 6.838 2.137
451.2 2.01 1.908 1.939 1.437 3.409 0.639 0.01 6.838 2.137
451.3 2.01 1.908 1.939 1.437 3.409 0.639 0.01 6.838 2.137
451.4 2.01 1.908 1.939 1.437 3.409 0.639 0.01 6.838 2.137
451.5 2.01 1.908 1.939 1.437 3.409 0.639 0.01 6.838 2.137
451.6 2.01 1.908 1.939 1.437 3.409 0.639 0.01 6.838 2.137
451.7 2.01 1.908 1.939 1.437 3.409 0.639 0.01 6.838 2.137
451.8 2.01 1.908 1.939 1.437 3.409 0.639 0.01 6.838 2.137
451.9 2.01 1.908 1.939 1.437 3.409 0.639 0.01 6.838 2.137
452.0 2.01 1.908 1.939 1.437 3.409 0.639 0.01 6.838 2.137
452.1 2.01 1.908 1.939 1.437 3.409 0.639 0.01 6.838 2.137
452.2 2.01 1.908 1.939 1.437 3.409 0.639 0.01 6.838 2.137
452.3 2.01 1.908 1.939 1.437 3.409 0.639 0.01 6.838 2.137
452.4 2.01 1.908 1.939 1.437 3.409 0.639 0.01 6.838 2.137
452.5 2.01 1.908 1.939 1.437 3.409 0.639 0.01 6.838 2.137
452.6 2.01 1.908 1.939 1.437 3.409 0.639 0.01 6.838 2.137
452.7 2.01 1.908 1.939 1.437 3.409 0.639 0.01 6.838 2.137
452.8 2.01 1.908 1.939 1.437 3.409 0.639 0.01 6.838 2.137
452.9 2.01 1.908 1.939 1.437 3.409 0.639 0.01 6.838 2.137
453.0 2.01 1.908 1.939 1.437 3.409 0.639 0.01 6.838 2.137
453.1 2.01 1.908 1.939 1.437 3.409 0.639 0.01 6.838 2.137
453.2 2.01 1.908 1.939 1.437 3.409 0.639 0.01 6.838 2.137
453.3 2.01 1.908 1.939 1.437 3.409 0.639 0.01 6.838 2.137
453.4 2.01 1.908 1.939 1.437 3.409 0.639 0.01 6.838 2.137
453.5 2.01 1.908 1.939 1.437 3.409 0.639 0.01 6.838 2.137
453.6 2.01 1.908 1.939 1.437 3.409 0.639 0.01 6.838 2.137
453.7 2.01 1.908 1.939 1.437 3.409 0.639 0.01 6.838 2.137
453.8 2.01 1.908 1.939 1.437 3.409 0.639 0.01 6.838 2.137
453.9 2.01 1.908 1.939 1.437 3.409 0.639 0.01 6.838 2.137
454.0 2.01 1.908 1.939 1.437 3.409 0.639 0.01 6.838 2.137
454.1 2.01 1.908 1.939 1.437 3.409 0.639 0.01 6.838 2.137
454.2 2.01 1.908 1.939 1.437 3.409 0.639 0.01 6.838 2.137
454.3 2.01 1.908 1.939 1.437 3.409 0.639 0.01 6.838 2.137
454.4 2.01 1.908 1.939 1.437 3.409 0.639 0.01 6.838 2.137
454.5 2.01 1.908 1.939 1.437 3.409 0.639 0.01 6.838 2.137
454.6 2.01 1.908 1.939 1.437 3.409 0.639 0.01 6.838 2.137
454.7 2.01 1.908 1.939 1.437 3.409 0.639 0.01 6.838 2.137
454.8 2.01 1.908 1.939 1.437 3.409 0.639 0.01 6.838 2.137
454.9 2.01 1.908 1.939 1.437 3.409 0.639 0.01 6.838 2.137
455.0 2.01 1.908 1.939 1.437 3.409 0.639 0.01 6.838 2.137
455.1 2.01 1.908 1.939 1.437 3.409 0.639 0.01 6.838 2.137
455.2 2.01 1.908 1.939 1.437 3.409 0.639 0.01 6.838 2.137
455.3 2.01 1.908 1.939 1.437 3.409 0.639 0.01 6.838 2.137
455.4 2.01 1.908 1.939 1.437 3.409 0.639 0.01 6.838 2.137
455.5 2.01 1.908 1.939 1.437 3.409 0.639 0.01 6.838 2.137
455.6 2.01 1.908 1.939 1.437 3.409 0.639 0.01 6.838 2.137
455.7 2.01 1.908 1.939 1.437 3.409 0.639 0.01 6.838 2.137
455.8 2.01 1.908 1.939 1.437 3.409 0.639 0.01 6.838 2.137
455.9 2.01 1.908 1.939 1.437 3.409 0.639 0.01 6.838 2.137
456.0 2.01 1.908 1.939 1.437 3.409 0.639 0.01 6.838 2.137
456.1 2.01 1.908 1.939 1.437 3.409 0.639 0.01 6.838 2.137
456.2 2.01 1.908 1.939 1.437 3.409 0.639 0.01 6.838 2.137
456.3 2.01 1.908 1.939 1.437 3.409 0.639 0.01 6.838 2.137
456.4 2.01 1.908 1.939 1.437 3.409 0.639 0.01 6.838 2.137
456.5 2.01 1.908 1.939 1.437 3.409 0.639 0.01 6.838 2.137
456.6 2.01 1.908 1.939 1.437 3.409 0.639 0.01 6.838 2.137
456.7 2.01 1.908 1.939 1.437 3.409 0.639 0.01 6.838 2.137
456.8 2.01 1.908 1.939 1.437 3.409 0.639 0.01 6.838 2.137
456.9 2.01 1.908 1.939 1.437 3.409 0.639 0.01 6.838 2.137
457.0 2.01 1.908 1.939 1.437 3.409 0.639 0.01 6.838 2.137
457.1 2.01 1.908 1.939 1.437 3.409 0.639 0.01 6.838 2.137
457.2 2.01 1.908 1.939 1.437 3.409 0.639 0.01 6.838 2.137
457.3 2.01 1.908 1.939 1.437 3.409 0.639 0.01 6.838 2.137
457.4 2.01 1.908 1.939 1.437 3.409 0.639 0.01 6.838 2.137
457.5 2.01 1.908 1.939 1.437 3.409 0.639 0.01 6.838 2.137
457.6 2.01 1.908 1.939 1.437 3.409 0.639 0.01 6.838 2.137
457.7 2.01 1.908 1.939 1.437 3.409 0.639 0.01 6.838 2.137
457.8 2.01 1.908 1.939 1.437 3.409 0.639 0.01 6.838 2.137
457.9 2.01 1.908 1.939 1.437 3.409 0.639 0.01 6.838 2.137
458.0 2.01 1.908 1.939 1.437 3.409 0.639 0.01 6.838 2.137
458.1 2.01 1.908 1.939 1.437 3.409 0.639 0.01 6.838 2.137
458.2 2.01 1.908 1.939 1.437 3.409 0.639 0.01 6.838 2.137
458.3 2.01 1.908 1.939 1.437 3.409 0.639 0.01 6.838 2.137
458.4 2.01 1.908 1.939 1.437 3.409 0.639 0.01 6.838 2.137
458.5 2.01 1.908 1.939 1.437 3.409 0.639 0.01 6.838 2.137
458.6 2.01 1.908 1.939 1.437 3.409 0.639 0.01 6.838 2.137
458.7 2.01 1.908 1.939 1.437 3.409 0.639 0.01 6.838 2.137
458.8 2.01 1.908 1.939 1.437 3.409 0.639 0.01 6.838 2.137
458.9 2.01 1.908 1.939 1.437 3.409 0.639 0.01 6.838 2.137
459.0 2.01 1.908 1.939 1.437 3.409 0.639 0.01 6.838 2.137
459.1 2.01 1.908 1.939 1.437 3.409 0.639 0.01 6.838 2.137
459.2 2.01 1.908 1.939 1.437 3.409 0.639 0.01 6.838 2.137
459.3 2.01 1.908 1.939 1.437 3.409 0.639 0.01 6.838 2.137
459.4 2.01 1.908 1.939 1.437 3.409 0.639 0.01 6.838 2.137
459.5 2.01 1.908 1.939 1.437 3.409 0.639 0.01 6.838 2.137
459.6 2.01 1.908 1.939 1.437 3.409 0.639 0.01 6.838 2.137
459.7 2.01 1.908 1.939 1.437 3.409 0.639 0.01 6.838 2.137
459.8 2.01 1.908 1.939 1.437 3.409 0.639 0.01 6.838 2.137
459.9 2.01 1.908 1.939 1.437 3.409 0.639 0.01 6.838 2.137
460.0 2.01 1.908 1.939 1.437 3.409 0.639 0.01 6.838 2.137
460.1 2.01 1.908 1.939 1.437 3.409 0.639 0.01 6.838 2.137
460.2 2.01 1.908 1.939 1.437 3.409 0.639 0.01 6.838 2.137
460.3 2.01 1.908 1.939 1.437 3.409 0.639 0.01 6.838 2.137
460.4 2.01 1.908 1.939 1.437 3.409 0.639 0.01 6.838 2.137
460.5 2.01 1.908 1.939 1.437 3.409 0.639 0.01 6.838 2.137
460.6 2.01 1.908 1.939 1.437 3.409 0.639 0.01 6.838 2.137
460.7 2.01 1.908 1.939 1.437 3.409 0.639 0.01 6.838 2.137
460.8 2.01 1.908 1.939 1.437 3.409 0.639 0.01 6.838 2.137
460.9 2.01 1.908 1.939 1.437 3.409 0.639 0.01 6.838 2.137
461.0 2.01 1.908 1.939 1.437 3.409 0.639 0.01 6.838 2.137
461.1 2.01 1.908 1.939 1.437 3.409 0.639 0.01 6.838 2.137
461.2 2.01 1.908 1.939 1.437 3.409 0.639 0.01 6.838 2.137
461.3 2.01 1.908 1.939 1.437 3.409 0.639 0.01 6.838 2.137
461.4 2.01 1.908 1.939 1.437 3.409 0.639 0.01 6.838 2.137
461.5 2.01 1.908 1.939 1.437 3.409 0.639 0.01 6.838 2.137
461.6 2.01 1.908 1.939 1.437 3.409 0.639 0.01 6.838 2.137
461.7 2.01 1.908 1.939 1.437 3.409 0.639 0.01 6.838 2.137
461.8 2.01 1.908 1.939 1.437 3.409 0.639 0.01 6.838 2.137
461.9 2.01 1.908 1.939 1.437 3.409 0.639 0.01 6.838 2.137
462.0 2.01 1.908 1.939 1.437 3.409 0.639 0.01 6.838 2.137
462.1 2.01 1.908 1.939 1.437 3.409 0.639 0.01 6.838 2.137
462.2 2.01 1.908 1.939 1.437 3.409 0.639 0.01 6.838 2.137
462.3 2.01 1.908 1.939 1.437 3.409 0.639 0.01 6.838 2.137
462.4 2.01 1.908 1.939 1.437 3.409 0.639 0.01 6.838 2.137
462.5 2.01 1.908 1.939 1.437 3.409 0.639 0.01 6.838 2.137
462.6 2.01 1.908 1.939 1.437 3.409 0.639 0.01 6.838 2.137
462.7 2.01 1.908 1.939 1.437 3.409 0.639 0.01 6.838 2.137
462.8 2.01 1.908 1.939 1.437 3.409 0.639 0.01 6.838 2.137
462.9 2.01 1.908 1.939 1.437 3.409 0.639 0.01 6.838 2.137
463.0 2.01 1.908 1.939 1.437 3.409 0.639 0.01 6.838 2.137
463.1 2.01 1.908 1.939 1.437 3.409 0.639 0.01 6.838 2.137
463.2 2.01 1.908 1.939 1.437 3.409 0.639 0.01 6.838 2.137
463.3 2.01 1.908 1.939 1.437 3.409 0.639 0.01 6.838 2.137
463.4 2.01 1.908 1.939 1.437 3.409 0.639 0.01 6.838 2.137
463.5 2.01 1.908 1.939 1.437 3.409 0.639 0.01 6.838 2.137
463.6 2.01 1.908 1.939 1.437 3.409 0.639 0.01 6.838 2.137
463.7 2.01 1.908 1.939 1.437 3.409 0.639 0.01 6.838 2.137
463.8 2.01 1.908 1.939 1.437 3.409 0.639 0.01 6.838 2.137
463.9 2.01 1.908 1.939 1.437 3.409 0.639 0.01 6.838 2.137
464.0 2.01 1.908 1.939 1.437 3.409 0.639 0.01 6.838 2.137
464.1 2.01 1.908 1.939 1.437 3.409 0.639 0.01 6.838 2.137
464.2 2.01 1.908 1.939 1.437 3.409 0.639 0.01 6.838 2.137
464.3 2.01 1.908 1.939 1.437 3.409 0.639 0.01 6.838 2.137
464.4 2.01 1.908 1.939 1.437 3.409 0.639 0.01 6.838 2.137
464.5 2.01 1.908 1.939 1.437 3.409 0.639 0.01 6.838 2.137
464.6 2.01 1.908 1.939 1.437 3.409 0.639 0.01 6.838 2.137
464.7 2.01 1.908 1.939 1.437 3.409 0.639 0.01 6.838 2.137
464.8 2.01 1.908 1.939 1.437 3.409 0.639 0.01 6.838 2.137
464.9 2.01 1.908 1.939 1.437 3.409 0.639 0.01 6.838 2.137
465.0 2.01 1.908 1.939 1.437 3.409 0.639 0.01 6.838 2.137
465.1 2.01 1.908 1.939 1.437 3.409 0.639 0.01 6.838 2.137
465.2 2.01 1.908 1.939 1.437 3.409 0.639 0.01 6.838 2.137
465.3 2.01 1.908 1.939 1.437 3.409 0.639 0.01 6.838 2.137
465.4 2.01 1.908 1.939 1.437 3.409 0.639 0.01 6.838 2.137
465.5 2.01 1.908 1.939 1.437 3.409 0.639 0.01 6.838 2.137
465.6 2.01 1.908 1.939 1.437 3.409 0.639 0.01 6.838 2.137
465.7 2.01 1.908 1.939 1.437 3.409 0.639 0.01 6.838 2.137
465.8 2.01 1.908 1.939 1.437 3.409 0.639 0.01 6.838 2.137
465.9 2.01 1.908 1.939 1.437 3.409 0.639 0.01 6.838 2.137
466.0 2.01 1.908 1.939 1.437 3.409 0.639 0.01 6.838 2.137
466.1 2.01 1.908 1.939 1.437 3.409 0.639 0.01 6.838 2.137
466.2 2.01 1.908 1.939 1.437 3.409 0.639 0.01 6.838 2.137
466.3 2.01 1.908 1.939 1.437 3.409 0.639 0.01 6.838 2.137
466.4 2.01 1.908 1.939 1.437 3.409 0.639 0.01 6.838 2.137
466.5 2.01 1.908 1.939 1.437 3.409 0.639 0.01 6.838 2.137
466.6 2.01 1.908 1.939 1.437 3.409 0.639 0.01 6.838 2.137
466.7 2.01 1.908 1.939 1.437 3.409 0.639 0.01 6.838 2.137
466.8 2.01 1.908 1.939 1.437 3.409 0.639 0.01 6.838 2.137
466.9 2.01 1.908 1.939 1.437 3.409 0.639 0.01 6.838 2.137
467.0 2.01 1.908 1.939 1.437 3.409 0.639 0.01 6.838 2.137
467.1 2.01 1.908 1.939 1.437 3.409 0.639 0.01 6.838 2.137
467.2 2.01 1.908 1.939 1.437 3.409 0.639 0.01 6.838 2.137
467.3 2.01 1.908 1.939 1.437 3.409 0.639 0.01 6.838 2.137
467.4 2.01 1.908 1.939 1.437 3.409 0.639 0.01 6.838 2.137
467.5 2.01 1.908 1.939 1.437 3.409 0.639 0.01 6.838 2.137
467.6 2.01 1.908 1.939 1.437 3.409 0.639 0.01 6.838 2.137
467.7 2.01 1.908 1.939 1.437 3.409 0.639 0.01 6.838 2.137
467.8 2.01 1.908 1.939 1.437 3.409 0.639 0.01 6.838 2.137
467.9 2.01 1.908 1.939 1.437 3.409 0.639 0.01 6.838 2.137
468.0 2.01 1.908 1.939 1.437 3.409 0.639 0.01 6.838 2.137
468.1 2.01 1.908 1.939 1.437 3.409 0.639 0.01 6.838 2.137
468.2 2.01 1.908 1.939 1.437 3.409 0.639 0.01 6.838 2.137
468.3 2.01 1.908 1.939 1.437 3.409 0.639 0.01 6.838 2.137
468.4 2.01 1.908 1.939 1.437 3.409 0.639 0.01 6.838 2.137
468.5 2.01 1.908 1.939 1.437 3.409 0.639 0.01 6.838 2.137
468.6 2.01 1.908 1.939 1.437 3.409 0.639 0.01 6.838 2.137
468.7 2.01 1.908 1.939 1.437 3.409 0.639 0.01 6.838 2.137
468.8 2.01 1.908 1.939 1.437 3.409 0.639 0.01 6.838 2.137
468.9 2.01 1.908 1.939 1.437 3.409 0.639 0.01 6.838 2.137
469.0 2.01 1.908 1.939 1.437 3.409 0.639 0.01 6.838 2.137
469.1 2.01 1.908 1.939 1.437 3.409 0.639 0.01 6.838 2.137
469.2 2.01 1.908 1.939 1.437 3.409 0.639 0.01 6.838 2.137
469.3 2.01 1.908 1.939 1.437 3.409 0.639 0.01 6.838 2.137
469.4 2.01 1.908 1.939 1.437 3.409 0.639 0.01 6.838 2.137
469.5 2.01 1.908 1.939 1.437 3.409 0.639 0.01 6.838 2.137
469.6 2.01 1.908 1.939 1.437 3.409 0.639 0.01 6.838 2.137
469.7 2.01 1.908 1.939 1.437 3.409 0.639 0.01 6.838 2.137
469.8 2.01 1.908 1.939 1.437 3.409 0.639 0.01 6.838 2.137
469.9 2.01 1.908 1.939 1.437 3.409 0.639 0.01 6.838 2.137
470.0 2.01 1.908 1.939 1.437 3.409 0.639 0.01 6.838 2.137
470.1 2.01 1.908 1.939 1.437 3.409 0.639 0.01 6.838 2.137
470.2 2.01 1.908 1.939 1.437 3.409 0.639 0.01 6.838 2.137
470.3 2.01 1.908 1.939 1.437 3.409 0.639 0.01 6.838 2.137
470.4 2.01 1.908 1.939 1.437 3.409 0.639 0.01 6.838 2.137
470.5 2.01 1.908 1.939 1.437 3.409 0.639 0.01 6.838 2.137
470.6 2.01 1.908 1.939 1.437 3.409 0.639 0.01 6.838 2.137
470.7 2.01 1.908 1.939 1.437 3.409 0.639 0.01 6.838 2.137
470.8 2.01 1.908 1.939 1.437 3.409 0.639 0.01 6.838 2.137
470.9 2.01 1.908 1.939 1.437 3.409 0.639 0.01 6.838 2.137
471.0 2.01 1.908 1.939 1.437 3.409 0.639 0.01 6.838 2.137
471.1 2.01 1.908 1.939 1.437 3.409 0.639 0.01 6.838 2.137
471.2 2.01 1.908 1.939 1.437 3.409 0.639 0.01 6.838 2.137
471.3 2.01 1.908 1.939 1.437 3.409 0.639 0.01 6.838 2.137
471.4 2.01 1.908 1.939 1.437 3.409 0.639 0.01 6.838 2.137
471.5 2.01 1.908 1.939 1.437 3.409 0.639 0.01 6.838 2.137
471.6 2.01 1.908 1.939 1.437 3.409 0.639 0.01 6.838 2.137
471.7 2.01 1.908 1.939 1.437 3.409 0.639 0.01 6.838 2.137
471.8 2.01 1.908 1.939 1.437 3.409 0.639 0.01 6.838 2.137
471.9 2.01 1.908 1.939 1.437 3.409 0.639 0.01 6.838 2.137
472.0 2.01 1.908 1.939 1.437 3.409 0.639 0.01 6.838 2.137
472.1 2.01 1.908 1.939 1.437 3.409 0.639 0.01 6.838 2.137
472.2 2.01 1.908 1.939 1.437 3.409 0.639 0.01 6.838 2.137
472.3 2.01 1.908 1.939 1.437 3.409 0.639 0.01 6.838 2.137
472.4 2.01 1.908 1.939 1.437 3.409 0.639 0.01 6.838 2.137
472.5 2.01 1.908 1.939 1.437 3.409 0.639 0.01 6.838 2.137
472.6 2.01 1.908 1.939 1.437 3.409 0.639 0.01 6.838 2.137
472.7 2.01 1.908 1.939 1.437 3.409 0.639 0.01 6.838 2.137
472.8 2.01 1.908 1.939 1.437 3.409 0.639 0.01 6.838 2.137
472.9 2.01 1.908 1.939 1.437 3.409 0.639 0.01 6.838 2.137
473.0 2.01 1.908 1.939 1.437 3.409 0.639 0.01 6.838 2.137
473.1 2.01 1.908 1.939 1.437 3.409 0.639 0.01 6.838 2.137
473.2 2.01 1.908 1.939 1.437 3.409 0.639 0.01 6.838 2.137
473.3 2.01 1.908 1.939 1.437 3.409 0.639 0.01 6.838 2.137
473.4 2.01 1.908 1.939 1.437 3.409 0.639 0.01 6.838 2.137
473.5 2.01 1.908 1.939 1.437 3.409 0.639 0.01 6.838 2.137
473.6 2.01 1.908 1.939 1.437 3.409 0.639 0.01 6.838 2.137
473.7 2.01 1.908 1.939 1.437 3.409 0.639 0.01 6.838 2.137
473.8 2.01 1.908 1.939 1.437 3.409 0.639 0.01 6.838 2.137
473.9 2.01 1.908 1.939 1.437 3.409 0.639 0.01 6.838 2.137
474.0 2.01 1.908 1.939 1.437 3.409 0.639 0.01 6.838 2.137
474.1 2.01 1.908 1.939 1.437 3.409 0.639 0.01 6.838 2.137
474.2 2.01 1.908 1.939 1.437 3.409 0.639 0.01 6.838 2.137
474.3 2.01 1.908 1.939 1.437 3.409 0.639 0.01 6.838 2.137
474.4 2.01 1.908 1.939 1.437 3.409 0.639 0.01 6.838 2.137
474.5 2.01 1.908 1.939 1.437 3.409 0.639 0.01 6.838 2.137
474.6 2.01 1.908 1.939 1.437 3.409 0.639 0.01 6.838 2.137
474.7 2.01 1.908 1.939 1.437 3.409 0.639 0.01 6.838 2.137
474.8 2.01 1.908 1.939 1.437 3.409 0.639 0.01 6.838 2.137
474.9 2.01 1.908 1.939 1.437 3.409 0.639 0.01 6.838 2.137
475.0 2.01 1.908 1.939 1.437 3.409 0.639 0.01 6.838 2.137
475.1 2.01 1.908 1.939 1.437 3.409 0.639 0.01 6.838 2.137
475.2 2.01 1.908 1.939 1.437 3.409 0.639 0.01 6.838 2.137
475.3 2.01 1.908 1.939 1.437 3.409 0.639 0.01 6.838 2.137
475.4 2.01 1.908 1.939 1.437 3.409 0.639 0.01 6.838 2.137
475.5 2.01 1.908 1.939 1.437 3.409 0.639 0.01 6.838 2.137
475.6 2.01 1.908 1.939 1.437 3.409 0.639 0.01 6.838 2.137
475.7 2.01 1.908 1.939 1.437 3.409 0.639 0.01 6.838 2.137
475.8 2.01 1.908 1.939 1.437 3.409 0.639 0.01 6.838 2.137
475.9 2.01 1.908 1.939 1.437 3.409 0.639 0.01 6.838 2.137
476.0 2.01 1.908 1.939 1.437 3.409 0.639 0.01 6.838 2.137
476.1 2.01 1.908 1.939 1.437 3.409 0.639 0.01 6.838 2.137
476.2 2.01 1.908 1.939 1.437 3.409 0.639 0.01 6.838 2.137
476.3 2.01 1.908 1.939 1.437 3.409 0.639 0.01 6.838 2.137
476.4 2.01 1.908 1.939 1.437 3.409 0.639 0.01 6.838 2.137
476.5 2.01 1.908 1.939 1.437 3.409 0.639 0.01 6.838 2.137
476.6 2.01 1.908 1.939 1.437 3.409 0.639 0.01 6.838 2.137
476.7 2.01 1.908 1.939 1.437 3.409 0.639 0.01 6.838 2.137
476.8 2.01 1.908 1.939 1.437 3.409 0.639 0.01 6.838 2.137
476.9 2.01 1.908 1.939 1.437 3.409 0.639 0.01 6.838 2.137
477.0 2.01 1.908 1.939 1.437 3.409 0.639 0.01 6.838 2.137
477.1 2.01 1.908 1.939 1.437 3.409 0.639 0.01 6.838 2.137
477.2 2.01 1.908 1.939 1.437 3.409 0.639 0.01 6.838 2.137
477.3 2.01 1.908 1.939 1.437 3.409 0.639 0.01 6.838 2.137
477.4 2.01 1.908 1.939 1.437 3.409 0.639 0.01 6.838 2.137
477.5 2.01 1.908 1.939 1.437 3.409 0.639 0.01 6.838 2.137
477.6 2.01 1.908 1.939 1.437 3.409 0.639 0.01 6.838 2.137
477.7 2.01 1.908 1.939 1.437 3.409 0.639 0.01 6.838 2.137
477.8 2.01 1.908 1.939 1.437 3.409 0.639 0.01 6.838 2.137
477.9 2.01 1.908 1.939 1.437 3.409 0.639 0.01 6.838 2.137
478.0 2.01 1.908 1.939 1.437 3.409 0.639 0.01 6.838 2.137
478.1 2.01 1.908 1.939 1.437 3.409 0.639 0.01 6.838 2.137
478.2 2.01 1.908 1.939 1.437 3.409 0.639 0.01 6.838 2.137
478.3 2.01 1.908 1.939 1.437 3.409 0.639 0.01 6.838 2.137
478.4 2.01 1.908 1.939 1.437 3.409 0.639 0.01 6.838 2.137
478.5 2.01 1.908 1.939 1.437 3.409 0.639 0.01 6.838 2.137
478.6 2.01 1.908 1.939 1.437 3.409 0.639 0.01 6.838 2.137
478.7 2.01 1.908 1.939 1.437 3.409 0.639 0.01 6.838 2.137
478.8 2.01 1.908 1.939 1.437 3.409 0.639 0.01 6.838 2.137
478.9 2.01 1.908 1.939 1.437 3.409 0.639 0.01 6.838 2.137
479.0 2.01 1.908 1.939 1.437 3.409 0.639 0.01 6.838 2.137
479.1 2.01 1.908 1.939 1.437 3.409 0.639 0.01 6.838 2.137
479.2 2.01 1.908 1.939 1.437 3.409 0.639 0.01 6.838 2.137
479.3 2.01 1.908 1.939 1.437 3.409 0.639 0.01 6.838 2.137
479.4 2.01 1.908 1.939 1.437 3.409 0.639 0.01 6.838 2.137
479.5 2.01 1.908 1.939 1.437 3.409 0.639 0.01 6.838 2.137
479.6 2.01 1.908 1.939 1.437 3.409 0.639 0.01 6.838 2.137
479.7 2.01 1.908 1.939 1.437 3.409 0.639 0.01 6.838 2.137
479.8 2.01 1.908 1.939 1.437 3.409 0.639 0.01 6.838 2.137
479.9 2.01 1.908 1.939 1.437 3.409 0.639 0.01 6.838 2.137
480.0 2.01 1.908 1.939 1.437 3.409 0.639 0.01 6.838 2.137
480.1 2.01 1.908 1.939 1.437 3.409 0.639 0.01 6.838 2.137
480.2 2.01 1.908 1.939 1.437 3.409 0.639 0.01 6.838 2.137
480.3 2.01 1.908 1.939 1.437 3.409 0.639 0.01 6.838 2.137
480.4 2.01 1.908 1.939 1.437 3.409 0.639 0.01 6.838 2.137
480.5 2.01 1.908 1.939 1.437 3.409 0.639 0.01 6.838 2.137
480.6 2.01 1.908 1.939 1.437 3.409 0.639 0.01 6.838 2.137
480.7 2.01 1.908 1.939 1.437 3.409 0.639 0.01 6.838 2.137
480.8 2.01 1.908 1.939 1.437 3.409 0.639 0.01 6.838 2.137
480.9 2.01 1.908 1.939 1.437 3.409 0.639 0.01 6.838 2.137
481.0 2.01 1.908 1.939 1.437 3.409 0.639 0.01 6.838 2.137
481.1 2.01 1.908 1.939 1.437 3.409 0.639 0.01 6.838 2.137
481.2 2.01 1.908 1.939 1.437 3.409 0.639 0.01 6.838 2.137
481.3 2.01 1.908 1.939 1.437 3.409 0.639 0.01 6.838 2.137
481.4 2.01 1.908 1.939 1.437 3.409 0.639 0.01 6.838 2.137
481.5 2.01 1.908 1.939 1.437 3.409 0.639 0.01 6.838 2.137
481.6 2.01 1.908 1.939 1.437 3.409 0.639 0.01 6.838 2.137
481.7 2.01 1.908 1.939 1.437 3.409 0.639 0.01 6.838 2.137
481.8 2.01 1.908 1.939 1.437 3.409 0.639 0.01 6.838 2.137
481.9 2.01 1.908 1.939 1.437 3.409 0.639 0.01 6.838 2.137
482.0 2.01 1.908 1.939 1.437 3.409 0.639 0.01 6.838 2.137
482.1 2.01 1.908 1.939 1.437 3.409 0.639 0.01 6.838 2.137
482.2 2.01 1.908 1.939 1.437 3.409 0.639 0.01 6.838 2.137
482.3 2.01 1.908 1.939 1.437 3.409 0.639 0.01 6.838 2.137
482.4 2.01 1.908 1.939 1.437 3.409 0.639 0.01 6.838 2.137
482.5 2.01 1.908 1.939 1.437 3.409 0.639 0.01 6.838 2.137
482.6 2.01 1.908 1.939 1.437 3.409 0.639 0.01 6.838 2.137
482.7 2.01 1.908 1.939 1.437 3.409 0.639 0.01 6.838 2.137
482.8 2.01 1.908 1.939 1.437 3.409 0.639 0.01 6.838 2.137
482.9 2.01 1.908 1.939 1.437 3.409 0.639 0.01 6.838 2.137
483.0 2.01 1.908 1.939 1.437 3.409 0.639 0.01 6.838 2.137
483.1 2.01 1.908 1.939 1.437 3.409 0.639 0.01 6.838 2.137
483.2 2.01 1.908 1.939 1.437 3.409 0.639 0.01 6.838 2.137
483.3 2.01 1.908 1.939 1.437 3.409 0.639 0.01 6.838 2.137
483.4 2.01 1.908 1.939 1.437 3.409 0.639 0.01 6.838 2.137
483.5 2.01 1.908 1.939 1.437 3.409 0.639 0.01 6.838 2.137
483.6 2.01 1.908 1.939 1.437 3.409 0.639 0.01 6.838 2.137
483.7 2.01 1.908 1.939 1.437 3.409 0.639 0.01 6.838 2.137
483.8 2.01 1.908 1.939 1.437 3.409 0.639 0.01 6.838 2.137
483.9 2.01 1.908 1.939 1.437 3.409 0.639 0.01 6.838 2.137
484.0 2.01 1.908 1.939 1.437 3.409 0.639 0.01 6.838 2.137
484.1 2.01 1.908 1.939 1.437 3.409 0.639 0.01 6.838 2.137
484.2 2.01 1.908 1.939 1.437 3.409 0.639 0.01 6.838 2.137
484.3 2.01 1.908 1.939 1.437 3.409 0.639 0.01 6.838 2.137
484.4 2.01 1.908 1.939 1.437 3.409 0.639 0.01 6.838 2.137
484.5 2.01 1.908 1.939 1.437 3.409 0.639 0.01 6.838 2.137
484.6 2.01 1.908 1.939 1.437 3.409 0.639 0.01 6.838 2.137
484.7 2.01 1.908 1.939 1.437 3.409 0.639 0.01 6.838 2.137
484.8 2.01 1.908 1.939 1.437 3.409 0.639 0.01 6.838 2.137
484.9 2.01 1.908 1.939 1.437 3.409 0.639 0.01 6.838 2.137
485.0 2.01 1.908 1.939 1.437 3.409 0.639 0.01 6.838 2.137
485.1 2.01 1.908 1.939 1.437 3.409 0.639 0.01 6.838 2.137
485.2 2.01 1.908 1.939 1.437 3.409 0.639 0.01 6.838 2.137
485.3 2.01 1.908 1.939 1.437 3.409 0.639 0.01 6.838 2.137
485.4 2.01 1.908 1.939 1.437 3.409 0.639 0.01 6.838 2.137
485.5 2.01 1.908 1.939 1.437 3.409 0.639 0.01 6.838 2.137
485.6 2.01 1.908 1.939 1.437 3.409 0.639 0.01 6.838 2.137
485.7 2.01 1.908 1.939 1.437 3.409 0.639 0.01 6.838 2.137
485.8 2.01 1.908 1.939 1.437 3.409 0.639 0.01 6.838 2.137
485.9 2.01 1.908 1.939 1.437 3.409 0.639 0.01 6.838 2.137
486.0 2.01 1.908 1.939 1.437 3.409 0.639 0.01 6.838 2.137
486.1 2.01 1.908 1.939 1.437 3.409 0.639 0.01 6.838 2.137
486.2 2.01 1.908 1.939 1.437 3.409 0.639 0.01 6.838 2.137
486.3 2.01 1.908 1.939 1.437 3.409 0.639 0.01 6.838 2.137
486.4 2.01 1.908 1.939 1.437 3.409 0.639 0.01 6.838 2.137
486.5 2.01 1.908 1.939 1.437 3.409 0.639 0.01 6.838 2.137
486.6 2.01 1.908 1.939 1.437 3.409 0.639 0.01 6.838 2.137
486.7 2.01 1.908 1.939 1.437 3.409 0.639 0.01 6.838 2.137
486.8 2.01 1.908 1.939 1.437 3.409 0.639 0.01 6.838 2.137
486.9 2.01 1.908 1.939 1.437 3.409 0.639 0.01 6.838 2.137
487.0 2.01 1.908 1.939 1.437 3.409 0.639 0.01 6.838 2.137
487.1 2.01 1.908 1.939 1.437 3.409 0.639 0.01 6.838 2.137
487.2 2.01 1.908 1.939 1.437 3.409 0.639 0.01 6.838 2.137
487.3 2.01 1.908 1.939 1.437 3.409 0.639 0.01 6.838 2.137
487.4 2.01 1.908 1.939 1.437 3.409 0.639 0.01 6.838 2.137
487.5 2.01 1.908 1.939 1.437 3.409 0.639 0.01 6.838 2.137
487.6 2.01 1.908 1.939 1.437 3.409 0.639 0.01 6.838 2.137
487.7 2.01 1.908 1.939 1.437 3.409 0.639 0.01 6.838 2.137
487.8 2.01 1.908 1.939 1.437 3.409 0.639 0.01 6.838 2.137
487.9 2.01 1.908 1.939 1.437 3.409 0.639 0.01 6.838 2.137
488.0 2.01 1.908 1.939 1.437 3.409 0.639 0.01 6.838 2.137
488.1 2.01 1.908 1.939 1.437 3.409 0.639 0.01 6.838 2.137
488.2 2.01 1.908 1.939 1.437 3.409 0.639 0.01 6.838 2.137
488.3 2.01 1.908 1.939 1.437 3.409 0.639 0.01 6.838 2.137
488.4 2.01 1.908 1.939 1.437 3.409 0.639 0.01 6.838 2.137
488.5 2.01 1.908 1.939 1.437 3.409 0.639 0.01 6.838 2.137
488.6 2.01 1.908 1.939 1.437 3.409 0.639 0.01 6.838 2.137
488.7 2.01 1.908 1.939 1.437 3.409 0.639 0.01 6.838 2.137
488.8 2.01 1.908 1.939 1.437 3.409 0.639 0.01 6.838 2.137
488.9 2.01 1.908 1.939 1.437 3.409 0.639 0.01 6.838 2.137
489.0 2.01 1.908 1.939 1.437 3.409 0.639 0.01 6.838 2.137
489.1 2.01 1.908 1.939 1.437 3.409 0.639 0.01 6.838 2.137
489.2 2.01 1.908 1.939 1.437 3.409 0.639 0.01 6.838 2.137
489.3 2.01 1.908 1.939 1.437 3.409 0.639 0.01 6.838 2.137
489.4 2.01 1.908 1.939 1.437 3.409 0.639 0.01 6.838 2.137
489.5 2.01 1.908 1.939 1.437 3.409 0.639 0.01 6.838 2.137
489.6 2.01 1.908 1.939 1.437 3.409 0.639 0.01 6.838 2.137
489.7 2.01 1.908 1.939 1.437 3.409 0.639 0.01 6.838 2.137
489.8 2.01 1.908 1.939 1.437 3.409 0.639 0.01 6.838 2.137
489.9 2.01 1.908 1.939 1.437 3.409 0.639 0.01 6.838 2.137
490.0 2.01 1.908 1.939 1.437 3.409 0.639 0.01 6.838 2.137
490.1 2.01 1.908 1.939 1.437 3.409 0.639 0.01 6.838 2.137
490.2 2.01 1.908 1.939 1.437 3.409 0.639 0.01 6.838 2.137
490.3 2.01 1.908 1.939 1.437 3.409 0.639 0.01 6.838 2.137
490.4 2.01 1.908 1.939 1.437 3.409 0.639 0.01 6.838 2.137
490.5 2.01 1.908 1.939 1.437 3.409 0.639 0.01 6.838 2.137
490.6 2.01 1.908 1.939 1.437 3.409 0.639 0.01 6.838 2.137
490.7 2.01 1.908 1.939 1.437 3.409 0.639 0.01 6.838 2.137
490.8 2.01 1.908 1.939 1.437 3.409 0.639 0.01 6.838 2.137
490.9 2.01 1.908 1.939 1.437 3.409 0.639 0.01 6.838 2.137
491.0 2.01 1.908 1.939 1.437 3.409 0.639 0.01 6.838 2.137
491.1 2.01 1.908 1.939 1.437 3.409 0.639 0.01 6.838 2.137
491.2 2.01 1.908 1.939 1.437 3.409 0.639 0.01 6.838 2.137
491.3 2.01 1.908 1.939 1.437 3.409 0.639 0.01 6.838 2.137
491.4 2.01 1.908 1.939 1.437 3.409 0.639 0.01 6.838 2.137
491.5 2.01 1.908 1.939 1.437 3.409 0.639 0.01 6.838 2.137
491.6 2.01 1.908 1.939 1.437 3.409 0.639 0.01 6.838 2.137
491.7 2.01 1.908 1.939 1.437 3.409 0.639 0.01 6.838 2.137
491.8 2.01 1.908 1.939 1.437 3.409 0.639 0.01 6.838 2.137
491.9 2.01 1.908 1.939 1.437 3.409 0.639 0.01 6.838 2.137
492.0 2.01 1.908 1.939 1.437 3.409 0.639 0.01 6.838 2.137
492.1 2.01 1.908 1.939 1.437 3.409 0.639 0.01 6.838 2.137
492.2 2.01 1.908 1.939 1.437 3.409 0.639 0.01 6.838 2.137
492.3 2.01 1.908 1.939 1.437 3.409 0.639 0.01 6.838 2.137
492.4 2.01 1.908 1.939 1.437 3.409 0.639 0.01 6.838 2.137
492.5 2.01 1.908 1.939 1.437 3.409 0.639 0.01 6.838 2.137
492.6 2.01 1.908 1.939 1.437 3.409 0.639 0.01 6.838 2.137
492.7 2.01 1.908 1.939 1.437 3.409 0.639 0.01 6.838 2.137
492.8 2.01 1.908 1.939 1.437 3.409 0.639 0.01 6.838 2.137
492.9 2.01 1.908 1.939 1.437 3.409 0.639 0.01 6.838 2.137
493.0 2.01 1.908 1.939 1.437 3.409 0.639 0.01 6.838 2.137
493.1 2.01 1.908 1.939 1.437 3.409 0.639 0.01 6.838 2.137
493.2 2.01 1.908 1.939 1.437 3.409 0.639 0.01 6.838 2.137
493.3 2.01 1.908 1.939 1.437 3.409 0.639 0.01 6.838 2.137
493.4 2.01 1.908 1.939 1.437 3.409 0.639 0.01 6.838 2.137
493.5 2.01 1.908 1.939 1.437 3.409 0.639 0.01 6.838 2.137
493.6 2.01 1.908 1.939 1.437 3.409 0.639 0.01 6.838 2.137
493.7 2.01 1.908 1.939 1.437 3.409 0.639 0.01 6.838 2.137
493.8 2.01 1.908 1.939 1.437 3.409 0.639 0.01 6.838 2.137
493.9 2.01 1.908 1.939 1.437 3.409 0.639 0.01 6.838 2.137
494.0 2.01 1.908 1.939 1.437 3.409 0.639 0.01 6.838 2.137
494.1 2.01 1.908 1.939 1.437 3.409 0.639 0.01 6.838 2.137
494.2 2.01 1.908 1.939 1.437 3.409 0.639 0.01 6.838 2.137
494.3 2.01 1.908 1.939 1.437 3.409 0.639 0.01 6.838 2.137
494.4 2.01 1.908 1.939 1.437 3.409 0.639 0.01 6.838 2.137
494.5 2.01 1.908 1.939 1.437 3.409 0.639 0.01 6.838 2.137
494.6 2.01 1.908 1.939 1.437 3.409 0.639 0.01 6.838 2.137
494.7 2.01 1.908 1.939 1.437 3.409 0.639 0.01 6.838 2.137
494.8 2.01 1.908 1.939 1.437 3.409 0.639 0.01 6.838 2.137
494.9 2.01 1.908 1.939 1.437 3.409 0.639 0.01 6.838 2.137
495.0 2.01 1.908 1.939 1.437 3.409 0.639 0.01 6.838 2.137
495.1 2.01 1.908 1.939 1.437 3.409 0.639 0.01 6.838 2.137
495.2 2.01 1.908 1.939 1.437 3.409 0.639 0.01 6.838 2.137
495.3 2.01 1.908 1.939 1.437 3.409 0.639 0.01 6.838 2.137
495.4 2.01 1.908 1.939 1.437 3.409 0.639 0.01 6.838 2.137
495.5 2.01 1.908 1.939 1.437 3.409 0.639 0.01 6.838 2.137
495.6 2.01 1.908 1.939 1.437 3.409 0.639 0.01 6.838 2.137
495.7 2.01 1.908 1.939 1.437 3.409 0.639 0.01 6.838 2.137
495.8 2.01 1.908 1.939 1.437 3.409 0.639 0.01 6.838 2.137
495.9 2.01 1.908 1.939 1.437 3.409 0.639 0.01 6.838 2.137
496.0 2.01 1.908 1.939 1.437 3.409 0.639 0.01 6.838 2.137
496.1 2.01 1.908 1.939 1.437 3.409 0.639 0.01 6.838 2.137
496.2 2.01 1.908 1.939 1.437 3.409 0.639 0.01 6.838 2.137
496.3 2.01 1.908 1.939 1.437 3.409 0.639 0.01 6.838 2.137
496.4 2.01 1.908 1.939 1.437 3.409 0.639 0.01 6.838 2.137
496.5 2.01 1.908 1.939 1.437 3.409 0.639 0.01 6.838 2.137
496.6 2.01 1.908 1.939 1.437 3.409 0.639 0.01 6.838 2.137
496.7 2.01 1.908 1.939 1.437 3.409 0.639 0.01 6.838 2.137
496.8 2.01 1.908 1.939 1.437 3.409 0.639 0.01 6.838 2.137
496.9 2.01 1.908 1.939 1.437 3.409 0.639 0.01 6.838 2.137
497.0 2.01 1.908 1.939 1.437 3.409 0.639 0.01 6.838 2.137
497.1 2.01 1.908 1.939 1.437 3.409 0.639 0.01 6.838 2.137
497.2 2.01 1.908 1.939 1.437 3.409 0.639 0.01 6.838 2.137
497.3 2.01 1.908 1.939 1.437 3.409 0.639 0.01 6.838 2.137
497.4 2.01 1.908 1.939 1.437 3.409 0.639 0.01 6.838 2.137
497.5 2.01 1.908 1.939 1.437 3.409 0.639 0.01 6.838 2.137
497.6 2.01 1.908 1.939 1.437 3.409 0.639 0.01 6.838 2.137
497.7 2.01 1.908 1.939 1.437 3.409 0.639 0.01 6.838 2.137
497.8 2.01 1.908 1.939 1.437 3.409 0.639 0.01 6.838 2.137
497.9 2.01 1.908 1.939 1.437 3.409 0.639 0.01 6.838 2.137
498.0 2.01 1.908 1.939 1.437 3.409 0.639 0.01 6.838 2.137
498.1 2.01 1.908 1.939 1.437 3.409 0.639 0.01 6.838 2.137
498.2 2.01 1.908 1.939 1.437 3.409 0.639 0.01 6.838 2.137
498.3 2.01 1.908 1.939 1.437 3.409 0.639 0.01 6.838 2.137
498.4 2.01 1.908 1.939 1.437 3.409 0.639 0.01 6.838 2.137
498.5 2.01 1.908 1.939 1.437 3.409 0.639 0.01 6.838 2.137
498.6 2.01 1.908 1.939 1.437 3.409 0.639 0.01 6.838 2.137
498.7 2.01 1.908 1.939 1.437 3.409 0.639 0.01 6.838 2.137
498.8 2.01 1.908 1.939 1.437 3.409 0.639 0.01 6.838 2.137
498.9 2.01 1.908 1.939 1.437 3.409 0.639 0.01 6.838 2.137
499.0 2.01 1.908 1.939 1.437 3.409 0.639 0.01 6.838 2.137
499.1 2.01 1.908 1.939 1.437 3.409 0.639 0.01 6.838 2.137
499.2 2.01 1.908 1.939 1.437 3.409 0.639 0.01 6.838 2.137
499.3 2.01 1.908 1.939 1.437 3.409 0.639 0.01 6.838 2.137
499.4 2.01 1.908 1.939 1.437 3.409 0.639 0.01 6.838 2.137
499.5 2.01 1.908 1.939 1.437 3.409 0.639 0.01 6.838 2.137
499.6 2.01 1.908 1.939 1.437 3.409 0.639 0.01 6.838 2.137
499.7 2.01 1.908 1.939 1.437 3.409 0.639 0.01 6.838 2.137
499.8 2.01 1.908 1.939 1.437 3.409 0.639 0.01 6.838 2.137
499.9 2.01 1.908 1.939 1.437 3.409 0.639 0.01 6.838 2.137
