200.0 2.01 1.908 1.939 0.008 0.011 0.012
200.1 2.01 1.908 1.939 0.007 0.011 0.013
200.2 2.01 1.908 1.939 0.006 0.011 0.015
200.3 2.01 1.908 1.939 0.006 0.011 0.016
200.4 2.01 1.908 1.939 0.005 0.011 0.017
200.5 2.01 1.908 1.939 0.005 0.011 0.017
200.6 2.01 1.908 1.939 0.005 0.011 0.018
200.7 2.01 1.908 1.939 0.005 0.011 0.019
200.8 2.01 1.908 1.939 0.005 0.011 0.019
200.9 2.01 1.908 1.939 0.004 0.01 0.02
201.0 2.01 1.908 1.939 0.004 0.01 0.021
201.1 2.01 1.908 1.939 0.004 0.01 0.021
201.2 2.01 1.908 1.939 0.004 0.01 0.022
201.3 2.01 1.908 1.939 0.004 0.01 0.022
201.4 2.01 1.908 1.939 0.004 0.01 0.023
201.5 2.01 1.908 1.939 0.004 0.009 0.023
201.6 2.01 1.908 1.939 0.004 0.009 0.023
201.7 2.01 1.908 1.939 0.004 0.009 0.024
201.8 2.01 1.908 1.939 0.004 0.009 0.024
201.9 2.01 1.908 1.939 0.004 0.009 0.025
202.0 2.01 1.908 1.939 0.004 0.009 0.025
202.1 2.01 1.908 1.939 0.004 0.009 0.025
202.2 2.01 1.908 1.939 0.004 0.008 0.026
202.3 2.01 1.908 1.939 0.004 0.008 0.026
202.4 2.01 1.908 1.939 0.004 0.008 0.026
202.5 2.01 1.908 1.939 0.004 0.008 0.026
202.6 2.01 1.908 1.939 0.004 0.008 0.027
202.7 2.01 1.908 1.939 0.004 0.008 0.027
202.8 2.01 1.908 1.939 0.004 0.008 0.027
202.9 2.01 1.908 1.939 0.004 0.008 0.027
203.0 2.01 1.908 1.939 0.004 0.008 0.028
203.1 2.01 1.908 1.939 0.004 0.008 0.028
203.2 2.01 1.908 1.939 0.004 0.008 0.028
203.3 2.01 1.908 1.939 0.004 0.007 0.028
203.4 2.01 1.908 1.939 0.004 0.007 0.028
203.5 2.01 1.908 1.939 0.004 0.007 0.028
203.6 2.01 1.908 1.939 0.004 0.007 0.029
203.7 2.01 1.908 1.939 0.004 0.007 0.029
203.8 2.01 1.908 1.939 0.004 0.007 0.029
203.9 2.01 1.908 1.939 0.004 0.007 0.029
204.0 2.01 1.908 1.939 0.004 0.007 0.029
204.1 2.01 1.908 1.939 0.004 0.007 0.029
204.2 2.01 1.908 1.939 0.003 0.007 0.029
204.3 2.01 1.908 1.939 0.003 0.007 0.029
204.4 2.01 1.908 1.939 0.003 0.007 0.03
204.5 2.01 1.908 1.939 0.003 0.007 0.03
204.6 2.01 1.908 1.939 0.003 0.007 0.03
204.7 2.01 1.908 1.939 0.003 0.007 0.03
204.8 2.01 1.908 1.939 0.003 0.007 0.03
204.9 2.01 1.908 1.939 0.003 0.007 0.03
205.0 2.01 1.908 1.939 0.003 0.007 0.03
205.1 2.01 1.908 1.939 0.003 0.007 0.03
205.2 2.01 1.908 1.939 0.003 0.007 0.03
205.3 2.01 1.908 1.939 0.003 0.007 0.03
205.4 2.01 1.908 1.939 0.003 0.007 0.03
205.5 2.01 1.908 1.939 0.003 0.007 0.03
205.6 2.01 1.908 1.939 0.003 0.007 0.03
205.7 2.01 1.908 1.939 0.003 0.007 0.031
205.8 2.01 1.908 1.939 0.003 0.007 0.031
205.9 2.01 1.908 1.939 0.003 0.007 0.031
206.0 2.01 1.908 1.939 0.003 0.007 0.031
206.1 2.01 1.908 1.939 0.003 0.007 0.031
206.2 2.01 1.908 1.939 0.003 0.007 0.031
206.3 2.01 1.908 1.939 0.003 0.007 0.031
206.4 2.01 1.908 1.939 0.003 0.007 0.031
206.5 2.01 1.908 1.939 0.003 0.007 0.031
206.6 2.01 1.908 1.939 0.003 0.007 0.031
206.7 2.01 1.908 1.939 0.003 0.007 0.031
206.8 2.01 1.908 1.939 0.003 0.007 0.031
206.9 2.01 1.908 1.939 0.003 0.007 0.031
207.0 2.01 1.908 1.939 0.003 0.007 0.031
207.1 2.01 1.908 1.939 0.003 0.007 0.031
207.2 2.01 1.908 1.939 0.003 0.007 0.031
207.3 2.01 1.908 1.939 0.003 0.007 0.031
207.4 2.01 1.908 1.939 0.003 0.007 0.031
207.5 2.01 1.908 1.939 0.003 0.007 0.031
207.6 2.01 1.908 1.939 0.003 0.007 0.031
207.7 2.01 1.908 1.939 0.003 0.007 0.031
207.8 2.01 1.908 1.939 0.003 0.007 0.031
207.9 2.01 1.908 1.939 0.003 0.007 0.031
208.0 2.01 1.908 1.939 0.003 0.007 0.031
208.1 2.01 1.908 1.939 0.003 0.007 0.031
208.2 2.01 1.908 1.939 0.003 0.007 0.031
208.3 2.01 1.908 1.939 0.003 0.007 0.031
208.4 2.01 1.908 1.939 0.003 0.007 0.031
208.5 2.01 1.908 1.939 0.003 0.007 0.031
208.6 2.01 1.908 1.939 0.003 0.007 0.031
208.7 2.01 1.908 1.939 0.003 0.007 0.031
208.8 2.01 1.908 1.939 0.003 0.007 0.031
208.9 2.01 1.908 1.939 0.003 0.007 0.031
209.0 2.01 1.908 1.939 0.003 0.007 0.031
209.1 2.01 1.908 1.939 0.003 0.007 0.031
209.2 2.01 1.908 1.939 0.003 0.007 0.031
209.3 2.01 1.908 1.939 0.003 0.007 0.031
209.4 2.01 1.908 1.939 0.003 0.007 0.031
209.5 2.01 1.908 1.939 0.003 0.007 0.032
209.6 2.01 1.908 1.939 0.003 0.007 0.032
209.7 2.01 1.908 1.939 0.003 0.007 0.032
209.8 2.01 1.908 1.939 0.003 0.007 0.032
209.9 2.01 1.908 1.939 0.003 0.007 0.032
210.0 2.01 1.908 1.939 0.003 0.007 0.032
210.1 2.01 1.908 1.939 0.003 0.007 0.032
210.2 2.01 1.908 1.939 0.003 0.007 0.032
210.3 2.01 1.908 1.939 0.003 0.007 0.032
210.4 2.01 1.908 1.939 0.003 0.007 0.032
210.5 2.01 1.908 1.939 0.003 0.007 0.032
210.6 2.01 1.908 1.939 0.003 0.007 0.032
210.7 2.01 1.908 1.939 0.003 0.007 0.032
210.8 2.01 1.908 1.939 0.003 0.007 0.032
210.9 2.01 1.908 1.939 0.003 0.007 0.032
211.0 2.01 1.908 1.939 0.003 0.007 0.032
211.1 2.01 1.908 1.939 0.003 0.007 0.032
211.2 2.01 1.908 1.939 0.003 0.007 0.032
211.3 2.01 1.908 1.939 0.003 0.007 0.032
211.4 2.01 1.908 1.939 0.003 0.007 0.032
211.5 2.01 1.908 1.939 0.003 0.007 0.032
211.6 2.01 1.908 1.939 0.003 0.007 0.032
211.7 2.01 1.908 1.939 0.003 0.007 0.032
211.8 2.01 1.908 1.939 0.003 0.007 0.032
211.9 2.01 1.908 1.939 0.003 0.007 0.032
212.0 2.01 1.908 1.939 0.003 0.007 0.032
212.1 2.01 1.908 1.939 0.003 0.007 0.032
212.2 2.01 1.908 1.939 0.003 0.007 0.032
212.3 2.01 1.908 1.939 0.003 0.007 0.032
212.4 2.01 1.908 1.939 0.003 0.007 0.032
212.5 2.01 1.908 1.939 0.003 0.007 0.032
212.6 2.01 1.908 1.939 0.003 0.007 0.032
212.7 2.01 1.908 1.939 0.003 0.007 0.032
212.8 2.01 1.908 1.939 0.003 0.007 0.032
212.9 2.01 1.908 1.939 0.003 0.007 0.032
213.0 2.01 1.908 1.939 0.003 0.007 0.032
213.1 2.01 1.908 1.939 0.003 0.007 0.032
213.2 2.01 1.908 1.939 0.003 0.007 0.032
213.3 2.01 1.908 1.939 0.003 0.007 0.032
213.4 2.01 1.908 1.939 0.003 0.007 0.032
213.5 2.01 1.908 1.939 0.004 0.007 0.032
213.6 2.01 1.908 1.939 0.004 0.007 0.032
213.7 2.01 1.908 1.939 0.004 0.007 0.032
213.8 2.01 1.908 1.939 0.004 0.007 0.032
213.9 2.01 1.908 1.939 0.004 0.007 0.032
214.0 2.01 1.908 1.939 0.004 0.007 0.032
214.1 2.01 1.908 1.939 0.004 0.007 0.032
214.2 2.01 1.908 1.939 0.004 0.007 0.032
214.3 2.01 1.908 1.939 0.004 0.007 0.032
214.4 2.01 1.908 1.939 0.004 0.007 0.032
214.5 2.01 1.908 1.939 0.004 0.007 0.032
214.6 2.01 1.908 1.939 0.004 0.007 0.032
214.7 2.01 1.908 1.939 0.004 0.007 0.032
214.8 2.01 1.908 1.939 0.004 0.007 0.032
214.9 2.01 1.908 1.939 0.004 0.007 0.032
215.0 2.01 1.908 1.939 0.004 0.007 0.032
215.1 2.01 1.908 1.939 0.004 0.007 0.032
215.2 2.01 1.908 1.939 0.004 0.007 0.032
215.3 2.01 1.908 1.939 0.004 0.007 0.032
215.4 2.01 1.908 1.939 0.004 0.007 0.032
215.5 2.01 1.908 1.939 0.004 0.007 0.032
215.6 2.01 1.908 1.939 0.004 0.007 0.032
215.7 2.01 1.908 1.939 0.004 0.007 0.032
215.8 2.01 1.908 1.939 0.004 0.007 0.032
215.9 2.01 1.908 1.939 0.004 0.007 0.032
216.0 2.01 1.908 1.939 0.004 0.007 0.032
216.1 2.01 1.908 1.939 0.004 0.007 0.032
216.2 2.01 1.908 1.939 0.004 0.007 0.032
216.3 2.01 1.908 1.939 0.004 0.007 0.032
216.4 2.01 1.908 1.939 0.004 0.007 0.032
216.5 2.01 1.908 1.939 0.004 0.007 0.032
216.6 2.01 1.908 1.939 0.004 0.007 0.032
216.7 2.01 1.908 1.939 0.004 0.007 0.032
216.8 2.01 1.908 1.939 0.004 0.007 0.032
216.9 2.01 1.908 1.939 0.004 0.007 0.032
217.0 2.01 1.908 1.939 0.004 0.007 0.032
217.1 2.01 1.908 1.939 0.004 0.007 0.032
217.2 2.01 1.908 1.939 0.004 0.007 0.032
217.3 2.01 1.908 1.939 0.004 0.007 0.032
217.4 2.01 1.908 1.939 0.004 0.007 0.032
217.5 2.01 1.908 1.939 0.004 0.007 0.032
217.6 2.01 1.908 1.939 0.004 0.007 0.032
217.7 2.01 1.908 1.939 0.004 0.007 0.032
217.8 2.01 1.908 1.939 0.004 0.007 0.032
217.9 2.01 1.908 1.939 0.004 0.007 0.032
218.0 2.01 1.908 1.939 0.004 0.007 0.032
218.1 2.01 1.908 1.939 0.004 0.007 0.032
218.2 2.01 1.908 1.939 0.004 0.007 0.032
218.3 2.01 1.908 1.939 0.004 0.007 0.032
218.4 2.01 1.908 1.939 0.004 0.007 0.032
218.5 2.01 1.908 1.939 0.004 0.007 0.032
218.6 2.01 1.908 1.939 0.004 0.007 0.032
218.7 2.01 1.908 1.939 0.004 0.007 0.032
218.8 2.01 1.908 1.939 0.004 0.007 0.032
218.9 2.01 1.908 1.939 0.004 0.007 0.032
219.0 2.01 1.908 1.939 0.004 0.007 0.032
219.1 2.01 1.908 1.939 0.004 0.007 0.032
219.2 2.01 1.908 1.939 0.004 0.007 0.032
219.3 2.01 1.908 1.939 0.004 0.007 0.032
219.4 2.01 1.908 1.939 0.004 0.007 0.032
219.5 2.01 1.908 1.939 0.004 0.007 0.032
219.6 2.01 1.908 1.939 0.004 0.007 0.032
219.7 2.01 1.908 1.939 0.004 0.007 0.032
219.8 2.01 1.908 1.939 0.004 0.007 0.032
219.9 2.01 1.908 1.939 0.004 0.007 0.032
220.0 2.01 1.908 1.939 0.004 0.007 0.032
220.1 2.01 1.908 1.939 0.004 0.007 0.032
220.2 2.01 1.908 1.939 0.004 0.007 0.033
220.3 2.01 1.908 1.939 0.004 0.007 0.033
220.4 2.01 1.908 1.939 0.004 0.007 0.033
220.5 2.01 1.908 1.939 0.004 0.007 0.033
220.6 2.01 1.908 1.939 0.004 0.007 0.033
220.7 2.01 1.908 1.939 0.004 0.007 0.033
220.8 2.01 1.908 1.939 0.004 0.007 0.033
220.9 2.01 1.908 1.939 0.004 0.007 0.033
221.0 2.01 1.908 1.939 0.004 0.007 0.033
221.1 2.01 1.908 1.939 0.004 0.007 0.033
221.2 2.01 1.908 1.939 0.004 0.007 0.033
221.3 2.01 1.908 1.939 0.004 0.007 0.033
221.4 2.01 1.908 1.939 0.004 0.007 0.033
221.5 2.01 1.908 1.939 0.004 0.007 0.033
221.6 2.01 1.908 1.939 0.004 0.007 0.033
221.7 2.01 1.908 1.939 0.004 0.007 0.033
221.8 2.01 1.908 1.939 0.004 0.007 0.033
221.9 2.01 1.908 1.939 0.004 0.007 0.033
222.0 2.01 1.908 1.939 0.004 0.007 0.033
222.1 2.01 1.908 1.939 0.004 0.007 0.033
222.2 2.01 1.908 1.939 0.004 0.007 0.033
222.3 2.01 1.908 1.939 0.004 0.007 0.033
222.4 2.01 1.908 1.939 0.004 0.007 0.033
222.5 2.01 1.908 1.939 0.004 0.007 0.033
222.6 2.01 1.908 1.939 0.004 0.007 0.033
222.7 2.01 1.908 1.939 0.004 0.007 0.033
222.8 2.01 1.908 1.939 0.004 0.007 0.033
222.9 2.01 1.908 1.939 0.004 0.007 0.033
223.0 2.01 1.908 1.939 0.004 0.007 0.033
223.1 2.01 1.908 1.939 0.004 0.007 0.033
223.2 2.01 1.908 1.939 0.004 0.007 0.033
223.3 2.01 1.908 1.939 0.004 0.007 0.033
223.4 2.01 1.908 1.939 0.004 0.007 0.033
223.5 2.01 1.908 1.939 0.004 0.007 0.033
223.6 2.01 1.908 1.939 0.004 0.007 0.033
223.7 2.01 1.908 1.939 0.004 0.007 0.033
223.8 2.01 1.908 1.939 0.004 0.007 0.033
223.9 2.01 1.908 1.939 0.004 0.007 0.033
224.0 2.01 1.908 1.939 0.004 0.007 0.033
224.1 2.01 1.908 1.939 0.004 0.007 0.033
224.2 2.01 1.908 1.939 0.004 0.007 0.033
224.3 2.01 1.908 1.939 0.004 0.007 0.033
224.4 2.01 1.908 1.939 0.004 0.007 0.033
224.5 2.01 1.908 1.939 0.004 0.007 0.033
224.6 2.01 1.908 1.939 0.004 0.007 0.033
224.7 2.01 1.908 1.939 0.004 0.007 0.033
224.8 2.01 1.908 1.939 0.004 0.007 0.033
224.9 2.01 1.908 1.939 0.004 0.007 0.033
225.0 2.01 1.908 1.939 0.004 0.007 0.033
225.1 2.01 1.908 1.939 0.004 0.007 0.033
225.2 2.01 1.908 1.939 0.004 0.007 0.033
225.3 2.01 1.908 1.939 0.004 0.007 0.033
225.4 2.01 1.908 1.939 0.004 0.007 0.033
225.5 2.01 1.908 1.939 0.004 0.007 0.033
225.6 2.01 1.908 1.939 0.004 0.007 0.033
225.7 2.01 1.908 1.939 0.004 0.007 0.033
225.8 2.01 1.908 1.939 0.004 0.007 0.033
225.9 2.01 1.908 1.939 0.004 0.007 0.033
226.0 2.01 1.908 1.939 0.004 0.007 0.033
226.1 2.01 1.908 1.939 0.004 0.007 0.033
226.2 2.01 1.908 1.939 0.004 0.007 0.033
226.3 2.01 1.908 1.939 0.004 0.007 0.033
226.4 2.01 1.908 1.939 0.004 0.007 0.033
226.5 2.01 1.908 1.939 0.004 0.007 0.033
226.6 2.01 1.908 1.939 0.004 0.007 0.033
226.7 2.01 1.908 1.939 0.004 0.007 0.033
226.8 2.01 1.908 1.939 0.004 0.007 0.033
226.9 2.01 1.908 1.939 0.004 0.007 0.033
227.0 2.01 1.908 1.939 0.004 0.007 0.033
227.1 2.01 1.908 1.939 0.004 0.007 0.033
227.2 2.01 1.908 1.939 0.004 0.007 0.033
227.3 2.01 1.908 1.939 0.004 0.007 0.033
227.4 2.01 1.908 1.939 0.004 0.007 0.033
227.5 2.01 1.908 1.939 0.004 0.007 0.033
227.6 2.01 1.908 1.939 0.004 0.007 0.033
227.7 2.01 1.908 1.939 0.004 0.007 0.033
227.8 2.01 1.908 1.939 0.004 0.007 0.033
227.9 2.01 1.908 1.939 0.004 0.007 0.033
228.0 2.01 1.908 1.939 0.004 0.007 0.033
228.1 2.01 1.908 1.939 0.004 0.007 0.033
228.2 2.01 1.908 1.939 0.004 0.007 0.033
228.3 2.01 1.908 1.939 0.004 0.007 0.033
228.4 2.01 1.908 1.939 0.004 0.007 0.033
228.5 2.01 1.908 1.939 0.004 0.007 0.033
228.6 2.01 1.908 1.939 0.004 0.007 0.033
228.7 2.01 1.908 1.939 0.004 0.007 0.033
228.8 2.01 1.908 1.939 0.004 0.007 0.033
228.9 2.01 1.908 1.939 0.004 0.007 0.033
229.0 2.01 1.908 1.939 0.004 0.007 0.033
229.1 2.01 1.908 1.939 0.004 0.007 0.033
229.2 2.01 1.908 1.939 0.004 0.007 0.033
229.3 2.01 1.908 1.939 0.004 0.007 0.033
229.4 2.01 1.908 1.939 0.004 0.007 0.033
229.5 2.01 1.908 1.939 0.004 0.007 0.033
229.6 2.01 1.908 1.939 0.004 0.007 0.033
229.7 2.01 1.908 1.939 0.004 0.007 0.033
229.8 2.01 1.908 1.939 0.004 0.007 0.033
229.9 2.01 1.908 1.939 0.004 0.007 0.033
230.0 2.01 1.908 1.939 0.004 0.007 0.033
230.1 2.01 1.908 1.939 0.004 0.007 0.033
230.2 2.01 1.908 1.939 0.004 0.007 0.033
230.3 2.01 1.908 1.939 0.004 0.007 0.033
230.4 2.01 1.908 1.939 0.004 0.007 0.033
230.5 2.01 1.908 1.939 0.004 0.007 0.033
230.6 2.01 1.908 1.939 0.004 0.007 0.033
230.7 2.01 1.908 1.939 0.004 0.007 0.033
230.8 2.01 1.908 1.939 0.004 0.007 0.033
230.9 2.01 1.908 1.939 0.004 0.007 0.033
231.0 2.01 1.908 1.939 0.004 0.007 0.033
231.1 2.01 1.908 1.939 0.004 0.007 0.034
231.2 2.01 1.908 1.939 0.004 0.007 0.034
231.3 2.01 1.908 1.939 0.004 0.007 0.034
231.4 2.01 1.908 1.939 0.004 0.007 0.034
231.5 2.01 1.908 1.939 0.004 0.007 0.034
231.6 2.01 1.908 1.939 0.004 0.007 0.034
231.7 2.01 1.908 1.939 0.004 0.007 0.034
231.8 2.01 1.908 1.939 0.004 0.007 0.034
231.9 2.01 1.908 1.939 0.004 0.007 0.034
232.0 2.01 1.908 1.939 0.004 0.007 0.034
232.1 2.01 1.908 1.939 0.004 0.007 0.034
232.2 2.01 1.908 1.939 0.004 0.007 0.034
232.3 2.01 1.908 1.939 0.004 0.007 0.034
232.4 2.01 1.908 1.939 0.004 0.007 0.034
232.5 2.01 1.908 1.939 0.004 0.007 0.034
232.6 2.01 1.908 1.939 0.004 0.007 0.034
232.7 2.01 1.908 1.939 0.004 0.007 0.034
232.8 2.01 1.908 1.939 0.004 0.007 0.034
232.9 2.01 1.908 1.939 0.004 0.007 0.034
233.0 2.01 1.908 1.939 0.004 0.007 0.034
233.1 2.01 1.908 1.939 0.004 0.007 0.034
233.2 2.01 1.908 1.939 0.004 0.007 0.034
233.3 2.01 1.908 1.939 0.004 0.007 0.034
233.4 2.01 1.908 1.939 0.004 0.007 0.034
233.5 2.01 1.908 1.939 0.004 0.007 0.034
233.6 2.01 1.908 1.939 0.004 0.007 0.034
233.7 2.01 1.908 1.939 0.004 0.007 0.034
233.8 2.01 1.908 1.939 0.004 0.007 0.034
233.9 2.01 1.908 1.939 0.004 0.007 0.034
234.0 2.01 1.908 1.939 0.004 0.007 0.034
234.1 2.01 1.908 1.939 0.004 0.007 0.034
234.2 2.01 1.908 1.939 0.004 0.007 0.034
234.3 2.01 1.908 1.939 0.004 0.007 0.034
234.4 2.01 1.908 1.939 0.004 0.007 0.034
234.5 2.01 1.908 1.939 0.004 0.007 0.034
234.6 2.01 1.908 1.939 0.004 0.007 0.034
234.7 2.01 1.908 1.939 0.004 0.007 0.034
234.8 2.01 1.908 1.939 0.004 0.007 0.034
234.9 2.01 1.908 1.939 0.004 0.007 0.034
235.0 2.01 1.908 1.939 0.004 0.007 0.034
235.1 2.01 1.908 1.939 0.004 0.007 0.034
235.2 2.01 1.908 1.939 0.004 0.007 0.034
235.3 2.01 1.908 1.939 0.004 0.007 0.034
235.4 2.01 1.908 1.939 0.004 0.007 0.034
235.5 2.01 1.908 1.939 0.004 0.007 0.034
235.6 2.01 1.908 1.939 0.004 0.007 0.034
235.7 2.01 1.908 1.939 0.004 0.008 0.034
235.8 2.01 1.908 1.939 0.004 0.008 0.034
235.9 2.01 1.908 1.939 0.004 0.008 0.034
236.0 2.01 1.908 1.939 0.004 0.008 0.034
236.1 2.01 1.908 1.939 0.004 0.008 0.034
236.2 2.01 1.908 1.939 0.004 0.008 0.034
236.3 2.01 1.908 1.939 0.004 0.008 0.034
236.4 2.01 1.908 1.939 0.004 0.008 0.034
236.5 2.01 1.908 1.939 0.004 0.008 0.034
236.6 2.01 1.908 1.939 0.004 0.008 0.034
236.7 2.01 1.908 1.939 0.004 0.008 0.034
236.8 2.01 1.908 1.939 0.004 0.008 0.034
236.9 2.01 1.908 1.939 0.004 0.008 0.034
237.0 2.01 1.908 1.939 0.004 0.008 0.034
237.1 2.01 1.908 1.939 0.004 0.008 0.034
237.2 2.01 1.908 1.939 0.004 0.008 0.034
237.3 2.01 1.908 1.939 0.004 0.008 0.034
237.4 2.01 1.908 1.939 0.004 0.008 0.034
237.5 2.01 1.908 1.939 0.004 0.008 0.034
237.6 2.01 1.908 1.939 0.004 0.008 0.034
237.7 2.01 1.908 1.939 0.004 0.008 0.034
237.8 2.01 1.908 1.939 0.004 0.008 0.034
237.9 2.01 1.908 1.939 0.004 0.008 0.034
238.0 2.01 1.908 1.939 0.004 0.008 0.034
238.1 2.01 1.908 1.939 0.004 0.008 0.034
238.2 2.01 1.908 1.939 0.004 0.008 0.034
238.3 2.01 1.908 1.939 0.004 0.008 0.034
238.4 2.01 1.908 1.939 0.004 0.008 0.034
238.5 2.01 1.908 1.939 0.004 0.008 0.034
238.6 2.01 1.908 1.939 0.004 0.008 0.034
238.7 2.01 1.908 1.939 0.004 0.008 0.034
238.8 2.01 1.908 1.939 0.004 0.008 0.034
238.9 2.01 1.908 1.939 0.004 0.008 0.034
239.0 2.01 1.908 1.939 0.004 0.008 0.034
239.1 2.01 1.908 1.939 0.004 0.008 0.034
239.2 2.01 1.908 1.939 0.004 0.008 0.034
239.3 2.01 1.908 1.939 0.004 0.008 0.034
239.4 2.01 1.908 1.939 0.004 0.008 0.034
239.5 2.01 1.908 1.939 0.004 0.008 0.034
239.6 2.01 1.908 1.939 0.004 0.008 0.034
239.7 2.01 1.908 1.939 0.004 0.008 0.034
239.8 2.01 1.908 1.939 0.004 0.008 0.034
239.9 2.01 1.908 1.939 0.004 0.008 0.034
240.0 2.01 1.908 1.939 0.004 0.008 0.034
240.1 2.01 1.908 1.939 0.004 0.008 0.034
240.2 2.01 1.908 1.939 0.004 0.008 0.034
240.3 2.01 1.908 1.939 0.004 0.008 0.034
240.4 2.01 1.908 1.939 0.004 0.008 0.034
240.5 2.01 1.908 1.939 0.004 0.008 0.034
240.6 2.01 1.908 1.939 0.004 0.008 0.034
240.7 2.01 1.908 1.939 0.004 0.008 0.034
240.8 2.01 1.908 1.939 0.004 0.008 0.034
240.9 2.01 1.908 1.939 0.004 0.008 0.034
241.0 2.01 1.908 1.939 0.004 0.008 0.034
241.1 2.01 1.908 1.939 0.004 0.008 0.034
241.2 2.01 1.908 1.939 0.004 0.008 0.034
241.3 2.01 1.908 1.939 0.004 0.008 0.035
241.4 2.01 1.908 1.939 0.004 0.008 0.035
241.5 2.01 1.908 1.939 0.004 0.008 0.035
241.6 2.01 1.908 1.939 0.004 0.008 0.035
241.7 2.01 1.908 1.939 0.004 0.008 0.035
241.8 2.01 1.908 1.939 0.004 0.008 0.035
241.9 2.01 1.908 1.939 0.004 0.008 0.035
242.0 2.01 1.908 1.939 0.004 0.008 0.035
242.1 2.01 1.908 1.939 0.004 0.008 0.035
242.2 2.01 1.908 1.939 0.004 0.008 0.035
242.3 2.01 1.908 1.939 0.004 0.008 0.035
242.4 2.01 1.908 1.939 0.004 0.008 0.035
242.5 2.01 1.908 1.939 0.004 0.008 0.035
242.6 2.01 1.908 1.939 0.004 0.008 0.035
242.7 2.01 1.908 1.939 0.004 0.008 0.035
242.8 2.01 1.908 1.939 0.004 0.008 0.035
242.9 2.01 1.908 1.939 0.004 0.008 0.035
243.0 2.01 1.908 1.939 0.004 0.008 0.035
243.1 2.01 1.908 1.939 0.004 0.008 0.035
243.2 2.01 1.908 1.939 0.004 0.008 0.035
243.3 2.01 1.908 1.939 0.004 0.008 0.035
243.4 2.01 1.908 1.939 0.004 0.008 0.035
243.5 2.01 1.908 1.939 0.004 0.008 0.035
243.6 2.01 1.908 1.939 0.004 0.008 0.035
243.7 2.01 1.908 1.939 0.004 0.008 0.035
243.8 2.01 1.908 1.939 0.004 0.008 0.035
243.9 2.01 1.908 1.939 0.004 0.008 0.035
244.0 2.01 1.908 1.939 0.004 0.008 0.035
244.1 2.01 1.908 1.939 0.004 0.008 0.035
244.2 2.01 1.908 1.939 0.004 0.008 0.035
244.3 2.01 1.908 1.939 0.004 0.008 0.035
244.4 2.01 1.908 1.939 0.004 0.008 0.035
244.5 2.01 1.908 1.939 0.004 0.008 0.035
244.6 2.01 1.908 1.939 0.004 0.008 0.035
244.7 2.01 1.908 1.939 0.004 0.008 0.035
244.8 2.01 1.908 1.939 0.004 0.008 0.035
244.9 2.01 1.908 1.939 0.004 0.008 0.035
245.0 2.01 1.908 1.939 0.004 0.008 0.035
245.1 2.01 1.908 1.939 0.004 0.008 0.035
245.2 2.01 1.908 1.939 0.004 0.008 0.035
245.3 2.01 1.908 1.939 0.004 0.008 0.035
245.4 2.01 1.908 1.939 0.004 0.008 0.035
245.5 2.01 1.908 1.939 0.004 0.008 0.035
245.6 2.01 1.908 1.939 0.004 0.008 0.035
245.7 2.01 1.908 1.939 0.004 0.008 0.035
245.8 2.01 1.908 1.939 0.004 0.008 0.035
245.9 2.01 1.908 1.939 0.004 0.008 0.035
246.0 2.01 1.908 1.939 0.004 0.008 0.035
246.1 2.01 1.908 1.939 0.004 0.008 0.035
246.2 2.01 1.908 1.939 0.004 0.008 0.035
246.3 2.01 1.908 1.939 0.004 0.008 0.035
246.4 2.01 1.908 1.939 0.004 0.008 0.035
246.5 2.01 1.908 1.939 0.004 0.008 0.035
246.6 2.01 1.908 1.939 0.004 0.008 0.035
246.7 2.01 1.908 1.939 0.004 0.008 0.035
246.8 2.01 1.908 1.939 0.004 0.008 0.035
246.9 2.01 1.908 1.939 0.004 0.008 0.035
247.0 2.01 1.908 1.939 0.004 0.008 0.035
247.1 2.01 1.908 1.939 0.004 0.008 0.035
247.2 2.01 1.908 1.939 0.004 0.008 0.035
247.3 2.01 1.908 1.939 0.004 0.008 0.035
247.4 2.01 1.908 1.939 0.004 0.008 0.035
247.5 2.01 1.908 1.939 0.004 0.008 0.035
247.6 2.01 1.908 1.939 0.004 0.008 0.035
247.7 2.01 1.908 1.939 0.004 0.008 0.035
247.8 2.01 1.908 1.939 0.004 0.008 0.035
247.9 2.01 1.908 1.939 0.004 0.008 0.035
248.0 2.01 1.908 1.939 0.004 0.008 0.035
248.1 2.01 1.908 1.939 0.004 0.008 0.035
248.2 2.01 1.908 1.939 0.004 0.008 0.035
248.3 2.01 1.908 1.939 0.004 0.008 0.035
248.4 2.01 1.908 1.939 0.004 0.008 0.035
248.5 2.01 1.908 1.939 0.004 0.008 0.035
248.6 2.01 1.908 1.939 0.004 0.008 0.035
248.7 2.01 1.908 1.939 0.004 0.008 0.035
248.8 2.01 1.908 1.939 0.004 0.008 0.035
248.9 2.01 1.908 1.939 0.004 0.008 0.035
249.0 2.01 1.908 1.939 0.004 0.008 0.035
249.1 2.01 1.908 1.939 0.004 0.008 0.035
249.2 2.01 1.908 1.939 0.004 0.008 0.035
249.3 2.01 1.908 1.939 0.004 0.008 0.035
249.4 2.01 1.908 1.939 0.004 0.008 0.035
249.5 2.01 1.908 1.939 0.004 0.008 0.035
249.6 2.01 1.908 1.939 0.004 0.008 0.035
249.7 2.01 1.908 1.939 0.004 0.008 0.035
249.8 2.01 1.908 1.939 0.004 0.008 0.035
249.9 2.01 1.908 1.939 0.004 0.008 0.035
250.0 2.01 1.908 1.939 0.004 0.008 0.035
250.1 2.01 1.908 1.939 0.004 0.008 0.035
250.2 2.01 1.908 1.939 0.004 0.008 0.035
250.3 2.01 1.908 1.939 0.004 0.008 0.035
250.4 2.01 1.908 1.939 0.004 0.008 0.035
250.5 2.01 1.908 1.939 0.004 0.008 0.035
250.6 2.01 1.908 1.939 0.004 0.008 0.035
250.7 2.01 1.908 1.939 0.004 0.008 0.035
250.8 2.01 1.908 1.939 0.004 0.008 0.036
250.9 2.01 1.908 1.939 0.004 0.008 0.036
251.0 2.01 1.908 1.939 0.004 0.008 0.036
251.1 2.01 1.908 1.939 0.004 0.008 0.036
251.2 2.01 1.908 1.939 0.004 0.008 0.036
251.3 2.01 1.908 1.939 0.004 0.008 0.036
251.4 2.01 1.908 1.939 0.004 0.008 0.036
251.5 2.01 1.908 1.939 0.004 0.008 0.036
251.6 2.01 1.908 1.939 0.004 0.008 0.036
251.7 2.01 1.908 1.939 0.004 0.008 0.036
251.8 2.01 1.908 1.939 0.004 0.008 0.036
251.9 2.01 1.908 1.939 0.004 0.008 0.036
252.0 2.01 1.908 1.939 0.004 0.008 0.036
252.1 2.01 1.908 1.939 0.004 0.008 0.036
252.2 2.01 1.908 1.939 0.004 0.008 0.036
252.3 2.01 1.908 1.939 0.004 0.008 0.036
252.4 2.01 1.908 1.939 0.004 0.008 0.036
252.5 2.01 1.908 1.939 0.004 0.008 0.036
252.6 2.01 1.908 1.939 0.004 0.008 0.036
252.7 2.01 1.908 1.939 0.004 0.008 0.036
252.8 2.01 1.908 1.939 0.004 0.008 0.036
252.9 2.01 1.908 1.939 0.004 0.008 0.036
253.0 2.01 1.908 1.939 0.004 0.008 0.036
253.1 2.01 1.908 1.939 0.004 0.008 0.036
253.2 2.01 1.908 1.939 0.004 0.008 0.036
253.3 2.01 1.908 1.939 0.004 0.008 0.036
253.4 2.01 1.908 1.939 0.004 0.008 0.036
253.5 2.01 1.908 1.939 0.004 0.008 0.036
253.6 2.01 1.908 1.939 0.004 0.008 0.036
253.7 2.01 1.908 1.939 0.004 0.008 0.036
253.8 2.01 1.908 1.939 0.004 0.008 0.036
253.9 2.01 1.908 1.939 0.004 0.008 0.036
254.0 2.01 1.908 1.939 0.004 0.008 0.036
254.1 2.01 1.908 1.939 0.004 0.008 0.036
254.2 2.01 1.908 1.939 0.004 0.008 0.036
254.3 2.01 1.908 1.939 0.004 0.008 0.036
254.4 2.01 1.908 1.939 0.004 0.008 0.036
254.5 2.01 1.908 1.939 0.004 0.008 0.036
254.6 2.01 1.908 1.939 0.004 0.008 0.036
254.7 2.01 1.908 1.939 0.004 0.008 0.036
254.8 2.01 1.908 1.939 0.004 0.008 0.036
254.9 2.01 1.908 1.939 0.004 0.008 0.036
255.0 2.01 1.908 1.939 0.004 0.008 0.036
255.1 2.01 1.908 1.939 0.004 0.008 0.036
255.2 2.01 1.908 1.939 0.004 0.008 0.036
255.3 2.01 1.908 1.939 0.004 0.008 0.036
255.4 2.01 1.908 1.939 0.004 0.008 0.036
255.5 2.01 1.908 1.939 0.004 0.008 0.036
255.6 2.01 1.908 1.939 0.004 0.008 0.036
255.7 2.01 1.908 1.939 0.004 0.008 0.036
255.8 2.01 1.908 1.939 0.004 0.008 0.036
255.9 2.01 1.908 1.939 0.004 0.008 0.036
256.0 2.01 1.908 1.939 0.004 0.008 0.036
256.1 2.01 1.908 1.939 0.004 0.008 0.036
256.2 2.01 1.908 1.939 0.004 0.008 0.036
256.3 2.01 1.908 1.939 0.004 0.008 0.036
256.4 2.01 1.908 1.939 0.005 0.008 0.036
256.5 2.01 1.908 1.939 0.005 0.009 0.036
256.6 2.01 1.908 1.939 0.005 0.009 0.036
256.7 2.01 1.908 1.939 0.005 0.009 0.036
256.8 2.01 1.908 1.939 0.005 0.009 0.036
256.9 2.01 1.908 1.939 0.005 0.009 0.036
257.0 2.01 1.908 1.939 0.005 0.009 0.036
257.1 2.01 1.908 1.939 0.005 0.009 0.036
257.2 2.01 1.908 1.939 0.005 0.009 0.036
257.3 2.01 1.908 1.939 0.005 0.009 0.036
257.4 2.01 1.908 1.939 0.005 0.009 0.036
257.5 2.01 1.908 1.939 0.005 0.009 0.036
257.6 2.01 1.908 1.939 0.005 0.009 0.036
257.7 2.01 1.908 1.939 0.005 0.009 0.036
257.8 2.01 1.908 1.939 0.005 0.009 0.036
257.9 2.01 1.908 1.939 0.005 0.009 0.036
258.0 2.01 1.908 1.939 0.005 0.009 0.036
258.1 2.01 1.908 1.939 0.005 0.009 0.036
258.2 2.01 1.908 1.939 0.005 0.009 0.036
258.3 2.01 1.908 1.939 0.005 0.009 0.036
258.4 2.01 1.908 1.939 0.005 0.009 0.036
258.5 2.01 1.908 1.939 0.005 0.009 0.036
258.6 2.01 1.908 1.939 0.005 0.009 0.036
258.7 2.01 1.908 1.939 0.005 0.009 0.036
258.8 2.01 1.908 1.939 0.005 0.009 0.036
258.9 2.01 1.908 1.939 0.005 0.009 0.036
259.0 2.01 1.908 1.939 0.005 0.009 0.036
259.1 2.01 1.908 1.939 0.005 0.009 0.036
259.2 2.01 1.908 1.939 0.005 0.009 0.036
259.3 2.01 1.908 1.939 0.005 0.009 0.036
259.4 2.01 1.908 1.939 0.005 0.009 0.036
259.5 2.01 1.908 1.939 0.005 0.009 0.036
259.6 2.01 1.908 1.939 0.005 0.009 0.036
259.7 2.01 1.908 1.939 0.005 0.009 0.037
259.8 2.01 1.908 1.939 0.005 0.009 0.037
259.9 2.01 1.908 1.939 0.005 0.009 0.037
260.0 2.01 1.908 1.939 0.005 0.009 0.037
260.1 2.01 1.908 1.939 0.005 0.009 0.037
260.2 2.01 1.908 1.939 0.005 0.009 0.037
260.3 2.01 1.908 1.939 0.005 0.009 0.037
260.4 2.01 1.908 1.939 0.005 0.009 0.037
260.5 2.01 1.908 1.939 0.005 0.009 0.037
260.6 2.01 1.908 1.939 0.005 0.009 0.037
260.7 2.01 1.908 1.939 0.005 0.009 0.037
260.8 2.01 1.908 1.939 0.005 0.009 0.037
260.9 2.01 1.908 1.939 0.005 0.009 0.037
261.0 2.01 1.908 1.939 0.005 0.009 0.037
261.1 2.01 1.908 1.939 0.005 0.009 0.037
261.2 2.01 1.908 1.939 0.005 0.009 0.037
261.3 2.01 1.908 1.939 0.005 0.009 0.037
261.4 2.01 1.908 1.939 0.005 0.009 0.037
261.5 2.01 1.908 1.939 0.005 0.009 0.037
261.6 2.01 1.908 1.939 0.005 0.009 0.037
261.7 2.01 1.908 1.939 0.005 0.009 0.037
261.8 2.01 1.908 1.939 0.005 0.009 0.037
261.9 2.01 1.908 1.939 0.005 0.009 0.037
262.0 2.01 1.908 1.939 0.005 0.009 0.037
262.1 2.01 1.908 1.939 0.005 0.009 0.037
262.2 2.01 1.908 1.939 0.005 0.009 0.037
262.3 2.01 1.908 1.939 0.005 0.009 0.037
262.4 2.01 1.908 1.939 0.005 0.009 0.037
262.5 2.01 1.908 1.939 0.005 0.009 0.037
262.6 2.01 1.908 1.939 0.005 0.009 0.037
262.7 2.01 1.908 1.939 0.005 0.009 0.037
262.8 2.01 1.908 1.939 0.005 0.009 0.037
262.9 2.01 1.908 1.939 0.005 0.009 0.037
263.0 2.01 1.908 1.939 0.005 0.009 0.037
263.1 2.01 1.908 1.939 0.005 0.009 0.037
263.2 2.01 1.908 1.939 0.005 0.009 0.037
263.3 2.01 1.908 1.939 0.005 0.009 0.037
263.4 2.01 1.908 1.939 0.005 0.009 0.037
263.5 2.01 1.908 1.939 0.005 0.009 0.037
263.6 2.01 1.908 1.939 0.005 0.009 0.037
263.7 2.01 1.908 1.939 0.005 0.009 0.037
263.8 2.01 1.908 1.939 0.005 0.009 0.037
263.9 2.01 1.908 1.939 0.005 0.009 0.037
264.0 2.01 1.908 1.939 0.005 0.009 0.037
264.1 2.01 1.908 1.939 0.005 0.009 0.037
264.2 2.01 1.908 1.939 0.005 0.009 0.037
264.3 2.01 1.908 1.939 0.005 0.009 0.037
264.4 2.01 1.908 1.939 0.005 0.009 0.037
264.5 2.01 1.908 1.939 0.005 0.009 0.037
264.6 2.01 1.908 1.939 0.005 0.009 0.037
264.7 2.01 1.908 1.939 0.005 0.009 0.037
264.8 2.01 1.908 1.939 0.005 0.009 0.037
264.9 2.01 1.908 1.939 0.005 0.009 0.037
265.0 2.01 1.908 1.939 0.005 0.009 0.037
265.1 2.01 1.908 1.939 0.005 0.009 0.037
265.2 2.01 1.908 1.939 0.005 0.009 0.037
265.3 2.01 1.908 1.939 0.005 0.009 0.037
265.4 2.01 1.908 1.939 0.005 0.009 0.037
265.5 2.01 1.908 1.939 0.005 0.009 0.037
265.6 2.01 1.908 1.939 0.005 0.009 0.037
265.7 2.01 1.908 1.939 0.005 0.009 0.037
265.8 2.01 1.908 1.939 0.005 0.009 0.037
265.9 2.01 1.908 1.939 0.005 0.009 0.037
266.0 2.01 1.908 1.939 0.005 0.009 0.037
266.1 2.01 1.908 1.939 0.005 0.009 0.037
266.2 2.01 1.908 1.939 0.005 0.009 0.037
266.3 2.01 1.908 1.939 0.005 0.009 0.037
266.4 2.01 1.908 1.939 0.005 0.009 0.037
266.5 2.01 1.908 1.939 0.005 0.009 0.037
266.6 2.01 1.908 1.939 0.005 0.009 0.037
266.7 2.01 1.908 1.939 0.005 0.009 0.037
266.8 2.01 1.908 1.939 0.005 0.009 0.037
266.9 2.01 1.908 1.939 0.005 0.009 0.037
267.0 2.01 1.908 1.939 0.005 0.009 0.037
267.1 2.01 1.908 1.939 0.005 0.009 0.037
267.2 2.01 1.908 1.939 0.005 0.009 0.037
267.3 2.01 1.908 1.939 0.005 0.009 0.037
267.4 2.01 1.908 1.939 0.005 0.009 0.037
267.5 2.01 1.908 1.939 0.005 0.009 0.037
267.6 2.01 1.908 1.939 0.005 0.009 0.037
267.7 2.01 1.908 1.939 0.005 0.009 0.037
267.8 2.01 1.908 1.939 0.005 0.009 0.037
267.9 2.01 1.908 1.939 0.005 0.009 0.037
268.0 2.01 1.908 1.939 0.005 0.009 0.037
268.1 2.01 1.908 1.939 0.005 0.009 0.038
268.2 2.01 1.908 1.939 0.005 0.009 0.038
268.3 2.01 1.908 1.939 0.005 0.009 0.038
268.4 2.01 1.908 1.939 0.005 0.009 0.038
268.5 2.01 1.908 1.939 0.005 0.009 0.038
268.6 2.01 1.908 1.939 0.005 0.009 0.038
268.7 2.01 1.908 1.939 0.005 0.009 0.038
268.8 2.01 1.908 1.939 0.005 0.009 0.038
268.9 2.01 1.908 1.939 0.005 0.009 0.038
269.0 2.01 1.908 1.939 0.005 0.009 0.038
269.1 2.01 1.908 1.939 0.005 0.009 0.038
269.2 2.01 1.908 1.939 0.005 0.009 0.038
269.3 2.01 1.908 1.939 0.005 0.009 0.038
269.4 2.01 1.908 1.939 0.005 0.009 0.038
269.5 2.01 1.908 1.939 0.005 0.009 0.038
269.6 2.01 1.908 1.939 0.005 0.009 0.038
269.7 2.01 1.908 1.939 0.005 0.009 0.038
269.8 2.01 1.908 1.939 0.005 0.009 0.038
269.9 2.01 1.908 1.939 0.005 0.009 0.038
270.0 2.01 1.908 1.939 0.005 0.009 0.038
270.1 2.01 1.908 1.939 0.005 0.009 0.038
270.2 2.01 1.908 1.939 0.005 0.009 0.038
270.3 2.01 1.908 1.939 0.005 0.009 0.038
270.4 2.01 1.908 1.939 0.005 0.009 0.038
270.5 2.01 1.908 1.939 0.005 0.009 0.038
270.6 2.01 1.908 1.939 0.005 0.009 0.038
270.7 2.01 1.908 1.939 0.005 0.009 0.038
270.8 2.01 1.908 1.939 0.005 0.009 0.038
270.9 2.01 1.908 1.939 0.005 0.009 0.038
271.0 2.01 1.908 1.939 0.005 0.009 0.038
271.1 2.01 1.908 1.939 0.005 0.009 0.038
271.2 2.01 1.908 1.939 0.005 0.009 0.038
271.3 2.01 1.908 1.939 0.005 0.009 0.038
271.4 2.01 1.908 1.939 0.005 0.009 0.038
271.5 2.01 1.908 1.939 0.005 0.009 0.038
271.6 2.01 1.908 1.939 0.005 0.009 0.038
271.7 2.01 1.908 1.939 0.005 0.009 0.038
271.8 2.01 1.908 1.939 0.005 0.009 0.038
271.9 2.01 1.908 1.939 0.005 0.009 0.038
272.0 2.01 1.908 1.939 0.005 0.009 0.038
272.1 2.01 1.908 1.939 0.005 0.009 0.038
272.2 2.01 1.908 1.939 0.005 0.009 0.038
272.3 2.01 1.908 1.939 0.005 0.009 0.038
272.4 2.01 1.908 1.939 0.005 0.009 0.038
272.5 2.01 1.908 1.939 0.005 0.009 0.038
272.6 2.01 1.908 1.939 0.005 0.009 0.038
272.7 2.01 1.908 1.939 0.005 0.009 0.038
272.8 2.01 1.908 1.939 0.005 0.009 0.038
272.9 2.01 1.908 1.939 0.005 0.009 0.038
273.0 2.01 1.908 1.939 0.005 0.009 0.038
273.1 2.01 1.908 1.939 0.005 0.009 0.038
273.2 2.01 1.908 1.939 0.005 0.009 0.038
273.3 2.01 1.908 1.939 0.005 0.009 0.038
273.4 2.01 1.908 1.939 0.005 0.009 0.038
273.5 2.01 1.908 1.939 0.005 0.009 0.038
273.6 2.01 1.908 1.939 0.005 0.009 0.038
273.7 2.01 1.908 1.939 0.005 0.01 0.038
273.8 2.01 1.908 1.939 0.005 0.01 0.038
273.9 2.01 1.908 1.939 0.005 0.01 0.038
274.0 2.01 1.908 1.939 0.005 0.01 0.038
274.1 2.01 1.908 1.939 0.005 0.01 0.038
274.2 2.01 1.908 1.939 0.005 0.01 0.038
274.3 2.01 1.908 1.939 0.005 0.01 0.038
274.4 2.01 1.908 1.939 0.005 0.01 0.038
274.5 2.01 1.908 1.939 0.005 0.01 0.038
274.6 2.01 1.908 1.939 0.005 0.01 0.038
274.7 2.01 1.908 1.939 0.005 0.01 0.038
274.8 2.01 1.908 1.939 0.005 0.01 0.038
274.9 2.01 1.908 1.939 0.005 0.01 0.038
275.0 2.01 1.908 1.939 0.005 0.01 0.038
275.1 2.01 1.908 1.939 0.005 0.01 0.038
275.2 2.01 1.908 1.939 0.005 0.01 0.038
275.3 2.01 1.908 1.939 0.005 0.01 0.038
275.4 2.01 1.908 1.939 0.005 0.01 0.038
275.5 2.01 1.908 1.939 0.005 0.01 0.038
275.6 2.01 1.908 1.939 0.005 0.01 0.038
275.7 2.01 1.908 1.939 0.005 0.01 0.038
275.8 2.01 1.908 1.939 0.005 0.01 0.038
275.9 2.01 1.908 1.939 0.005 0.01 0.039
276.0 2.01 1.908 1.939 0.005 0.01 0.039
276.1 2.01 1.908 1.939 0.005 0.01 0.039
276.2 2.01 1.908 1.939 0.005 0.01 0.039
276.3 2.01 1.908 1.939 0.005 0.01 0.039
276.4 2.01 1.908 1.939 0.005 0.01 0.039
276.5 2.01 1.908 1.939 0.005 0.01 0.039
276.6 2.01 1.908 1.939 0.005 0.01 0.039
276.7 2.01 1.908 1.939 0.005 0.01 0.039
276.8 2.01 1.908 1.939 0.005 0.01 0.039
276.9 2.01 1.908 1.939 0.005 0.01 0.039
277.0 2.01 1.908 1.939 0.005 0.01 0.039
277.1 2.01 1.908 1.939 0.005 0.01 0.039
277.2 2.01 1.908 1.939 0.005 0.01 0.039
277.3 2.01 1.908 1.939 0.005 0.01 0.039
277.4 2.01 1.908 1.939 0.005 0.01 0.039
277.5 2.01 1.908 1.939 0.005 0.01 0.039
277.6 2.01 1.908 1.939 0.005 0.01 0.039
277.7 2.01 1.908 1.939 0.005 0.01 0.039
277.8 2.01 1.908 1.939 0.005 0.01 0.039
277.9 2.01 1.908 1.939 0.005 0.01 0.039
278.0 2.01 1.908 1.939 0.005 0.01 0.039
278.1 2.01 1.908 1.939 0.005 0.01 0.039
278.2 2.01 1.908 1.939 0.005 0.01 0.039
278.3 2.01 1.908 1.939 0.005 0.01 0.039
278.4 2.01 1.908 1.939 0.005 0.01 0.039
278.5 2.01 1.908 1.939 0.005 0.01 0.039
278.6 2.01 1.908 1.939 0.005 0.01 0.039
278.7 2.01 1.908 1.939 0.005 0.01 0.039
278.8 2.01 1.908 1.939 0.005 0.01 0.039
278.9 2.01 1.908 1.939 0.005 0.01 0.039
279.0 2.01 1.908 1.939 0.005 0.01 0.039
279.1 2.01 1.908 1.939 0.005 0.01 0.039
279.2 2.01 1.908 1.939 0.005 0.01 0.039
279.3 2.01 1.908 1.939 0.005 0.01 0.039
279.4 2.01 1.908 1.939 0.005 0.01 0.039
279.5 2.01 1.908 1.939 0.005 0.01 0.039
279.6 2.01 1.908 1.939 0.005 0.01 0.039
279.7 2.01 1.908 1.939 0.005 0.01 0.039
279.8 2.01 1.908 1.939 0.005 0.01 0.039
279.9 2.01 1.908 1.939 0.005 0.01 0.039
280.0 2.01 1.908 1.939 0.005 0.01 0.039
280.1 2.01 1.908 1.939 0.005 0.01 0.039
280.2 2.01 1.908 1.939 0.005 0.01 0.039
280.3 2.01 1.908 1.939 0.005 0.01 0.039
280.4 2.01 1.908 1.939 0.005 0.01 0.039
280.5 2.01 1.908 1.939 0.005 0.01 0.039
280.6 2.01 1.908 1.939 0.005 0.01 0.039
280.7 2.01 1.908 1.939 0.005 0.01 0.039
280.8 2.01 1.908 1.939 0.005 0.01 0.039
280.9 2.01 1.908 1.939 0.005 0.01 0.039
281.0 2.01 1.908 1.939 0.005 0.01 0.039
281.1 2.01 1.908 1.939 0.005 0.01 0.039
281.2 2.01 1.908 1.939 0.005 0.01 0.039
281.3 2.01 1.908 1.939 0.005 0.01 0.039
281.4 2.01 1.908 1.939 0.005 0.01 0.039
281.5 2.01 1.908 1.939 0.005 0.01 0.039
281.6 2.01 1.908 1.939 0.005 0.01 0.039
281.7 2.01 1.908 1.939 0.005 0.01 0.039
281.8 2.01 1.908 1.939 0.005 0.01 0.039
281.9 2.01 1.908 1.939 0.005 0.01 0.039
282.0 2.01 1.908 1.939 0.005 0.01 0.039
282.1 2.01 1.908 1.939 0.005 0.01 0.039
282.2 2.01 1.908 1.939 0.005 0.01 0.039
282.3 2.01 1.908 1.939 0.005 0.01 0.039
282.4 2.01 1.908 1.939 0.005 0.01 0.039
282.5 2.01 1.908 1.939 0.005 0.01 0.039
282.6 2.01 1.908 1.939 0.005 0.01 0.039
282.7 2.01 1.908 1.939 0.005 0.01 0.039
282.8 2.01 1.908 1.939 0.005 0.01 0.039
282.9 2.01 1.908 1.939 0.005 0.01 0.039
283.0 2.01 1.908 1.939 0.005 0.01 0.039
283.1 2.01 1.908 1.939 0.005 0.01 0.039
283.2 2.01 1.908 1.939 0.005 0.01 0.039
283.3 2.01 1.908 1.939 0.005 0.01 0.04
283.4 2.01 1.908 1.939 0.005 0.01 0.04
283.5 2.01 1.908 1.939 0.005 0.01 0.04
283.6 2.01 1.908 1.939 0.005 0.01 0.04
283.7 2.01 1.908 1.939 0.005 0.01 0.04
283.8 2.01 1.908 1.939 0.005 0.01 0.04
283.9 2.01 1.908 1.939 0.005 0.01 0.04
284.0 2.01 1.908 1.939 0.005 0.01 0.04
284.1 2.01 1.908 1.939 0.005 0.01 0.04
284.2 2.01 1.908 1.939 0.005 0.01 0.04
284.3 2.01 1.908 1.939 0.005 0.01 0.04
284.4 2.01 1.908 1.939 0.005 0.01 0.04
284.5 2.01 1.908 1.939 0.005 0.01 0.04
284.6 2.01 1.908 1.939 0.005 0.01 0.04
284.7 2.01 1.908 1.939 0.005 0.01 0.04
284.8 2.01 1.908 1.939 0.005 0.01 0.04
284.9 2.01 1.908 1.939 0.005 0.01 0.04
285.0 2.01 1.908 1.939 0.005 0.01 0.04
285.1 2.01 1.908 1.939 0.005 0.01 0.04
285.2 2.01 1.908 1.939 0.005 0.01 0.04
285.3 2.01 1.908 1.939 0.005 0.01 0.04
285.4 2.01 1.908 1.939 0.005 0.01 0.04
285.5 2.01 1.908 1.939 0.005 0.01 0.04
285.6 2.01 1.908 1.939 0.005 0.01 0.04
285.7 2.01 1.908 1.939 0.005 0.01 0.04
285.8 2.01 1.908 1.939 0.005 0.01 0.04
285.9 2.01 1.908 1.939 0.006 0.01 0.04
286.0 2.01 1.908 1.939 0.006 0.01 0.04
286.1 2.01 1.908 1.939 0.006 0.01 0.04
286.2 2.01 1.908 1.939 0.006 0.01 0.04
286.3 2.01 1.908 1.939 0.006 0.01 0.04
286.4 2.01 1.908 1.939 0.006 0.01 0.04
286.5 2.01 1.908 1.939 0.006 0.01 0.04
286.6 2.01 1.908 1.939 0.006 0.01 0.04
286.7 2.01 1.908 1.939 0.006 0.01 0.04
286.8 2.01 1.908 1.939 0.006 0.01 0.04
286.9 2.01 1.908 1.939 0.006 0.01 0.04
287.0 2.01 1.908 1.939 0.006 0.01 0.04
287.1 2.01 1.908 1.939 0.006 0.01 0.04
287.2 2.01 1.908 1.939 0.006 0.01 0.04
287.3 2.01 1.908 1.939 0.006 0.01 0.04
287.4 2.01 1.908 1.939 0.006 0.01 0.04
287.5 2.01 1.908 1.939 0.006 0.01 0.04
287.6 2.01 1.908 1.939 0.006 0.01 0.04
287.7 2.01 1.908 1.939 0.006 0.01 0.04
287.8 2.01 1.908 1.939 0.006 0.01 0.04
287.9 2.01 1.908 1.939 0.006 0.01 0.04
288.0 2.01 1.908 1.939 0.006 0.01 0.04
288.1 2.01 1.908 1.939 0.006 0.011 0.04
288.2 2.01 1.908 1.939 0.006 0.011 0.04
288.3 2.01 1.908 1.939 0.006 0.011 0.04
288.4 2.01 1.908 1.939 0.006 0.011 0.04
288.5 2.01 1.908 1.939 0.006 0.011 0.04
288.6 2.01 1.908 1.939 0.006 0.011 0.04
288.7 2.01 1.908 1.939 0.006 0.011 0.04
288.8 2.01 1.908 1.939 0.006 0.011 0.04
288.9 2.01 1.908 1.939 0.006 0.011 0.04
289.0 2.01 1.908 1.939 0.006 0.011 0.04
289.1 2.01 1.908 1.939 0.006 0.011 0.04
289.2 2.01 1.908 1.939 0.006 0.011 0.04
289.3 2.01 1.908 1.939 0.006 0.011 0.04
289.4 2.01 1.908 1.939 0.006 0.011 0.04
289.5 2.01 1.908 1.939 0.006 0.011 0.04
289.6 2.01 1.908 1.939 0.006 0.011 0.04
289.7 2.01 1.908 1.939 0.006 0.011 0.04
289.8 2.01 1.908 1.939 0.006 0.011 0.04
289.9 2.01 1.908 1.939 0.006 0.011 0.04
290.0 2.01 1.908 1.939 0.006 0.011 0.04
290.1 2.01 1.908 1.939 0.006 0.011 0.04
290.2 2.01 1.908 1.939 0.006 0.011 0.04
290.3 2.01 1.908 1.939 0.006 0.011 0.041
290.4 2.01 1.908 1.939 0.006 0.011 0.041
290.5 2.01 1.908 1.939 0.006 0.011 0.041
290.6 2.01 1.908 1.939 0.006 0.011 0.041
290.7 2.01 1.908 1.939 0.006 0.011 0.041
290.8 2.01 1.908 1.939 0.006 0.011 0.041
290.9 2.01 1.908 1.939 0.006 0.011 0.041
291.0 2.01 1.908 1.939 0.006 0.011 0.041
291.1 2.01 1.908 1.939 0.006 0.011 0.041
291.2 2.01 1.908 1.939 0.006 0.011 0.041
291.3 2.01 1.908 1.939 0.006 0.011 0.041
291.4 2.01 1.908 1.939 0.006 0.011 0.041
291.5 2.01 1.908 1.939 0.006 0.011 0.041
291.6 2.01 1.908 1.939 0.006 0.011 0.041
291.7 2.01 1.908 1.939 0.006 0.011 0.041
291.8 2.01 1.908 1.939 0.006 0.011 0.041
291.9 2.01 1.908 1.939 0.006 0.011 0.041
292.0 2.01 1.908 1.939 0.006 0.011 0.041
292.1 2.01 1.908 1.939 0.006 0.011 0.041
292.2 2.01 1.908 1.939 0.006 0.011 0.041
292.3 2.01 1.908 1.939 0.006 0.011 0.041
292.4 2.01 1.908 1.939 0.006 0.011 0.041
292.5 2.01 1.908 1.939 0.006 0.011 0.041
292.6 2.01 1.908 1.939 0.006 0.011 0.041
292.7 2.01 1.908 1.939 0.006 0.011 0.041
292.8 2.01 1.908 1.939 0.006 0.011 0.041
292.9 2.01 1.908 1.939 0.006 0.011 0.041
293.0 2.01 1.908 1.939 0.006 0.011 0.041
293.1 2.01 1.908 1.939 0.006 0.011 0.041
293.2 2.01 1.908 1.939 0.006 0.011 0.041
293.3 2.01 1.908 1.939 0.006 0.011 0.041
293.4 2.01 1.908 1.939 0.006 0.011 0.041
293.5 2.01 1.908 1.939 0.006 0.011 0.041
293.6 2.01 1.908 1.939 0.006 0.011 0.041
293.7 2.01 1.908 1.939 0.006 0.011 0.041
293.8 2.01 1.908 1.939 0.006 0.011 0.041
293.9 2.01 1.908 1.939 0.006 0.011 0.041
294.0 2.01 1.908 1.939 0.006 0.011 0.041
294.1 2.01 1.908 1.939 0.006 0.011 0.041
294.2 2.01 1.908 1.939 0.006 0.011 0.041
294.3 2.01 1.908 1.939 0.006 0.011 0.041
294.4 2.01 1.908 1.939 0.006 0.011 0.041
294.5 2.01 1.908 1.939 0.006 0.011 0.041
294.6 2.01 1.908 1.939 0.006 0.011 0.041
294.7 2.01 1.908 1.939 0.006 0.011 0.041
294.8 2.01 1.908 1.939 0.006 0.011 0.041
294.9 2.01 1.908 1.939 0.006 0.011 0.041
295.0 2.01 1.908 1.939 0.006 0.011 0.041
295.1 2.01 1.908 1.939 0.006 0.011 0.041
295.2 2.01 1.908 1.939 0.006 0.011 0.041
295.3 2.01 1.908 1.939 0.006 0.011 0.041
295.4 2.01 1.908 1.939 0.006 0.011 0.041
295.5 2.01 1.908 1.939 0.006 0.011 0.041
295.6 2.01 1.908 1.939 0.006 0.011 0.041
295.7 2.01 1.908 1.939 0.006 0.011 0.041
295.8 2.01 1.908 1.939 0.006 0.011 0.041
295.9 2.01 1.908 1.939 0.006 0.011 0.041
296.0 2.01 1.908 1.939 0.006 0.011 0.041
296.1 2.01 1.908 1.939 0.006 0.011 0.041
296.2 2.01 1.908 1.939 0.006 0.011 0.041
296.3 2.01 1.908 1.939 0.006 0.011 0.041
296.4 2.01 1.908 1.939 0.006 0.011 0.041
296.5 2.01 1.908 1.939 0.006 0.011 0.041
296.6 2.01 1.908 1.939 0.006 0.011 0.041
296.7 2.01 1.908 1.939 0.006 0.011 0.041
296.8 2.01 1.908 1.939 0.006 0.011 0.041
296.9 2.01 1.908 1.939 0.006 0.011 0.042
297.0 2.01 1.908 1.939 0.006 0.011 0.042
297.1 2.01 1.908 1.939 0.006 0.011 0.042
297.2 2.01 1.908 1.939 0.006 0.011 0.042
297.3 2.01 1.908 1.939 0.006 0.011 0.042
297.4 2.01 1.908 1.939 0.006 0.011 0.042
297.5 2.01 1.908 1.939 0.006 0.011 0.042
297.6 2.01 1.908 1.939 0.006 0.011 0.042
297.7 2.01 1.908 1.939 0.006 0.011 0.042
297.8 2.01 1.908 1.939 0.006 0.011 0.042
297.9 2.01 1.908 1.939 0.006 0.011 0.042
298.0 2.01 1.908 1.939 0.006 0.011 0.042
298.1 2.01 1.908 1.939 0.006 0.011 0.042
298.2 2.01 1.908 1.939 0.006 0.011 0.042
298.3 2.01 1.908 1.939 0.006 0.011 0.042
298.4 2.01 1.908 1.939 0.006 0.011 0.042
298.5 2.01 1.908 1.939 0.006 0.011 0.042
298.6 2.01 1.908 1.939 0.006 0.011 0.042
298.7 2.01 1.908 1.939 0.006 0.011 0.042
298.8 2.01 1.908 1.939 0.006 0.011 0.042
298.9 2.01 1.908 1.939 0.006 0.011 0.042
299.0 2.01 1.908 1.939 0.006 0.011 0.042
299.1 2.01 1.908 1.939 0.006 0.011 0.042
299.2 2.01 1.908 1.939 0.006 0.011 0.042
299.3 2.01 1.908 1.939 0.006 0.011 0.042
299.4 2.01 1.908 1.939 0.006 0.011 0.042
299.5 2.01 1.908 1.939 0.006 0.011 0.042
299.6 2.01 1.908 1.939 0.006 0.011 0.042
299.7 2.01 1.908 1.939 0.006 0.011 0.042
299.8 2.01 1.908 1.939 0.006 0.011 0.042
299.9 2.01 1.908 1.939 0.006 0.011 0.042
