100.0 2.01 1.908 1.939 0.01 0.01 0.009
100.1 2.01 1.908 1.939 0.01 0.011 0.009
100.2 2.01 1.908 1.939 0.009 0.012 0.009
100.3 2.01 1.908 1.939 0.009 0.012 0.008
100.4 2.01 1.908 1.939 0.009 0.013 0.008
100.5 2.01 1.908 1.939 0.008 0.013 0.008
100.6 2.01 1.908 1.939 0.008 0.014 0.008
100.7 2.01 1.908 1.939 0.008 0.014 0.008
100.8 2.01 1.908 1.939 0.008 0.014 0.007
100.9 2.01 1.908 1.939 0.008 0.015 0.007
101.0 2.01 1.908 1.939 0.007 0.015 0.007
101.1 2.01 1.908 1.939 0.007 0.015 0.007
101.2 2.01 1.908 1.939 0.007 0.016 0.007
101.3 2.01 1.908 1.939 0.007 0.016 0.007
101.4 2.01 1.908 1.939 0.007 0.016 0.007
101.5 2.01 1.908 1.939 0.007 0.016 0.007
101.6 2.01 1.908 1.939 0.007 0.017 0.006
101.7 2.01 1.908 1.939 0.006 0.017 0.006
101.8 2.01 1.908 1.939 0.006 0.017 0.006
101.9 2.01 1.908 1.939 0.006 0.017 0.006
102.0 2.01 1.908 1.939 0.006 0.017 0.006
102.1 2.01 1.908 1.939 0.006 0.017 0.006
102.2 2.01 1.908 1.939 0.006 0.018 0.006
102.3 2.01 1.908 1.939 0.006 0.018 0.006
102.4 2.01 1.908 1.939 0.006 0.018 0.006
102.5 2.01 1.908 1.939 0.006 0.018 0.006
102.6 2.01 1.908 1.939 0.006 0.018 0.006
102.7 2.01 1.908 1.939 0.006 0.018 0.006
102.8 2.01 1.908 1.939 0.006 0.018 0.006
102.9 2.01 1.908 1.939 0.005 0.018 0.006
103.0 2.01 1.908 1.939 0.005 0.018 0.006
103.1 2.01 1.908 1.939 0.005 0.019 0.006
103.2 2.01 1.908 1.939 0.005 0.019 0.006
103.3 2.01 1.908 1.939 0.005 0.019 0.006
103.4 2.01 1.908 1.939 0.005 0.019 0.005
103.5 2.01 1.908 1.939 0.005 0.019 0.005
103.6 2.01 1.908 1.939 0.005 0.019 0.005
103.7 2.01 1.908 1.939 0.005 0.019 0.005
103.8 2.01 1.908 1.939 0.005 0.019 0.005
103.9 2.01 1.908 1.939 0.005 0.019 0.005
104.0 2.01 1.908 1.939 0.005 0.019 0.005
104.1 2.01 1.908 1.939 0.005 0.019 0.005
104.2 2.01 1.908 1.939 0.005 0.019 0.005
104.3 2.01 1.908 1.939 0.005 0.019 0.005
104.4 2.01 1.908 1.939 0.005 0.019 0.005
104.5 2.01 1.908 1.939 0.005 0.019 0.005
104.6 2.01 1.908 1.939 0.005 0.019 0.005
104.7 2.01 1.908 1.939 0.005 0.019 0.005
104.8 2.01 1.908 1.939 0.005 0.019 0.005
104.9 2.01 1.908 1.939 0.005 0.019 0.005
105.0 2.01 1.908 1.939 0.005 0.019 0.005
105.1 2.01 1.908 1.939 0.005 0.019 0.005
105.2 2.01 1.908 1.939 0.005 0.019 0.005
105.3 2.01 1.908 1.939 0.005 0.019 0.005
105.4 2.01 1.908 1.939 0.005 0.019 0.005
105.5 2.01 1.908 1.939 0.005 0.019 0.005
105.6 2.01 1.908 1.939 0.005 0.019 0.005
105.7 2.01 1.908 1.939 0.005 0.02 0.005
105.8 2.01 1.908 1.939 0.005 0.02 0.005
105.9 2.01 1.908 1.939 0.005 0.02 0.005
106.0 2.01 1.908 1.939 0.005 0.02 0.005
106.1 2.01 1.908 1.939 0.005 0.02 0.005
106.2 2.01 1.908 1.939 0.005 0.02 0.005
106.3 2.01 1.908 1.939 0.005 0.02 0.005
106.4 2.01 1.908 1.939 0.005 0.02 0.005
106.5 2.01 1.908 1.939 0.005 0.02 0.005
106.6 2.01 1.908 1.939 0.005 0.02 0.005
106.7 2.01 1.908 1.939 0.005 0.02 0.005
106.8 2.01 1.908 1.939 0.005 0.02 0.005
106.9 2.01 1.908 1.939 0.005 0.02 0.005
107.0 2.01 1.908 1.939 0.005 0.02 0.005
107.1 2.01 1.908 1.939 0.005 0.02 0.005
107.2 2.01 1.908 1.939 0.005 0.02 0.005
107.3 2.01 1.908 1.939 0.005 0.02 0.005
107.4 2.01 1.908 1.939 0.005 0.02 0.005
107.5 2.01 1.908 1.939 0.005 0.02 0.005
107.6 2.01 1.908 1.939 0.005 0.02 0.005
107.7 2.01 1.908 1.939 0.005 0.02 0.005
107.8 2.01 1.908 1.939 0.005 0.02 0.005
107.9 2.01 1.908 1.939 0.005 0.02 0.005
108.0 2.01 1.908 1.939 0.005 0.02 0.005
108.1 2.01 1.908 1.939 0.005 0.02 0.005
108.2 2.01 1.908 1.939 0.005 0.02 0.005
108.3 2.01 1.908 1.939 0.005 0.02 0.005
108.4 2.01 1.908 1.939 0.005 0.02 0.005
108.5 2.01 1.908 1.939 0.005 0.02 0.005
108.6 2.01 1.908 1.939 0.005 0.02 0.005
108.7 2.01 1.908 1.939 0.005 0.02 0.005
108.8 2.01 1.908 1.939 0.005 0.02 0.005
108.9 2.01 1.908 1.939 0.005 0.02 0.005
109.0 2.01 1.908 1.939 0.005 0.02 0.005
109.1 2.01 1.908 1.939 0.005 0.02 0.005
109.2 2.01 1.908 1.939 0.005 0.02 0.005
109.3 2.01 1.908 1.939 0.005 0.02 0.005
109.4 2.01 1.908 1.939 0.005 0.02 0.005
109.5 2.01 1.908 1.939 0.005 0.02 0.005
109.6 2.01 1.908 1.939 0.005 0.02 0.005
109.7 2.01 1.908 1.939 0.005 0.02 0.005
109.8 2.01 1.908 1.939 0.005 0.02 0.005
109.9 2.01 1.908 1.939 0.005 0.02 0.005
110.0 2.01 1.908 1.939 0.005 0.02 0.005
110.1 2.01 1.908 1.939 0.005 0.02 0.005
110.2 2.01 1.908 1.939 0.005 0.02 0.005
110.3 2.01 1.908 1.939 0.005 0.02 0.005
110.4 2.01 1.908 1.939 0.005 0.02 0.005
110.5 2.01 1.908 1.939 0.005 0.02 0.005
110.6 2.01 1.908 1.939 0.005 0.02 0.005
110.7 2.01 1.908 1.939 0.005 0.02 0.005
110.8 2.01 1.908 1.939 0.005 0.02 0.005
110.9 2.01 1.908 1.939 0.005 0.02 0.005
111.0 2.01 1.908 1.939 0.005 0.02 0.005
111.1 2.01 1.908 1.939 0.005 0.02 0.005
111.2 2.01 1.908 1.939 0.005 0.02 0.005
111.3 2.01 1.908 1.939 0.005 0.02 0.005
111.4 2.01 1.908 1.939 0.005 0.02 0.005
111.5 2.01 1.908 1.939 0.005 0.02 0.005
111.6 2.01 1.908 1.939 0.005 0.02 0.005
111.7 2.01 1.908 1.939 0.005 0.02 0.005
111.8 2.01 1.908 1.939 0.005 0.02 0.005
111.9 2.01 1.908 1.939 0.005 0.02 0.005
112.0 2.01 1.908 1.939 0.005 0.02 0.005
112.1 2.01 1.908 1.939 0.005 0.02 0.005
112.2 2.01 1.908 1.939 0.005 0.02 0.005
112.3 2.01 1.908 1.939 0.005 0.02 0.005
112.4 2.01 1.908 1.939 0.005 0.02 0.005
112.5 2.01 1.908 1.939 0.005 0.02 0.005
112.6 2.01 1.908 1.939 0.005 0.02 0.005
112.7 2.01 1.908 1.939 0.005 0.02 0.005
112.8 2.01 1.908 1.939 0.005 0.02 0.005
112.9 2.01 1.908 1.939 0.005 0.02 0.005
113.0 2.01 1.908 1.939 0.005 0.02 0.005
113.1 2.01 1.908 1.939 0.005 0.02 0.005
113.2 2.01 1.908 1.939 0.005 0.02 0.005
113.3 2.01 1.908 1.939 0.005 0.02 0.005
113.4 2.01 1.908 1.939 0.005 0.02 0.005
113.5 2.01 1.908 1.939 0.005 0.02 0.005
113.6 2.01 1.908 1.939 0.005 0.02 0.005
113.7 2.01 1.908 1.939 0.005 0.02 0.005
113.8 2.01 1.908 1.939 0.005 0.02 0.005
113.9 2.01 1.908 1.939 0.005 0.02 0.005
114.0 2.01 1.908 1.939 0.005 0.02 0.005
114.1 2.01 1.908 1.939 0.005 0.02 0.005
114.2 2.01 1.908 1.939 0.005 0.02 0.005
114.3 2.01 1.908 1.939 0.005 0.02 0.005
114.4 2.01 1.908 1.939 0.005 0.02 0.005
114.5 2.01 1.908 1.939 0.005 0.02 0.005
114.6 2.01 1.908 1.939 0.005 0.02 0.005
114.7 2.01 1.908 1.939 0.005 0.02 0.005
114.8 2.01 1.908 1.939 0.005 0.02 0.005
114.9 2.01 1.908 1.939 0.005 0.02 0.005
115.0 2.01 1.908 1.939 0.005 0.02 0.005
115.1 2.01 1.908 1.939 0.005 0.02 0.005
115.2 2.01 1.908 1.939 0.005 0.02 0.005
115.3 2.01 1.908 1.939 0.005 0.02 0.005
115.4 2.01 1.908 1.939 0.005 0.02 0.005
115.5 2.01 1.908 1.939 0.005 0.02 0.005
115.6 2.01 1.908 1.939 0.005 0.02 0.005
115.7 2.01 1.908 1.939 0.005 0.02 0.005
115.8 2.01 1.908 1.939 0.005 0.02 0.005
115.9 2.01 1.908 1.939 0.005 0.02 0.005
116.0 2.01 1.908 1.939 0.005 0.02 0.005
116.1 2.01 1.908 1.939 0.005 0.02 0.005
116.2 2.01 1.908 1.939 0.005 0.02 0.005
116.3 2.01 1.908 1.939 0.005 0.02 0.005
116.4 2.01 1.908 1.939 0.005 0.02 0.005
116.5 2.01 1.908 1.939 0.005 0.02 0.005
116.6 2.01 1.908 1.939 0.005 0.02 0.005
116.7 2.01 1.908 1.939 0.005 0.02 0.005
116.8 2.01 1.908 1.939 0.005 0.02 0.005
116.9 2.01 1.908 1.939 0.005 0.02 0.005
117.0 2.01 1.908 1.939 0.005 0.02 0.005
117.1 2.01 1.908 1.939 0.005 0.02 0.005
117.2 2.01 1.908 1.939 0.005 0.02 0.005
117.3 2.01 1.908 1.939 0.005 0.02 0.005
117.4 2.01 1.908 1.939 0.005 0.02 0.005
117.5 2.01 1.908 1.939 0.005 0.02 0.005
117.6 2.01 1.908 1.939 0.005 0.02 0.005
117.7 2.01 1.908 1.939 0.005 0.02 0.005
117.8 2.01 1.908 1.939 0.005 0.02 0.005
117.9 2.01 1.908 1.939 0.005 0.02 0.005
118.0 2.01 1.908 1.939 0.005 0.02 0.005
118.1 2.01 1.908 1.939 0.005 0.02 0.005
118.2 2.01 1.908 1.939 0.005 0.02 0.005
118.3 2.01 1.908 1.939 0.005 0.02 0.005
118.4 2.01 1.908 1.939 0.005 0.02 0.005
118.5 2.01 1.908 1.939 0.005 0.02 0.005
118.6 2.01 1.908 1.939 0.005 0.02 0.005
118.7 2.01 1.908 1.939 0.005 0.02 0.005
118.8 2.01 1.908 1.939 0.005 0.02 0.005
118.9 2.01 1.908 1.939 0.005 0.02 0.005
119.0 2.01 1.908 1.939 0.005 0.02 0.005
119.1 2.01 1.908 1.939 0.005 0.02 0.005
119.2 2.01 1.908 1.939 0.005 0.02 0.005
119.3 2.01 1.908 1.939 0.005 0.02 0.005
119.4 2.01 1.908 1.939 0.005 0.02 0.005
119.5 2.01 1.908 1.939 0.005 0.02 0.005
119.6 2.01 1.908 1.939 0.005 0.02 0.005
119.7 2.01 1.908 1.939 0.005 0.02 0.005
119.8 2.01 1.908 1.939 0.005 0.02 0.005
119.9 2.01 1.908 1.939 0.005 0.02 0.005
120.0 2.01 1.908 1.939 0.005 0.02 0.005
120.1 2.01 1.908 1.939 0.005 0.02 0.005
120.2 2.01 1.908 1.939 0.005 0.02 0.005
120.3 2.01 1.908 1.939 0.005 0.02 0.005
120.4 2.01 1.908 1.939 0.005 0.02 0.005
120.5 2.01 1.908 1.939 0.005 0.02 0.005
120.6 2.01 1.908 1.939 0.005 0.02 0.005
120.7 2.01 1.908 1.939 0.005 0.02 0.005
120.8 2.01 1.908 1.939 0.005 0.02 0.005
120.9 2.01 1.908 1.939 0.005 0.02 0.005
121.0 2.01 1.908 1.939 0.005 0.02 0.005
121.1 2.01 1.908 1.939 0.005 0.02 0.005
121.2 2.01 1.908 1.939 0.005 0.02 0.005
121.3 2.01 1.908 1.939 0.005 0.02 0.005
121.4 2.01 1.908 1.939 0.005 0.02 0.005
121.5 2.01 1.908 1.939 0.005 0.02 0.005
121.6 2.01 1.908 1.939 0.005 0.02 0.005
121.7 2.01 1.908 1.939 0.005 0.02 0.005
121.8 2.01 1.908 1.939 0.005 0.02 0.005
121.9 2.01 1.908 1.939 0.005 0.02 0.005
122.0 2.01 1.908 1.939 0.005 0.02 0.005
122.1 2.01 1.908 1.939 0.005 0.02 0.005
122.2 2.01 1.908 1.939 0.005 0.02 0.005
122.3 2.01 1.908 1.939 0.005 0.02 0.005
122.4 2.01 1.908 1.939 0.005 0.02 0.005
122.5 2.01 1.908 1.939 0.005 0.02 0.005
122.6 2.01 1.908 1.939 0.005 0.02 0.005
122.7 2.01 1.908 1.939 0.005 0.02 0.005
122.8 2.01 1.908 1.939 0.005 0.02 0.005
122.9 2.01 1.908 1.939 0.005 0.02 0.005
123.0 2.01 1.908 1.939 0.005 0.02 0.005
123.1 2.01 1.908 1.939 0.005 0.02 0.005
123.2 2.01 1.908 1.939 0.005 0.02 0.005
123.3 2.01 1.908 1.939 0.005 0.02 0.005
123.4 2.01 1.908 1.939 0.005 0.02 0.005
123.5 2.01 1.908 1.939 0.005 0.02 0.005
123.6 2.01 1.908 1.939 0.005 0.02 0.005
123.7 2.01 1.908 1.939 0.005 0.02 0.005
123.8 2.01 1.908 1.939 0.005 0.02 0.005
123.9 2.01 1.908 1.939 0.005 0.02 0.005
124.0 2.01 1.908 1.939 0.005 0.02 0.005
124.1 2.01 1.908 1.939 0.005 0.02 0.005
124.2 2.01 1.908 1.939 0.005 0.02 0.005
124.3 2.01 1.908 1.939 0.005 0.02 0.005
124.4 2.01 1.908 1.939 0.005 0.02 0.005
124.5 2.01 1.908 1.939 0.005 0.02 0.005
124.6 2.01 1.908 1.939 0.005 0.02 0.005
124.7 2.01 1.908 1.939 0.005 0.02 0.005
124.8 2.01 1.908 1.939 0.005 0.02 0.005
124.9 2.01 1.908 1.939 0.005 0.02 0.005
125.0 2.01 1.908 1.939 0.005 0.02 0.005
125.1 2.01 1.908 1.939 0.005 0.02 0.005
125.2 2.01 1.908 1.939 0.005 0.02 0.005
125.3 2.01 1.908 1.939 0.005 0.02 0.005
125.4 2.01 1.908 1.939 0.005 0.02 0.005
125.5 2.01 1.908 1.939 0.005 0.02 0.005
125.6 2.01 1.908 1.939 0.005 0.02 0.005
125.7 2.01 1.908 1.939 0.005 0.02 0.005
125.8 2.01 1.908 1.939 0.005 0.02 0.005
125.9 2.01 1.908 1.939 0.005 0.02 0.005
126.0 2.01 1.908 1.939 0.005 0.02 0.005
126.1 2.01 1.908 1.939 0.005 0.02 0.005
126.2 2.01 1.908 1.939 0.005 0.02 0.005
126.3 2.01 1.908 1.939 0.005 0.02 0.005
126.4 2.01 1.908 1.939 0.005 0.02 0.005
126.5 2.01 1.908 1.939 0.005 0.02 0.005
126.6 2.01 1.908 1.939 0.005 0.02 0.005
126.7 2.01 1.908 1.939 0.005 0.02 0.005
126.8 2.01 1.908 1.939 0.005 0.02 0.005
126.9 2.01 1.908 1.939 0.005 0.02 0.005
127.0 2.01 1.908 1.939 0.005 0.02 0.005
127.1 2.01 1.908 1.939 0.005 0.02 0.005
127.2 2.01 1.908 1.939 0.005 0.02 0.005
127.3 2.01 1.908 1.939 0.005 0.02 0.005
127.4 2.01 1.908 1.939 0.005 0.02 0.005
127.5 2.01 1.908 1.939 0.005 0.02 0.005
127.6 2.01 1.908 1.939 0.005 0.02 0.005
127.7 2.01 1.908 1.939 0.005 0.02 0.005
127.8 2.01 1.908 1.939 0.005 0.02 0.005
127.9 2.01 1.908 1.939 0.005 0.02 0.005
128.0 2.01 1.908 1.939 0.005 0.02 0.005
128.1 2.01 1.908 1.939 0.005 0.02 0.005
128.2 2.01 1.908 1.939 0.005 0.02 0.005
128.3 2.01 1.908 1.939 0.005 0.02 0.005
128.4 2.01 1.908 1.939 0.005 0.02 0.005
128.5 2.01 1.908 1.939 0.005 0.02 0.005
128.6 2.01 1.908 1.939 0.005 0.02 0.005
128.7 2.01 1.908 1.939 0.005 0.02 0.005
128.8 2.01 1.908 1.939 0.005 0.02 0.005
128.9 2.01 1.908 1.939 0.005 0.02 0.005
129.0 2.01 1.908 1.939 0.005 0.02 0.005
129.1 2.01 1.908 1.939 0.005 0.02 0.005
129.2 2.01 1.908 1.939 0.005 0.02 0.005
129.3 2.01 1.908 1.939 0.005 0.02 0.005
129.4 2.01 1.908 1.939 0.005 0.02 0.005
129.5 2.01 1.908 1.939 0.005 0.02 0.005
129.6 2.01 1.908 1.939 0.005 0.02 0.005
129.7 2.01 1.908 1.939 0.005 0.02 0.005
129.8 2.01 1.908 1.939 0.005 0.02 0.005
129.9 2.01 1.908 1.939 0.005 0.02 0.005
130.0 2.01 1.908 1.939 0.005 0.02 0.005
130.1 2.01 1.908 1.939 0.005 0.02 0.005
130.2 2.01 1.908 1.939 0.005 0.02 0.005
130.3 2.01 1.908 1.939 0.005 0.02 0.005
130.4 2.01 1.908 1.939 0.005 0.02 0.005
130.5 2.01 1.908 1.939 0.005 0.02 0.005
130.6 2.01 1.908 1.939 0.005 0.02 0.005
130.7 2.01 1.908 1.939 0.005 0.02 0.005
130.8 2.01 1.908 1.939 0.005 0.02 0.005
130.9 2.01 1.908 1.939 0.005 0.02 0.005
131.0 2.01 1.908 1.939 0.005 0.02 0.005
131.1 2.01 1.908 1.939 0.005 0.02 0.005
131.2 2.01 1.908 1.939 0.005 0.02 0.005
131.3 2.01 1.908 1.939 0.005 0.02 0.005
131.4 2.01 1.908 1.939 0.005 0.02 0.005
131.5 2.01 1.908 1.939 0.005 0.02 0.005
131.6 2.01 1.908 1.939 0.005 0.02 0.005
131.7 2.01 1.908 1.939 0.005 0.02 0.005
131.8 2.01 1.908 1.939 0.005 0.02 0.005
131.9 2.01 1.908 1.939 0.005 0.02 0.005
132.0 2.01 1.908 1.939 0.005 0.02 0.005
132.1 2.01 1.908 1.939 0.005 0.02 0.005
132.2 2.01 1.908 1.939 0.005 0.02 0.005
132.3 2.01 1.908 1.939 0.005 0.02 0.005
132.4 2.01 1.908 1.939 0.005 0.02 0.005
132.5 2.01 1.908 1.939 0.005 0.02 0.005
132.6 2.01 1.908 1.939 0.005 0.02 0.005
132.7 2.01 1.908 1.939 0.005 0.02 0.005
132.8 2.01 1.908 1.939 0.005 0.02 0.005
132.9 2.01 1.908 1.939 0.005 0.02 0.005
133.0 2.01 1.908 1.939 0.005 0.02 0.005
133.1 2.01 1.908 1.939 0.005 0.02 0.005
133.2 2.01 1.908 1.939 0.005 0.02 0.005
133.3 2.01 1.908 1.939 0.005 0.02 0.005
133.4 2.01 1.908 1.939 0.005 0.02 0.005
133.5 2.01 1.908 1.939 0.005 0.02 0.005
133.6 2.01 1.908 1.939 0.005 0.02 0.005
133.7 2.01 1.908 1.939 0.005 0.02 0.005
133.8 2.01 1.908 1.939 0.005 0.02 0.005
133.9 2.01 1.908 1.939 0.005 0.02 0.005
134.0 2.01 1.908 1.939 0.005 0.02 0.005
134.1 2.01 1.908 1.939 0.005 0.02 0.005
134.2 2.01 1.908 1.939 0.005 0.02 0.005
134.3 2.01 1.908 1.939 0.005 0.02 0.005
134.4 2.01 1.908 1.939 0.005 0.02 0.005
134.5 2.01 1.908 1.939 0.005 0.02 0.005
134.6 2.01 1.908 1.939 0.005 0.02 0.005
134.7 2.01 1.908 1.939 0.005 0.02 0.005
134.8 2.01 1.908 1.939 0.005 0.02 0.005
134.9 2.01 1.908 1.939 0.005 0.02 0.005
135.0 2.01 1.908 1.939 0.005 0.02 0.005
135.1 2.01 1.908 1.939 0.005 0.02 0.005
135.2 2.01 1.908 1.939 0.005 0.02 0.005
135.3 2.01 1.908 1.939 0.005 0.02 0.005
135.4 2.01 1.908 1.939 0.005 0.02 0.005
135.5 2.01 1.908 1.939 0.005 0.02 0.005
135.6 2.01 1.908 1.939 0.005 0.02 0.005
135.7 2.01 1.908 1.939 0.005 0.02 0.005
135.8 2.01 1.908 1.939 0.005 0.02 0.005
135.9 2.01 1.908 1.939 0.005 0.02 0.005
136.0 2.01 1.908 1.939 0.005 0.02 0.005
136.1 2.01 1.908 1.939 0.005 0.02 0.005
136.2 2.01 1.908 1.939 0.005 0.02 0.005
136.3 2.01 1.908 1.939 0.005 0.02 0.005
136.4 2.01 1.908 1.939 0.005 0.02 0.005
136.5 2.01 1.908 1.939 0.005 0.02 0.005
136.6 2.01 1.908 1.939 0.005 0.02 0.005
136.7 2.01 1.908 1.939 0.005 0.02 0.005
136.8 2.01 1.908 1.939 0.005 0.02 0.005
136.9 2.01 1.908 1.939 0.005 0.02 0.005
137.0 2.01 1.908 1.939 0.005 0.02 0.005
137.1 2.01 1.908 1.939 0.005 0.02 0.005
137.2 2.01 1.908 1.939 0.005 0.02 0.005
137.3 2.01 1.908 1.939 0.005 0.02 0.005
137.4 2.01 1.908 1.939 0.005 0.02 0.005
137.5 2.01 1.908 1.939 0.005 0.02 0.005
137.6 2.01 1.908 1.939 0.005 0.02 0.005
137.7 2.01 1.908 1.939 0.005 0.02 0.005
137.8 2.01 1.908 1.939 0.005 0.02 0.005
137.9 2.01 1.908 1.939 0.005 0.02 0.005
138.0 2.01 1.908 1.939 0.005 0.02 0.005
138.1 2.01 1.908 1.939 0.005 0.02 0.005
138.2 2.01 1.908 1.939 0.005 0.02 0.005
138.3 2.01 1.908 1.939 0.005 0.02 0.005
138.4 2.01 1.908 1.939 0.005 0.02 0.005
138.5 2.01 1.908 1.939 0.005 0.02 0.005
138.6 2.01 1.908 1.939 0.005 0.02 0.005
138.7 2.01 1.908 1.939 0.005 0.02 0.005
138.8 2.01 1.908 1.939 0.005 0.02 0.005
138.9 2.01 1.908 1.939 0.005 0.02 0.005
139.0 2.01 1.908 1.939 0.005 0.02 0.005
139.1 2.01 1.908 1.939 0.005 0.02 0.005
139.2 2.01 1.908 1.939 0.005 0.02 0.005
139.3 2.01 1.908 1.939 0.005 0.02 0.005
139.4 2.01 1.908 1.939 0.005 0.02 0.005
139.5 2.01 1.908 1.939 0.005 0.02 0.005
139.6 2.01 1.908 1.939 0.005 0.02 0.005
139.7 2.01 1.908 1.939 0.005 0.02 0.005
139.8 2.01 1.908 1.939 0.005 0.02 0.005
139.9 2.01 1.908 1.939 0.005 0.02 0.005
140.0 2.01 1.908 1.939 0.005 0.02 0.005
140.1 2.01 1.908 1.939 0.005 0.02 0.005
140.2 2.01 1.908 1.939 0.005 0.02 0.005
140.3 2.01 1.908 1.939 0.005 0.02 0.005
140.4 2.01 1.908 1.939 0.005 0.02 0.005
140.5 2.01 1.908 1.939 0.005 0.02 0.005
140.6 2.01 1.908 1.939 0.005 0.02 0.005
140.7 2.01 1.908 1.939 0.005 0.02 0.005
140.8 2.01 1.908 1.939 0.005 0.02 0.005
140.9 2.01 1.908 1.939 0.005 0.02 0.005
141.0 2.01 1.908 1.939 0.005 0.02 0.005
141.1 2.01 1.908 1.939 0.005 0.02 0.005
141.2 2.01 1.908 1.939 0.005 0.02 0.005
141.3 2.01 1.908 1.939 0.005 0.02 0.005
141.4 2.01 1.908 1.939 0.005 0.02 0.005
141.5 2.01 1.908 1.939 0.005 0.02 0.005
141.6 2.01 1.908 1.939 0.005 0.02 0.005
141.7 2.01 1.908 1.939 0.005 0.02 0.005
141.8 2.01 1.908 1.939 0.005 0.02 0.005
141.9 2.01 1.908 1.939 0.005 0.02 0.005
142.0 2.01 1.908 1.939 0.005 0.02 0.005
142.1 2.01 1.908 1.939 0.005 0.02 0.005
142.2 2.01 1.908 1.939 0.005 0.02 0.005
142.3 2.01 1.908 1.939 0.005 0.02 0.005
142.4 2.01 1.908 1.939 0.005 0.02 0.005
142.5 2.01 1.908 1.939 0.005 0.02 0.005
142.6 2.01 1.908 1.939 0.005 0.02 0.005
142.7 2.01 1.908 1.939 0.005 0.02 0.005
142.8 2.01 1.908 1.939 0.005 0.02 0.005
142.9 2.01 1.908 1.939 0.005 0.02 0.005
143.0 2.01 1.908 1.939 0.005 0.02 0.005
143.1 2.01 1.908 1.939 0.005 0.02 0.005
143.2 2.01 1.908 1.939 0.005 0.02 0.005
143.3 2.01 1.908 1.939 0.005 0.02 0.005
143.4 2.01 1.908 1.939 0.005 0.02 0.005
143.5 2.01 1.908 1.939 0.005 0.02 0.005
143.6 2.01 1.908 1.939 0.005 0.02 0.005
143.7 2.01 1.908 1.939 0.005 0.02 0.005
143.8 2.01 1.908 1.939 0.005 0.02 0.005
143.9 2.01 1.908 1.939 0.005 0.02 0.005
144.0 2.01 1.908 1.939 0.005 0.02 0.005
144.1 2.01 1.908 1.939 0.005 0.02 0.005
144.2 2.01 1.908 1.939 0.005 0.02 0.005
144.3 2.01 1.908 1.939 0.005 0.02 0.005
144.4 2.01 1.908 1.939 0.005 0.02 0.005
144.5 2.01 1.908 1.939 0.005 0.02 0.005
144.6 2.01 1.908 1.939 0.005 0.02 0.005
144.7 2.01 1.908 1.939 0.005 0.02 0.005
144.8 2.01 1.908 1.939 0.005 0.02 0.005
144.9 2.01 1.908 1.939 0.005 0.02 0.005
145.0 2.01 1.908 1.939 0.005 0.02 0.005
145.1 2.01 1.908 1.939 0.005 0.02 0.005
145.2 2.01 1.908 1.939 0.005 0.02 0.005
145.3 2.01 1.908 1.939 0.005 0.02 0.005
145.4 2.01 1.908 1.939 0.005 0.02 0.005
145.5 2.01 1.908 1.939 0.005 0.02 0.005
145.6 2.01 1.908 1.939 0.005 0.02 0.005
145.7 2.01 1.908 1.939 0.005 0.02 0.005
145.8 2.01 1.908 1.939 0.005 0.02 0.005
145.9 2.01 1.908 1.939 0.005 0.02 0.005
146.0 2.01 1.908 1.939 0.005 0.02 0.005
146.1 2.01 1.908 1.939 0.005 0.02 0.005
146.2 2.01 1.908 1.939 0.005 0.02 0.005
146.3 2.01 1.908 1.939 0.005 0.02 0.005
146.4 2.01 1.908 1.939 0.005 0.02 0.005
146.5 2.01 1.908 1.939 0.005 0.02 0.005
146.6 2.01 1.908 1.939 0.005 0.02 0.005
146.7 2.01 1.908 1.939 0.005 0.02 0.005
146.8 2.01 1.908 1.939 0.005 0.02 0.005
146.9 2.01 1.908 1.939 0.005 0.02 0.005
147.0 2.01 1.908 1.939 0.005 0.02 0.005
147.1 2.01 1.908 1.939 0.005 0.02 0.005
147.2 2.01 1.908 1.939 0.005 0.02 0.005
147.3 2.01 1.908 1.939 0.005 0.02 0.005
147.4 2.01 1.908 1.939 0.005 0.02 0.005
147.5 2.01 1.908 1.939 0.005 0.02 0.005
147.6 2.01 1.908 1.939 0.005 0.02 0.005
147.7 2.01 1.908 1.939 0.005 0.02 0.005
147.8 2.01 1.908 1.939 0.005 0.02 0.005
147.9 2.01 1.908 1.939 0.005 0.02 0.005
148.0 2.01 1.908 1.939 0.005 0.02 0.005
148.1 2.01 1.908 1.939 0.005 0.02 0.005
148.2 2.01 1.908 1.939 0.005 0.02 0.005
148.3 2.01 1.908 1.939 0.005 0.02 0.005
148.4 2.01 1.908 1.939 0.005 0.02 0.005
148.5 2.01 1.908 1.939 0.005 0.02 0.005
148.6 2.01 1.908 1.939 0.005 0.02 0.005
148.7 2.01 1.908 1.939 0.005 0.02 0.005
148.8 2.01 1.908 1.939 0.005 0.02 0.005
148.9 2.01 1.908 1.939 0.005 0.02 0.005
149.0 2.01 1.908 1.939 0.005 0.02 0.005
149.1 2.01 1.908 1.939 0.005 0.02 0.005
149.2 2.01 1.908 1.939 0.005 0.02 0.005
149.3 2.01 1.908 1.939 0.005 0.02 0.005
149.4 2.01 1.908 1.939 0.005 0.02 0.005
149.5 2.01 1.908 1.939 0.005 0.02 0.005
149.6 2.01 1.908 1.939 0.005 0.02 0.005
149.7 2.01 1.908 1.939 0.005 0.02 0.005
149.8 2.01 1.908 1.939 0.005 0.02 0.005
149.9 2.01 1.908 1.939 0.005 0.02 0.005
150.0 2.01 1.908 1.939 0.005 0.02 0.005
150.1 2.01 1.908 1.939 0.005 0.02 0.005
150.2 2.01 1.908 1.939 0.005 0.02 0.005
150.3 2.01 1.908 1.939 0.005 0.02 0.005
150.4 2.01 1.908 1.939 0.005 0.02 0.005
150.5 2.01 1.908 1.939 0.005 0.02 0.005
150.6 2.01 1.908 1.939 0.005 0.02 0.005
150.7 2.01 1.908 1.939 0.005 0.02 0.005
150.8 2.01 1.908 1.939 0.005 0.02 0.005
150.9 2.01 1.908 1.939 0.005 0.02 0.005
151.0 2.01 1.908 1.939 0.005 0.02 0.005
151.1 2.01 1.908 1.939 0.005 0.02 0.005
151.2 2.01 1.908 1.939 0.005 0.02 0.005
151.3 2.01 1.908 1.939 0.005 0.02 0.005
151.4 2.01 1.908 1.939 0.005 0.02 0.005
151.5 2.01 1.908 1.939 0.005 0.02 0.005
151.6 2.01 1.908 1.939 0.005 0.02 0.005
151.7 2.01 1.908 1.939 0.005 0.02 0.005
151.8 2.01 1.908 1.939 0.005 0.02 0.005
151.9 2.01 1.908 1.939 0.005 0.02 0.005
152.0 2.01 1.908 1.939 0.005 0.02 0.005
152.1 2.01 1.908 1.939 0.005 0.02 0.005
152.2 2.01 1.908 1.939 0.005 0.02 0.005
152.3 2.01 1.908 1.939 0.005 0.02 0.005
152.4 2.01 1.908 1.939 0.005 0.02 0.005
152.5 2.01 1.908 1.939 0.005 0.02 0.005
152.6 2.01 1.908 1.939 0.005 0.02 0.005
152.7 2.01 1.908 1.939 0.005 0.02 0.005
152.8 2.01 1.908 1.939 0.005 0.02 0.005
152.9 2.01 1.908 1.939 0.005 0.02 0.005
153.0 2.01 1.908 1.939 0.005 0.02 0.005
153.1 2.01 1.908 1.939 0.005 0.02 0.005
153.2 2.01 1.908 1.939 0.005 0.02 0.005
153.3 2.01 1.908 1.939 0.005 0.02 0.005
153.4 2.01 1.908 1.939 0.005 0.02 0.005
153.5 2.01 1.908 1.939 0.005 0.02 0.005
153.6 2.01 1.908 1.939 0.005 0.02 0.005
153.7 2.01 1.908 1.939 0.005 0.02 0.005
153.8 2.01 1.908 1.939 0.005 0.02 0.005
153.9 2.01 1.908 1.939 0.005 0.02 0.005
154.0 2.01 1.908 1.939 0.005 0.02 0.005
154.1 2.01 1.908 1.939 0.005 0.02 0.005
154.2 2.01 1.908 1.939 0.005 0.02 0.005
154.3 2.01 1.908 1.939 0.005 0.02 0.005
154.4 2.01 1.908 1.939 0.005 0.02 0.005
154.5 2.01 1.908 1.939 0.005 0.02 0.005
154.6 2.01 1.908 1.939 0.005 0.02 0.005
154.7 2.01 1.908 1.939 0.005 0.02 0.005
154.8 2.01 1.908 1.939 0.005 0.02 0.005
154.9 2.01 1.908 1.939 0.005 0.02 0.005
155.0 2.01 1.908 1.939 0.005 0.02 0.005
155.1 2.01 1.908 1.939 0.005 0.02 0.005
155.2 2.01 1.908 1.939 0.005 0.02 0.005
155.3 2.01 1.908 1.939 0.005 0.02 0.005
155.4 2.01 1.908 1.939 0.005 0.02 0.005
155.5 2.01 1.908 1.939 0.005 0.02 0.005
155.6 2.01 1.908 1.939 0.005 0.02 0.005
155.7 2.01 1.908 1.939 0.005 0.02 0.005
155.8 2.01 1.908 1.939 0.005 0.02 0.005
155.9 2.01 1.908 1.939 0.005 0.02 0.005
156.0 2.01 1.908 1.939 0.005 0.02 0.005
156.1 2.01 1.908 1.939 0.005 0.02 0.005
156.2 2.01 1.908 1.939 0.005 0.02 0.005
156.3 2.01 1.908 1.939 0.005 0.02 0.005
156.4 2.01 1.908 1.939 0.005 0.02 0.005
156.5 2.01 1.908 1.939 0.005 0.02 0.005
156.6 2.01 1.908 1.939 0.005 0.02 0.005
156.7 2.01 1.908 1.939 0.005 0.02 0.005
156.8 2.01 1.908 1.939 0.005 0.02 0.005
156.9 2.01 1.908 1.939 0.005 0.02 0.005
157.0 2.01 1.908 1.939 0.005 0.02 0.005
157.1 2.01 1.908 1.939 0.005 0.02 0.005
157.2 2.01 1.908 1.939 0.005 0.02 0.005
157.3 2.01 1.908 1.939 0.005 0.02 0.005
157.4 2.01 1.908 1.939 0.005 0.02 0.005
157.5 2.01 1.908 1.939 0.005 0.02 0.005
157.6 2.01 1.908 1.939 0.005 0.02 0.005
157.7 2.01 1.908 1.939 0.005 0.02 0.005
157.8 2.01 1.908 1.939 0.005 0.02 0.005
157.9 2.01 1.908 1.939 0.005 0.02 0.005
158.0 2.01 1.908 1.939 0.005 0.02 0.005
158.1 2.01 1.908 1.939 0.005 0.02 0.005
158.2 2.01 1.908 1.939 0.005 0.02 0.005
158.3 2.01 1.908 1.939 0.005 0.02 0.005
158.4 2.01 1.908 1.939 0.005 0.02 0.005
158.5 2.01 1.908 1.939 0.005 0.02 0.005
158.6 2.01 1.908 1.939 0.005 0.02 0.005
158.7 2.01 1.908 1.939 0.005 0.02 0.005
158.8 2.01 1.908 1.939 0.005 0.02 0.005
158.9 2.01 1.908 1.939 0.005 0.02 0.005
159.0 2.01 1.908 1.939 0.005 0.02 0.005
159.1 2.01 1.908 1.939 0.005 0.02 0.005
159.2 2.01 1.908 1.939 0.005 0.02 0.005
159.3 2.01 1.908 1.939 0.005 0.02 0.005
159.4 2.01 1.908 1.939 0.005 0.02 0.005
159.5 2.01 1.908 1.939 0.005 0.02 0.005
159.6 2.01 1.908 1.939 0.005 0.02 0.005
159.7 2.01 1.908 1.939 0.005 0.02 0.005
159.8 2.01 1.908 1.939 0.005 0.02 0.005
159.9 2.01 1.908 1.939 0.005 0.02 0.005
160.0 2.01 1.908 1.939 0.005 0.02 0.005
160.1 2.01 1.908 1.939 0.005 0.02 0.005
160.2 2.01 1.908 1.939 0.005 0.02 0.005
160.3 2.01 1.908 1.939 0.005 0.02 0.005
160.4 2.01 1.908 1.939 0.005 0.02 0.005
160.5 2.01 1.908 1.939 0.005 0.02 0.005
160.6 2.01 1.908 1.939 0.005 0.02 0.005
160.7 2.01 1.908 1.939 0.005 0.02 0.005
160.8 2.01 1.908 1.939 0.005 0.02 0.005
160.9 2.01 1.908 1.939 0.005 0.02 0.005
161.0 2.01 1.908 1.939 0.005 0.02 0.005
161.1 2.01 1.908 1.939 0.005 0.02 0.005
161.2 2.01 1.908 1.939 0.005 0.02 0.005
161.3 2.01 1.908 1.939 0.005 0.02 0.005
161.4 2.01 1.908 1.939 0.005 0.02 0.005
161.5 2.01 1.908 1.939 0.005 0.02 0.005
161.6 2.01 1.908 1.939 0.005 0.02 0.005
161.7 2.01 1.908 1.939 0.005 0.02 0.005
161.8 2.01 1.908 1.939 0.005 0.02 0.005
161.9 2.01 1.908 1.939 0.005 0.02 0.005
162.0 2.01 1.908 1.939 0.005 0.02 0.005
162.1 2.01 1.908 1.939 0.005 0.02 0.005
162.2 2.01 1.908 1.939 0.005 0.02 0.005
162.3 2.01 1.908 1.939 0.005 0.02 0.005
162.4 2.01 1.908 1.939 0.005 0.02 0.005
162.5 2.01 1.908 1.939 0.005 0.02 0.005
162.6 2.01 1.908 1.939 0.005 0.02 0.005
162.7 2.01 1.908 1.939 0.005 0.02 0.005
162.8 2.01 1.908 1.939 0.005 0.02 0.005
162.9 2.01 1.908 1.939 0.005 0.02 0.005
163.0 2.01 1.908 1.939 0.005 0.02 0.005
163.1 2.01 1.908 1.939 0.005 0.02 0.005
163.2 2.01 1.908 1.939 0.005 0.02 0.005
163.3 2.01 1.908 1.939 0.005 0.02 0.005
163.4 2.01 1.908 1.939 0.005 0.02 0.005
163.5 2.01 1.908 1.939 0.005 0.02 0.005
163.6 2.01 1.908 1.939 0.005 0.02 0.005
163.7 2.01 1.908 1.939 0.005 0.02 0.005
163.8 2.01 1.908 1.939 0.005 0.02 0.005
163.9 2.01 1.908 1.939 0.005 0.02 0.005
164.0 2.01 1.908 1.939 0.005 0.02 0.005
164.1 2.01 1.908 1.939 0.005 0.02 0.005
164.2 2.01 1.908 1.939 0.005 0.02 0.005
164.3 2.01 1.908 1.939 0.005 0.02 0.005
164.4 2.01 1.908 1.939 0.005 0.02 0.005
164.5 2.01 1.908 1.939 0.005 0.02 0.005
164.6 2.01 1.908 1.939 0.005 0.02 0.005
164.7 2.01 1.908 1.939 0.005 0.02 0.005
164.8 2.01 1.908 1.939 0.005 0.02 0.005
164.9 2.01 1.908 1.939 0.005 0.02 0.005
165.0 2.01 1.908 1.939 0.005 0.02 0.005
165.1 2.01 1.908 1.939 0.005 0.02 0.005
165.2 2.01 1.908 1.939 0.005 0.02 0.005
165.3 2.01 1.908 1.939 0.005 0.02 0.005
165.4 2.01 1.908 1.939 0.005 0.02 0.005
165.5 2.01 1.908 1.939 0.005 0.02 0.005
165.6 2.01 1.908 1.939 0.005 0.02 0.005
165.7 2.01 1.908 1.939 0.005 0.02 0.005
165.8 2.01 1.908 1.939 0.005 0.02 0.005
165.9 2.01 1.908 1.939 0.005 0.02 0.005
166.0 2.01 1.908 1.939 0.005 0.02 0.005
166.1 2.01 1.908 1.939 0.005 0.02 0.005
166.2 2.01 1.908 1.939 0.005 0.02 0.005
166.3 2.01 1.908 1.939 0.005 0.02 0.005
166.4 2.01 1.908 1.939 0.005 0.02 0.005
166.5 2.01 1.908 1.939 0.005 0.02 0.005
166.6 2.01 1.908 1.939 0.005 0.02 0.005
166.7 2.01 1.908 1.939 0.005 0.02 0.005
166.8 2.01 1.908 1.939 0.005 0.02 0.005
166.9 2.01 1.908 1.939 0.005 0.02 0.005
167.0 2.01 1.908 1.939 0.005 0.02 0.005
167.1 2.01 1.908 1.939 0.005 0.02 0.005
167.2 2.01 1.908 1.939 0.005 0.02 0.005
167.3 2.01 1.908 1.939 0.005 0.02 0.005
167.4 2.01 1.908 1.939 0.005 0.02 0.005
167.5 2.01 1.908 1.939 0.005 0.02 0.005
167.6 2.01 1.908 1.939 0.005 0.02 0.005
167.7 2.01 1.908 1.939 0.005 0.02 0.005
167.8 2.01 1.908 1.939 0.005 0.02 0.005
167.9 2.01 1.908 1.939 0.005 0.02 0.005
168.0 2.01 1.908 1.939 0.005 0.02 0.005
168.1 2.01 1.908 1.939 0.005 0.02 0.005
168.2 2.01 1.908 1.939 0.005 0.02 0.005
168.3 2.01 1.908 1.939 0.005 0.02 0.005
168.4 2.01 1.908 1.939 0.005 0.02 0.005
168.5 2.01 1.908 1.939 0.005 0.02 0.005
168.6 2.01 1.908 1.939 0.005 0.02 0.005
168.7 2.01 1.908 1.939 0.005 0.02 0.005
168.8 2.01 1.908 1.939 0.005 0.02 0.005
168.9 2.01 1.908 1.939 0.005 0.02 0.005
169.0 2.01 1.908 1.939 0.005 0.02 0.005
169.1 2.01 1.908 1.939 0.005 0.02 0.005
169.2 2.01 1.908 1.939 0.005 0.02 0.005
169.3 2.01 1.908 1.939 0.005 0.02 0.005
169.4 2.01 1.908 1.939 0.005 0.02 0.005
169.5 2.01 1.908 1.939 0.005 0.02 0.005
169.6 2.01 1.908 1.939 0.005 0.02 0.005
169.7 2.01 1.908 1.939 0.005 0.02 0.005
169.8 2.01 1.908 1.939 0.005 0.02 0.005
169.9 2.01 1.908 1.939 0.005 0.02 0.005
170.0 2.01 1.908 1.939 0.005 0.02 0.005
170.1 2.01 1.908 1.939 0.005 0.02 0.005
170.2 2.01 1.908 1.939 0.005 0.02 0.005
170.3 2.01 1.908 1.939 0.005 0.02 0.005
170.4 2.01 1.908 1.939 0.005 0.02 0.005
170.5 2.01 1.908 1.939 0.005 0.02 0.005
170.6 2.01 1.908 1.939 0.005 0.02 0.005
170.7 2.01 1.908 1.939 0.005 0.02 0.005
170.8 2.01 1.908 1.939 0.005 0.02 0.005
170.9 2.01 1.908 1.939 0.005 0.02 0.005
171.0 2.01 1.908 1.939 0.005 0.02 0.005
171.1 2.01 1.908 1.939 0.005 0.02 0.005
171.2 2.01 1.908 1.939 0.005 0.02 0.005
171.3 2.01 1.908 1.939 0.005 0.02 0.005
171.4 2.01 1.908 1.939 0.005 0.02 0.005
171.5 2.01 1.908 1.939 0.005 0.02 0.005
171.6 2.01 1.908 1.939 0.005 0.02 0.005
171.7 2.01 1.908 1.939 0.005 0.02 0.005
171.8 2.01 1.908 1.939 0.005 0.02 0.005
171.9 2.01 1.908 1.939 0.005 0.02 0.005
172.0 2.01 1.908 1.939 0.005 0.02 0.005
172.1 2.01 1.908 1.939 0.005 0.02 0.005
172.2 2.01 1.908 1.939 0.005 0.02 0.005
172.3 2.01 1.908 1.939 0.005 0.02 0.005
172.4 2.01 1.908 1.939 0.005 0.02 0.005
172.5 2.01 1.908 1.939 0.005 0.02 0.005
172.6 2.01 1.908 1.939 0.005 0.02 0.005
172.7 2.01 1.908 1.939 0.005 0.02 0.005
172.8 2.01 1.908 1.939 0.005 0.02 0.005
172.9 2.01 1.908 1.939 0.005 0.02 0.005
173.0 2.01 1.908 1.939 0.005 0.02 0.005
173.1 2.01 1.908 1.939 0.005 0.02 0.005
173.2 2.01 1.908 1.939 0.005 0.02 0.005
173.3 2.01 1.908 1.939 0.005 0.02 0.005
173.4 2.01 1.908 1.939 0.005 0.02 0.005
173.5 2.01 1.908 1.939 0.005 0.02 0.005
173.6 2.01 1.908 1.939 0.005 0.02 0.005
173.7 2.01 1.908 1.939 0.005 0.02 0.005
173.8 2.01 1.908 1.939 0.005 0.02 0.005
173.9 2.01 1.908 1.939 0.005 0.02 0.005
174.0 2.01 1.908 1.939 0.005 0.02 0.005
174.1 2.01 1.908 1.939 0.005 0.02 0.005
174.2 2.01 1.908 1.939 0.005 0.02 0.005
174.3 2.01 1.908 1.939 0.005 0.02 0.005
174.4 2.01 1.908 1.939 0.005 0.02 0.005
174.5 2.01 1.908 1.939 0.005 0.02 0.005
174.6 2.01 1.908 1.939 0.005 0.02 0.005
174.7 2.01 1.908 1.939 0.005 0.02 0.005
174.8 2.01 1.908 1.939 0.005 0.02 0.005
174.9 2.01 1.908 1.939 0.005 0.02 0.005
175.0 2.01 1.908 1.939 0.005 0.02 0.005
175.1 2.01 1.908 1.939 0.005 0.02 0.005
175.2 2.01 1.908 1.939 0.005 0.02 0.005
175.3 2.01 1.908 1.939 0.005 0.02 0.005
175.4 2.01 1.908 1.939 0.005 0.02 0.005
175.5 2.01 1.908 1.939 0.005 0.02 0.005
175.6 2.01 1.908 1.939 0.005 0.02 0.005
175.7 2.01 1.908 1.939 0.005 0.02 0.005
175.8 2.01 1.908 1.939 0.005 0.02 0.005
175.9 2.01 1.908 1.939 0.005 0.02 0.005
176.0 2.01 1.908 1.939 0.005 0.02 0.005
176.1 2.01 1.908 1.939 0.005 0.02 0.005
176.2 2.01 1.908 1.939 0.005 0.02 0.005
176.3 2.01 1.908 1.939 0.005 0.02 0.005
176.4 2.01 1.908 1.939 0.005 0.02 0.005
176.5 2.01 1.908 1.939 0.005 0.02 0.005
176.6 2.01 1.908 1.939 0.005 0.02 0.005
176.7 2.01 1.908 1.939 0.005 0.02 0.005
176.8 2.01 1.908 1.939 0.005 0.02 0.005
176.9 2.01 1.908 1.939 0.005 0.02 0.005
177.0 2.01 1.908 1.939 0.005 0.02 0.005
177.1 2.01 1.908 1.939 0.005 0.02 0.005
177.2 2.01 1.908 1.939 0.005 0.02 0.005
177.3 2.01 1.908 1.939 0.005 0.02 0.005
177.4 2.01 1.908 1.939 0.005 0.02 0.005
177.5 2.01 1.908 1.939 0.005 0.02 0.005
177.6 2.01 1.908 1.939 0.005 0.02 0.005
177.7 2.01 1.908 1.939 0.005 0.02 0.005
177.8 2.01 1.908 1.939 0.005 0.02 0.005
177.9 2.01 1.908 1.939 0.005 0.02 0.005
178.0 2.01 1.908 1.939 0.005 0.02 0.005
178.1 2.01 1.908 1.939 0.005 0.02 0.005
178.2 2.01 1.908 1.939 0.005 0.02 0.005
178.3 2.01 1.908 1.939 0.005 0.02 0.005
178.4 2.01 1.908 1.939 0.005 0.02 0.005
178.5 2.01 1.908 1.939 0.005 0.02 0.005
178.6 2.01 1.908 1.939 0.005 0.02 0.005
178.7 2.01 1.908 1.939 0.005 0.02 0.005
178.8 2.01 1.908 1.939 0.005 0.02 0.005
178.9 2.01 1.908 1.939 0.005 0.02 0.005
179.0 2.01 1.908 1.939 0.005 0.02 0.005
179.1 2.01 1.908 1.939 0.005 0.02 0.005
179.2 2.01 1.908 1.939 0.005 0.02 0.005
179.3 2.01 1.908 1.939 0.005 0.02 0.005
179.4 2.01 1.908 1.939 0.005 0.02 0.005
179.5 2.01 1.908 1.939 0.005 0.02 0.005
179.6 2.01 1.908 1.939 0.005 0.02 0.005
179.7 2.01 1.908 1.939 0.005 0.02 0.005
179.8 2.01 1.908 1.939 0.005 0.02 0.005
179.9 2.01 1.908 1.939 0.005 0.02 0.005
180.0 2.01 1.908 1.939 0.005 0.02 0.005
180.1 2.01 1.908 1.939 0.005 0.02 0.005
180.2 2.01 1.908 1.939 0.005 0.02 0.005
180.3 2.01 1.908 1.939 0.005 0.02 0.005
180.4 2.01 1.908 1.939 0.005 0.02 0.005
180.5 2.01 1.908 1.939 0.005 0.02 0.005
180.6 2.01 1.908 1.939 0.005 0.02 0.005
180.7 2.01 1.908 1.939 0.005 0.02 0.005
180.8 2.01 1.908 1.939 0.005 0.02 0.005
180.9 2.01 1.908 1.939 0.005 0.02 0.005
181.0 2.01 1.908 1.939 0.005 0.02 0.005
181.1 2.01 1.908 1.939 0.005 0.02 0.005
181.2 2.01 1.908 1.939 0.005 0.02 0.005
181.3 2.01 1.908 1.939 0.005 0.02 0.005
181.4 2.01 1.908 1.939 0.005 0.02 0.005
181.5 2.01 1.908 1.939 0.005 0.02 0.005
181.6 2.01 1.908 1.939 0.005 0.02 0.005
181.7 2.01 1.908 1.939 0.005 0.02 0.005
181.8 2.01 1.908 1.939 0.005 0.02 0.005
181.9 2.01 1.908 1.939 0.005 0.02 0.005
182.0 2.01 1.908 1.939 0.005 0.02 0.005
182.1 2.01 1.908 1.939 0.005 0.02 0.005
182.2 2.01 1.908 1.939 0.005 0.02 0.005
182.3 2.01 1.908 1.939 0.005 0.02 0.005
182.4 2.01 1.908 1.939 0.005 0.02 0.005
182.5 2.01 1.908 1.939 0.005 0.02 0.005
182.6 2.01 1.908 1.939 0.005 0.02 0.005
182.7 2.01 1.908 1.939 0.005 0.02 0.005
182.8 2.01 1.908 1.939 0.005 0.02 0.005
182.9 2.01 1.908 1.939 0.005 0.02 0.005
183.0 2.01 1.908 1.939 0.005 0.02 0.005
183.1 2.01 1.908 1.939 0.005 0.02 0.005
183.2 2.01 1.908 1.939 0.005 0.02 0.005
183.3 2.01 1.908 1.939 0.005 0.02 0.005
183.4 2.01 1.908 1.939 0.005 0.02 0.005
183.5 2.01 1.908 1.939 0.005 0.02 0.005
183.6 2.01 1.908 1.939 0.005 0.02 0.005
183.7 2.01 1.908 1.939 0.005 0.02 0.005
183.8 2.01 1.908 1.939 0.005 0.02 0.005
183.9 2.01 1.908 1.939 0.005 0.02 0.005
184.0 2.01 1.908 1.939 0.005 0.02 0.005
184.1 2.01 1.908 1.939 0.005 0.02 0.005
184.2 2.01 1.908 1.939 0.005 0.02 0.005
184.3 2.01 1.908 1.939 0.005 0.02 0.005
184.4 2.01 1.908 1.939 0.005 0.02 0.005
184.5 2.01 1.908 1.939 0.005 0.02 0.005
184.6 2.01 1.908 1.939 0.005 0.02 0.005
184.7 2.01 1.908 1.939 0.005 0.02 0.005
184.8 2.01 1.908 1.939 0.005 0.02 0.005
184.9 2.01 1.908 1.939 0.005 0.02 0.005
185.0 2.01 1.908 1.939 0.005 0.02 0.005
185.1 2.01 1.908 1.939 0.005 0.02 0.005
185.2 2.01 1.908 1.939 0.005 0.02 0.005
185.3 2.01 1.908 1.939 0.005 0.02 0.005
185.4 2.01 1.908 1.939 0.005 0.02 0.005
185.5 2.01 1.908 1.939 0.005 0.02 0.005
185.6 2.01 1.908 1.939 0.005 0.02 0.005
185.7 2.01 1.908 1.939 0.005 0.02 0.005
185.8 2.01 1.908 1.939 0.005 0.02 0.005
185.9 2.01 1.908 1.939 0.005 0.02 0.005
186.0 2.01 1.908 1.939 0.005 0.02 0.005
186.1 2.01 1.908 1.939 0.005 0.02 0.005
186.2 2.01 1.908 1.939 0.005 0.02 0.005
186.3 2.01 1.908 1.939 0.005 0.02 0.005
186.4 2.01 1.908 1.939 0.005 0.02 0.005
186.5 2.01 1.908 1.939 0.005 0.02 0.005
186.6 2.01 1.908 1.939 0.005 0.02 0.005
186.7 2.01 1.908 1.939 0.005 0.02 0.005
186.8 2.01 1.908 1.939 0.005 0.02 0.005
186.9 2.01 1.908 1.939 0.005 0.02 0.005
187.0 2.01 1.908 1.939 0.005 0.02 0.005
187.1 2.01 1.908 1.939 0.005 0.02 0.005
187.2 2.01 1.908 1.939 0.005 0.02 0.005
187.3 2.01 1.908 1.939 0.005 0.02 0.005
187.4 2.01 1.908 1.939 0.005 0.02 0.005
187.5 2.01 1.908 1.939 0.005 0.02 0.005
187.6 2.01 1.908 1.939 0.005 0.02 0.005
187.7 2.01 1.908 1.939 0.005 0.02 0.005
187.8 2.01 1.908 1.939 0.005 0.02 0.005
187.9 2.01 1.908 1.939 0.005 0.02 0.005
188.0 2.01 1.908 1.939 0.005 0.02 0.005
188.1 2.01 1.908 1.939 0.005 0.02 0.005
188.2 2.01 1.908 1.939 0.005 0.02 0.005
188.3 2.01 1.908 1.939 0.005 0.02 0.005
188.4 2.01 1.908 1.939 0.005 0.02 0.005
188.5 2.01 1.908 1.939 0.005 0.02 0.005
188.6 2.01 1.908 1.939 0.005 0.02 0.005
188.7 2.01 1.908 1.939 0.005 0.02 0.005
188.8 2.01 1.908 1.939 0.005 0.02 0.005
188.9 2.01 1.908 1.939 0.005 0.02 0.005
189.0 2.01 1.908 1.939 0.005 0.02 0.005
189.1 2.01 1.908 1.939 0.005 0.02 0.005
189.2 2.01 1.908 1.939 0.005 0.02 0.005
189.3 2.01 1.908 1.939 0.005 0.02 0.005
189.4 2.01 1.908 1.939 0.005 0.02 0.005
189.5 2.01 1.908 1.939 0.005 0.02 0.005
189.6 2.01 1.908 1.939 0.005 0.02 0.005
189.7 2.01 1.908 1.939 0.005 0.02 0.005
189.8 2.01 1.908 1.939 0.005 0.02 0.005
189.9 2.01 1.908 1.939 0.005 0.02 0.005
190.0 2.01 1.908 1.939 0.005 0.02 0.005
190.1 2.01 1.908 1.939 0.005 0.02 0.005
190.2 2.01 1.908 1.939 0.005 0.02 0.005
190.3 2.01 1.908 1.939 0.005 0.02 0.005
190.4 2.01 1.908 1.939 0.005 0.02 0.005
190.5 2.01 1.908 1.939 0.005 0.02 0.005
190.6 2.01 1.908 1.939 0.005 0.02 0.005
190.7 2.01 1.908 1.939 0.005 0.02 0.005
190.8 2.01 1.908 1.939 0.005 0.02 0.005
190.9 2.01 1.908 1.939 0.005 0.02 0.005
191.0 2.01 1.908 1.939 0.005 0.02 0.005
191.1 2.01 1.908 1.939 0.005 0.02 0.005
191.2 2.01 1.908 1.939 0.005 0.02 0.005
191.3 2.01 1.908 1.939 0.005 0.02 0.005
191.4 2.01 1.908 1.939 0.005 0.02 0.005
191.5 2.01 1.908 1.939 0.005 0.02 0.005
191.6 2.01 1.908 1.939 0.005 0.02 0.005
191.7 2.01 1.908 1.939 0.005 0.02 0.005
191.8 2.01 1.908 1.939 0.005 0.02 0.005
191.9 2.01 1.908 1.939 0.005 0.02 0.005
192.0 2.01 1.908 1.939 0.005 0.02 0.005
192.1 2.01 1.908 1.939 0.005 0.02 0.005
192.2 2.01 1.908 1.939 0.005 0.02 0.005
192.3 2.01 1.908 1.939 0.005 0.02 0.005
192.4 2.01 1.908 1.939 0.005 0.02 0.005
192.5 2.01 1.908 1.939 0.005 0.02 0.005
192.6 2.01 1.908 1.939 0.005 0.02 0.005
192.7 2.01 1.908 1.939 0.005 0.02 0.005
192.8 2.01 1.908 1.939 0.005 0.02 0.005
192.9 2.01 1.908 1.939 0.005 0.02 0.005
193.0 2.01 1.908 1.939 0.005 0.02 0.005
193.1 2.01 1.908 1.939 0.005 0.02 0.005
193.2 2.01 1.908 1.939 0.005 0.02 0.005
193.3 2.01 1.908 1.939 0.005 0.02 0.005
193.4 2.01 1.908 1.939 0.005 0.02 0.005
193.5 2.01 1.908 1.939 0.005 0.02 0.005
193.6 2.01 1.908 1.939 0.005 0.02 0.005
193.7 2.01 1.908 1.939 0.005 0.02 0.005
193.8 2.01 1.908 1.939 0.005 0.02 0.005
193.9 2.01 1.908 1.939 0.005 0.02 0.005
194.0 2.01 1.908 1.939 0.005 0.02 0.005
194.1 2.01 1.908 1.939 0.005 0.02 0.005
194.2 2.01 1.908 1.939 0.005 0.02 0.005
194.3 2.01 1.908 1.939 0.005 0.02 0.005
194.4 2.01 1.908 1.939 0.005 0.02 0.005
194.5 2.01 1.908 1.939 0.005 0.02 0.005
194.6 2.01 1.908 1.939 0.005 0.02 0.005
194.7 2.01 1.908 1.939 0.005 0.02 0.005
194.8 2.01 1.908 1.939 0.005 0.02 0.005
194.9 2.01 1.908 1.939 0.005 0.02 0.005
195.0 2.01 1.908 1.939 0.005 0.02 0.005
195.1 2.01 1.908 1.939 0.005 0.02 0.005
195.2 2.01 1.908 1.939 0.005 0.02 0.005
195.3 2.01 1.908 1.939 0.005 0.02 0.005
195.4 2.01 1.908 1.939 0.005 0.02 0.005
195.5 2.01 1.908 1.939 0.005 0.02 0.005
195.6 2.01 1.908 1.939 0.005 0.02 0.005
195.7 2.01 1.908 1.939 0.005 0.02 0.005
195.8 2.01 1.908 1.939 0.005 0.02 0.005
195.9 2.01 1.908 1.939 0.005 0.02 0.005
196.0 2.01 1.908 1.939 0.005 0.02 0.005
196.1 2.01 1.908 1.939 0.005 0.02 0.005
196.2 2.01 1.908 1.939 0.005 0.02 0.005
196.3 2.01 1.908 1.939 0.005 0.02 0.005
196.4 2.01 1.908 1.939 0.005 0.02 0.005
196.5 2.01 1.908 1.939 0.005 0.02 0.005
196.6 2.01 1.908 1.939 0.005 0.02 0.005
196.7 2.01 1.908 1.939 0.005 0.02 0.005
196.8 2.01 1.908 1.939 0.005 0.02 0.005
196.9 2.01 1.908 1.939 0.005 0.02 0.005
197.0 2.01 1.908 1.939 0.005 0.02 0.005
197.1 2.01 1.908 1.939 0.005 0.02 0.005
197.2 2.01 1.908 1.939 0.005 0.02 0.005
197.3 2.01 1.908 1.939 0.005 0.02 0.005
197.4 2.01 1.908 1.939 0.005 0.02 0.005
197.5 2.01 1.908 1.939 0.005 0.02 0.005
197.6 2.01 1.908 1.939 0.005 0.02 0.005
197.7 2.01 1.908 1.939 0.005 0.02 0.005
197.8 2.01 1.908 1.939 0.005 0.02 0.005
197.9 2.01 1.908 1.939 0.005 0.02 0.005
198.0 2.01 1.908 1.939 0.005 0.02 0.005
198.1 2.01 1.908 1.939 0.005 0.02 0.005
198.2 2.01 1.908 1.939 0.005 0.02 0.005
198.3 2.01 1.908 1.939 0.005 0.02 0.005
198.4 2.01 1.908 1.939 0.005 0.02 0.005
198.5 2.01 1.908 1.939 0.005 0.02 0.005
198.6 2.01 1.908 1.939 0.005 0.02 0.005
198.7 2.01 1.908 1.939 0.005 0.02 0.005
198.8 2.01 1.908 1.939 0.005 0.02 0.005
198.9 2.01 1.908 1.939 0.005 0.02 0.005
199.0 2.01 1.908 1.939 0.005 0.02 0.005
199.1 2.01 1.908 1.939 0.005 0.02 0.005
199.2 2.01 1.908 1.939 0.005 0.02 0.005
199.3 2.01 1.908 1.939 0.005 0.02 0.005
199.4 2.01 1.908 1.939 0.005 0.02 0.005
199.5 2.01 1.908 1.939 0.005 0.02 0.005
199.6 2.01 1.908 1.939 0.005 0.02 0.005
199.7 2.01 1.908 1.939 0.005 0.02 0.005
199.8 2.01 1.908 1.939 0.005 0.02 0.005
199.9 2.01 1.908 1.939 0.005 0.02 0.005
