500.0 2.01 1.908 1.939 1.437 3.409 0.639 0.01 6.838 2.137 0.011 0.011 0.009
500.1 2.01 1.908 1.939 1.437 3.409 0.639 0.01 6.838 2.137 0.012 0.012 0.008
500.2 2.01 1.908 1.939 1.437 3.409 0.639 0.01 6.838 2.137 0.012 0.013 0.007
500.3 2.01 1.908 1.939 1.437 3.409 0.639 0.01 6.838 2.137 0.013 0.014 0.007
500.4 2.01 1.908 1.939 1.437 3.409 0.639 0.01 6.838 2.137 0.013 0.014 0.006
500.5 2.01 1.908 1.939 1.437 3.409 0.639 0.01 6.838 2.137 0.014 0.015 0.006
500.6 2.01 1.908 1.939 1.437 3.409 0.639 0.01 6.838 2.137 0.014 0.015 0.005
500.7 2.01 1.908 1.939 1.437 3.409 0.639 0.01 6.838 2.137 0.015 0.016 0.005
500.8 2.01 1.908 1.939 1.437 3.409 0.639 0.01 6.838 2.137 0.015 0.016 0.004
500.9 2.01 1.908 1.939 1.437 3.409 0.639 0.01 6.838 2.137 0.015 0.017 0.004
501.0 2.01 1.908 1.939 1.437 3.409 0.639 0.01 6.838 2.137 0.016 0.017 0.004
501.1 2.01 1.908 1.939 1.437 3.409 0.639 0.01 6.838 2.137 0.016 0.018 0.003
501.2 2.01 1.908 1.939 1.437 3.409 0.639 0.01 6.838 2.137 0.016 0.018 0.003
501.3 2.01 1.908 1.939 1.437 3.409 0.639 0.01 6.838 2.137 0.016 0.018 0.003
501.4 2.01 1.908 1.939 1.437 3.409 0.639 0.01 6.838 2.137 0.016 0.018 0.003
501.5 2.01 1.908 1.939 1.437 3.409 0.639 0.01 6.838 2.137 0.017 0.019 0.002
501.6 2.01 1.908 1.939 1.437 3.409 0.639 0.01 6.838 2.137 0.017 0.019 0.002
501.7 2.01 1.908 1.939 1.437 3.409 0.639 0.01 6.838 2.137 0.017 0.019 0.002
501.8 2.01 1.908 1.939 1.437 3.409 0.639 0.01 6.838 2.137 0.017 0.019 0.002
501.9 2.01 1.908 1.939 1.437 3.409 0.639 0.01 6.838 2.137 0.017 0.019 0.002
502.0 2.01 1.908 1.939 1.437 3.409 0.639 0.01 6.838 2.137 0.017 0.02 0.002
502.1 2.01 1.908 1.939 1.437 3.409 0.639 0.01 6.838 2.137 0.017 0.02 0.002
502.2 2.01 1.908 1.939 1.437 3.409 0.639 0.01 6.838 2.137 0.018 0.02 0.002
502.3 2.01 1.908 1.939 1.437 3.409 0.639 0.01 6.838 2.137 0.018 0.02 0.002
502.4 2.01 1.908 1.939 1.437 3.409 0.639 0.01 6.838 2.137 0.018 0.02 0.001
502.5 2.01 1.908 1.939 1.437 3.409 0.639 0.01 6.838 2.137 0.018 0.02 0.001
502.6 2.01 1.908 1.939 1.437 3.409 0.639 0.01 6.838 2.137 0.018 0.02 0.001
502.7 2.01 1.908 1.939 1.437 3.409 0.639 0.01 6.838 2.137 0.018 0.02 0.001
502.8 2.01 1.908 1.939 1.437 3.409 0.639 0.01 6.838 2.137 0.018 0.021 0.001
502.9 2.01 1.908 1.939 1.437 3.409 0.639 0.01 6.838 2.137 0.018 0.021 0.001
503.0 2.01 1.908 1.939 1.437 3.409 0.639 0.01 6.838 2.137 0.018 0.021 0.001
503.1 2.01 1.908 1.939 1.437 3.409 0.639 0.01 6.838 2.137 0.018 0.021 0.001
503.2 2.01 1.908 1.939 1.437 3.409 0.639 0.01 6.838 2.137 0.018 0.021 0.001
503.3 2.01 1.908 1.939 1.437 3.409 0.639 0.01 6.838 2.137 0.018 0.021 0.001
503.4 2.01 1.908 1.939 1.437 3.409 0.639 0.01 6.838 2.137 0.018 0.021 0.001
503.5 2.01 1.908 1.939 1.437 3.409 0.639 0.01 6.838 2.137 0.018 0.021 0.001
503.6 2.01 1.908 1.939 1.437 3.409 0.639 0.01 6.838 2.137 0.019 0.021 0.001
503.7 2.01 1.908 1.939 1.437 3.409 0.639 0.01 6.838 2.137 0.019 0.021 0.001
503.8 2.01 1.908 1.939 1.437 3.409 0.639 0.01 6.838 2.137 0.019 0.021 0.001
503.9 2.01 1.908 1.939 1.437 3.409 0.639 0.01 6.838 2.137 0.019 0.021 0.001
504.0 2.01 1.908 1.939 1.437 3.409 0.639 0.01 6.838 2.137 0.019 0.021 0.001
504.1 2.01 1.908 1.939 1.437 3.409 0.639 0.01 6.838 2.137 0.019 0.021 0.001
504.2 2.01 1.908 1.939 1.437 3.409 0.639 0.01 6.838 2.137 0.019 0.021 0.001
504.3 2.01 1.908 1.939 1.437 3.409 0.639 0.01 6.838 2.137 0.019 0.021 0.001
504.4 2.01 1.908 1.939 1.437 3.409 0.639 0.01 6.838 2.137 0.019 0.022 0.001
504.5 2.01 1.908 1.939 1.437 3.409 0.639 0.01 6.838 2.137 0.019 0.022 0.001
504.6 2.01 1.908 1.939 1.437 3.409 0.639 0.01 6.838 2.137 0.019 0.022 0.001
504.7 2.01 1.908 1.939 1.437 3.409 0.639 0.01 6.838 2.137 0.019 0.022 0.001
504.8 2.01 1.908 1.939 1.437 3.409 0.639 0.01 6.838 2.137 0.019 0.022 0.001
504.9 2.01 1.908 1.939 1.437 3.409 0.639 0.01 6.838 2.137 0.019 0.022 0.001
505.0 2.01 1.908 1.939 1.437 3.409 0.639 0.01 6.838 2.137 0.019 0.022 0.001
505.1 2.01 1.908 1.939 1.437 3.409 0.639 0.01 6.838 2.137 0.019 0.022 0.001
505.2 2.01 1.908 1.939 1.437 3.409 0.639 0.01 6.838 2.137 0.019 0.022 0.001
505.3 2.01 1.908 1.939 1.437 3.409 0.639 0.01 6.838 2.137 0.019 0.022 0.001
505.4 2.01 1.908 1.939 1.437 3.409 0.639 0.01 6.838 2.137 0.019 0.022 0.001
505.5 2.01 1.908 1.939 1.437 3.409 0.639 0.01 6.838 2.137 0.019 0.022 0.001
505.6 2.01 1.908 1.939 1.437 3.409 0.639 0.01 6.838 2.137 0.019 0.022 0.001
505.7 2.01 1.908 1.939 1.437 3.409 0.639 0.01 6.838 2.137 0.019 0.022 0.001
505.8 2.01 1.908 1.939 1.437 3.409 0.639 0.01 6.838 2.137 0.019 0.022 0.001
505.9 2.01 1.908 1.939 1.437 3.409 0.639 0.01 6.838 2.137 0.019 0.022 0.001
506.0 2.01 1.908 1.939 1.437 3.409 0.639 0.01 6.838 2.137 0.02 0.022 0.001
506.1 2.01 1.908 1.939 1.437 3.409 0.639 0.01 6.838 2.137 0.02 0.022 0.001
506.2 2.01 1.908 1.939 1.437 3.409 0.639 0.01 6.838 2.137 0.02 0.022 0.001
506.3 2.01 1.908 1.939 1.437 3.409 0.639 0.01 6.838 2.137 0.02 0.022 0.001
506.4 2.01 1.908 1.939 1.437 3.409 0.639 0.01 6.838 2.137 0.02 0.022 0.001
506.5 2.01 1.908 1.939 1.437 3.409 0.639 0.01 6.838 2.137 0.02 0.022 0.001
506.6 2.01 1.908 1.939 1.437 3.409 0.639 0.01 6.838 2.137 0.02 0.023 0.001
506.7 2.01 1.908 1.939 1.437 3.409 0.639 0.01 6.838 2.137 0.02 0.023 0.001
506.8 2.01 1.908 1.939 1.437 3.409 0.639 0.01 6.838 2.137 0.02 0.023 0.001
506.9 2.01 1.908 1.939 1.437 3.409 0.639 0.01 6.838 2.137 0.02 0.023 0.001
507.0 2.01 1.908 1.939 1.437 3.409 0.639 0.01 6.838 2.137 0.02 0.023 0.001
507.1 2.01 1.908 1.939 1.437 3.409 0.639 0.01 6.838 2.137 0.02 0.023 0.001
507.2 2.01 1.908 1.939 1.437 3.409 0.639 0.01 6.838 2.137 0.02 0.023 0.001
507.3 2.01 1.908 1.939 1.437 3.409 0.639 0.01 6.838 2.137 0.02 0.023 0.001
507.4 2.01 1.908 1.939 1.437 3.409 0.639 0.01 6.838 2.137 0.02 0.023 0.001
507.5 2.01 1.908 1.939 1.437 3.409 0.639 0.01 6.838 2.137 0.02 0.023 0.001
507.6 2.01 1.908 1.939 1.437 3.409 0.639 0.01 6.838 2.137 0.02 0.023 0.001
507.7 2.01 1.908 1.939 1.437 3.409 0.639 0.01 6.838 2.137 0.02 0.023 0.001
507.8 2.01 1.908 1.939 1.437 3.409 0.639 0.01 6.838 2.137 0.02 0.023 0.001
507.9 2.01 1.908 1.939 1.437 3.409 0.639 0.01 6.838 2.137 0.02 0.023 0.001
508.0 2.01 1.908 1.939 1.437 3.409 0.639 0.01 6.838 2.137 0.02 0.023 0.001
508.1 2.01 1.908 1.939 1.437 3.409 0.639 0.01 6.838 2.137 0.02 0.023 0.001
508.2 2.01 1.908 1.939 1.437 3.409 0.639 0.01 6.838 2.137 0.02 0.023 0.001
508.3 2.01 1.908 1.939 1.437 3.409 0.639 0.01 6.838 2.137 0.02 0.023 0.001
508.4 2.01 1.908 1.939 1.437 3.409 0.639 0.01 6.838 2.137 0.02 0.023 0.001
508.5 2.01 1.908 1.939 1.437 3.409 0.639 0.01 6.838 2.137 0.021 0.023 0.001
508.6 2.01 1.908 1.939 1.437 3.409 0.639 0.01 6.838 2.137 0.021 0.023 0.001
508.7 2.01 1.908 1.939 1.437 3.409 0.639 0.01 6.838 2.137 0.021 0.023 0.001
508.8 2.01 1.908 1.939 1.437 3.409 0.639 0.01 6.838 2.137 0.021 0.024 0.001
508.9 2.01 1.908 1.939 1.437 3.409 0.639 0.01 6.838 2.137 0.021 0.024 0.001
509.0 2.01 1.908 1.939 1.437 3.409 0.639 0.01 6.838 2.137 0.021 0.024 0.001
509.1 2.01 1.908 1.939 1.437 3.409 0.639 0.01 6.838 2.137 0.021 0.024 0.001
509.2 2.01 1.908 1.939 1.437 3.409 0.639 0.01 6.838 2.137 0.021 0.024 0.001
509.3 2.01 1.908 1.939 1.437 3.409 0.639 0.01 6.838 2.137 0.021 0.024 0.001
509.4 2.01 1.908 1.939 1.437 3.409 0.639 0.01 6.838 2.137 0.021 0.024 0.001
509.5 2.01 1.908 1.939 1.437 3.409 0.639 0.01 6.838 2.137 0.021 0.024 0.001
509.6 2.01 1.908 1.939 1.437 3.409 0.639 0.01 6.838 2.137 0.021 0.024 0.001
509.7 2.01 1.908 1.939 1.437 3.409 0.639 0.01 6.838 2.137 0.021 0.024 0.001
509.8 2.01 1.908 1.939 1.437 3.409 0.639 0.01 6.838 2.137 0.021 0.024 0.001
509.9 2.01 1.908 1.939 1.437 3.409 0.639 0.01 6.838 2.137 0.021 0.024 0.001
510.0 2.01 1.908 1.939 1.437 3.409 0.639 0.01 6.838 2.137 0.021 0.024 0.001
510.1 2.01 1.908 1.939 1.437 3.409 0.639 0.01 6.838 2.137 0.021 0.024 0.001
510.2 2.01 1.908 1.939 1.437 3.409 0.639 0.01 6.838 2.137 0.021 0.024 0.001
510.3 2.01 1.908 1.939 1.437 3.409 0.639 0.01 6.838 2.137 0.021 0.024 0.001
510.4 2.01 1.908 1.939 1.437 3.409 0.639 0.01 6.838 2.137 0.021 0.024 0.001
510.5 2.01 1.908 1.939 1.437 3.409 0.639 0.01 6.838 2.137 0.021 0.024 0.001
510.6 2.01 1.908 1.939 1.437 3.409 0.639 0.01 6.838 2.137 0.021 0.024 0.001
510.7 2.01 1.908 1.939 1.437 3.409 0.639 0.01 6.838 2.137 0.021 0.024 0.001
510.8 2.01 1.908 1.939 1.437 3.409 0.639 0.01 6.838 2.137 0.022 0.025 0.001
510.9 2.01 1.908 1.939 1.437 3.409 0.639 0.01 6.838 2.137 0.022 0.025 0.001
511.0 2.01 1.908 1.939 1.437 3.409 0.639 0.01 6.838 2.137 0.022 0.025 0.001
511.1 2.01 1.908 1.939 1.437 3.409 0.639 0.01 6.838 2.137 0.022 0.025 0.001
511.2 2.01 1.908 1.939 1.437 3.409 0.639 0.01 6.838 2.137 0.022 0.025 0.001
511.3 2.01 1.908 1.939 1.437 3.409 0.639 0.01 6.838 2.137 0.022 0.025 0.001
511.4 2.01 1.908 1.939 1.437 3.409 0.639 0.01 6.838 2.137 0.022 0.025 0.001
511.5 2.01 1.908 1.939 1.437 3.409 0.639 0.01 6.838 2.137 0.022 0.025 0.001
511.6 2.01 1.908 1.939 1.437 3.409 0.639 0.01 6.838 2.137 0.022 0.025 0.001
511.7 2.01 1.908 1.939 1.437 3.409 0.639 0.01 6.838 2.137 0.022 0.025 0.001
511.8 2.01 1.908 1.939 1.437 3.409 0.639 0.01 6.838 2.137 0.022 0.025 0.001
511.9 2.01 1.908 1.939 1.437 3.409 0.639 0.01 6.838 2.137 0.022 0.025 0.001
512.0 2.01 1.908 1.939 1.437 3.409 0.639 0.01 6.838 2.137 0.022 0.025 0.001
512.1 2.01 1.908 1.939 1.437 3.409 0.639 0.01 6.838 2.137 0.022 0.025 0.001
512.2 2.01 1.908 1.939 1.437 3.409 0.639 0.01 6.838 2.137 0.022 0.025 0.001
512.3 2.01 1.908 1.939 1.437 3.409 0.639 0.01 6.838 2.137 0.022 0.025 0.001
512.4 2.01 1.908 1.939 1.437 3.409 0.639 0.01 6.838 2.137 0.022 0.025 0.001
512.5 2.01 1.908 1.939 1.437 3.409 0.639 0.01 6.838 2.137 0.022 0.025 0.001
512.6 2.01 1.908 1.939 1.437 3.409 0.639 0.01 6.838 2.137 0.022 0.025 0.001
512.7 2.01 1.908 1.939 1.437 3.409 0.639 0.01 6.838 2.137 0.022 0.026 0.001
512.8 2.01 1.908 1.939 1.437 3.409 0.639 0.01 6.838 2.137 0.022 0.026 0.001
512.9 2.01 1.908 1.939 1.437 3.409 0.639 0.01 6.838 2.137 0.023 0.026 0.001
513.0 2.01 1.908 1.939 1.437 3.409 0.639 0.01 6.838 2.137 0.023 0.026 0.001
513.1 2.01 1.908 1.939 1.437 3.409 0.639 0.01 6.838 2.137 0.023 0.026 0.001
513.2 2.01 1.908 1.939 1.437 3.409 0.639 0.01 6.838 2.137 0.023 0.026 0.001
513.3 2.01 1.908 1.939 1.437 3.409 0.639 0.01 6.838 2.137 0.023 0.026 0.001
513.4 2.01 1.908 1.939 1.437 3.409 0.639 0.01 6.838 2.137 0.023 0.026 0.001
513.5 2.01 1.908 1.939 1.437 3.409 0.639 0.01 6.838 2.137 0.023 0.026 0.001
513.6 2.01 1.908 1.939 1.437 3.409 0.639 0.01 6.838 2.137 0.023 0.026 0.001
513.7 2.01 1.908 1.939 1.437 3.409 0.639 0.01 6.838 2.137 0.023 0.026 0.001
513.8 2.01 1.908 1.939 1.437 3.409 0.639 0.01 6.838 2.137 0.023 0.026 0.001
513.9 2.01 1.908 1.939 1.437 3.409 0.639 0.01 6.838 2.137 0.023 0.026 0.001
514.0 2.01 1.908 1.939 1.437 3.409 0.639 0.01 6.838 2.137 0.023 0.026 0.001
514.1 2.01 1.908 1.939 1.437 3.409 0.639 0.01 6.838 2.137 0.023 0.026 0.001
514.2 2.01 1.908 1.939 1.437 3.409 0.639 0.01 6.838 2.137 0.023 0.026 0.001
514.3 2.01 1.908 1.939 1.437 3.409 0.639 0.01 6.838 2.137 0.023 0.026 0.001
514.4 2.01 1.908 1.939 1.437 3.409 0.639 0.01 6.838 2.137 0.023 0.027 0.001
514.5 2.01 1.908 1.939 1.437 3.409 0.639 0.01 6.838 2.137 0.023 0.027 0.001
514.6 2.01 1.908 1.939 1.437 3.409 0.639 0.01 6.838 2.137 0.023 0.027 0.001
514.7 2.01 1.908 1.939 1.437 3.409 0.639 0.01 6.838 2.137 0.023 0.027 0.001
514.8 2.01 1.908 1.939 1.437 3.409 0.639 0.01 6.838 2.137 0.023 0.027 0.001
514.9 2.01 1.908 1.939 1.437 3.409 0.639 0.01 6.838 2.137 0.024 0.027 0.001
515.0 2.01 1.908 1.939 1.437 3.409 0.639 0.01 6.838 2.137 0.024 0.027 0.001
515.1 2.01 1.908 1.939 1.437 3.409 0.639 0.01 6.838 2.137 0.024 0.027 0.001
515.2 2.01 1.908 1.939 1.437 3.409 0.639 0.01 6.838 2.137 0.024 0.027 0.001
515.3 2.01 1.908 1.939 1.437 3.409 0.639 0.01 6.838 2.137 0.024 0.027 0.001
515.4 2.01 1.908 1.939 1.437 3.409 0.639 0.01 6.838 2.137 0.024 0.027 0.001
515.5 2.01 1.908 1.939 1.437 3.409 0.639 0.01 6.838 2.137 0.024 0.027 0.001
515.6 2.01 1.908 1.939 1.437 3.409 0.639 0.01 6.838 2.137 0.024 0.027 0.001
515.7 2.01 1.908 1.939 1.437 3.409 0.639 0.01 6.838 2.137 0.024 0.027 0.001
515.8 2.01 1.908 1.939 1.437 3.409 0.639 0.01 6.838 2.137 0.024 0.027 0.001
515.9 2.01 1.908 1.939 1.437 3.409 0.639 0.01 6.838 2.137 0.024 0.027 0.001
516.0 2.01 1.908 1.939 1.437 3.409 0.639 0.01 6.838 2.137 0.024 0.027 0.002
516.1 2.01 1.908 1.939 1.437 3.409 0.639 0.01 6.838 2.137 0.024 0.028 0.002
516.2 2.01 1.908 1.939 1.437 3.409 0.639 0.01 6.838 2.137 0.024 0.028 0.002
516.3 2.01 1.908 1.939 1.437 3.409 0.639 0.01 6.838 2.137 0.024 0.028 0.002
516.4 2.01 1.908 1.939 1.437 3.409 0.639 0.01 6.838 2.137 0.024 0.028 0.002
516.5 2.01 1.908 1.939 1.437 3.409 0.639 0.01 6.838 2.137 0.024 0.028 0.002
516.6 2.01 1.908 1.939 1.437 3.409 0.639 0.01 6.838 2.137 0.024 0.028 0.002
516.7 2.01 1.908 1.939 1.437 3.409 0.639 0.01 6.838 2.137 0.025 0.028 0.002
516.8 2.01 1.908 1.939 1.437 3.409 0.639 0.01 6.838 2.137 0.025 0.028 0.002
516.9 2.01 1.908 1.939 1.437 3.409 0.639 0.01 6.838 2.137 0.025 0.028 0.002
517.0 2.01 1.908 1.939 1.437 3.409 0.639 0.01 6.838 2.137 0.025 0.028 0.002
517.1 2.01 1.908 1.939 1.437 3.409 0.639 0.01 6.838 2.137 0.025 0.028 0.002
517.2 2.01 1.908 1.939 1.437 3.409 0.639 0.01 6.838 2.137 0.025 0.028 0.002
517.3 2.01 1.908 1.939 1.437 3.409 0.639 0.01 6.838 2.137 0.025 0.028 0.002
517.4 2.01 1.908 1.939 1.437 3.409 0.639 0.01 6.838 2.137 0.025 0.028 0.002
517.5 2.01 1.908 1.939 1.437 3.409 0.639 0.01 6.838 2.137 0.025 0.028 0.002
517.6 2.01 1.908 1.939 1.437 3.409 0.639 0.01 6.838 2.137 0.025 0.029 0.002
517.7 2.01 1.908 1.939 1.437 3.409 0.639 0.01 6.838 2.137 0.025 0.029 0.002
517.8 2.01 1.908 1.939 1.437 3.409 0.639 0.01 6.838 2.137 0.025 0.029 0.002
517.9 2.01 1.908 1.939 1.437 3.409 0.639 0.01 6.838 2.137 0.025 0.029 0.002
518.0 2.01 1.908 1.939 1.437 3.409 0.639 0.01 6.838 2.137 0.025 0.029 0.002
518.1 2.01 1.908 1.939 1.437 3.409 0.639 0.01 6.838 2.137 0.025 0.029 0.002
518.2 2.01 1.908 1.939 1.437 3.409 0.639 0.01 6.838 2.137 0.025 0.029 0.002
518.3 2.01 1.908 1.939 1.437 3.409 0.639 0.01 6.838 2.137 0.026 0.029 0.002
518.4 2.01 1.908 1.939 1.437 3.409 0.639 0.01 6.838 2.137 0.026 0.029 0.002
518.5 2.01 1.908 1.939 1.437 3.409 0.639 0.01 6.838 2.137 0.026 0.029 0.002
518.6 2.01 1.908 1.939 1.437 3.409 0.639 0.01 6.838 2.137 0.026 0.029 0.002
518.7 2.01 1.908 1.939 1.437 3.409 0.639 0.01 6.838 2.137 0.026 0.029 0.002
518.8 2.01 1.908 1.939 1.437 3.409 0.639 0.01 6.838 2.137 0.026 0.029 0.002
518.9 2.01 1.908 1.939 1.437 3.409 0.639 0.01 6.838 2.137 0.026 0.029 0.002
519.0 2.01 1.908 1.939 1.437 3.409 0.639 0.01 6.838 2.137 0.026 0.03 0.002
519.1 2.01 1.908 1.939 1.437 3.409 0.639 0.01 6.838 2.137 0.026 0.03 0.002
519.2 2.01 1.908 1.939 1.437 3.409 0.639 0.01 6.838 2.137 0.026 0.03 0.002
519.3 2.01 1.908 1.939 1.437 3.409 0.639 0.01 6.838 2.137 0.026 0.03 0.002
519.4 2.01 1.908 1.939 1.437 3.409 0.639 0.01 6.838 2.137 0.026 0.03 0.002
519.5 2.01 1.908 1.939 1.437 3.409 0.639 0.01 6.838 2.137 0.026 0.03 0.002
519.6 2.01 1.908 1.939 1.437 3.409 0.639 0.01 6.838 2.137 0.026 0.03 0.002
519.7 2.01 1.908 1.939 1.437 3.409 0.639 0.01 6.838 2.137 0.026 0.03 0.002
519.8 2.01 1.908 1.939 1.437 3.409 0.639 0.01 6.838 2.137 0.026 0.03 0.002
519.9 2.01 1.908 1.939 1.437 3.409 0.639 0.01 6.838 2.137 0.027 0.03 0.002
520.0 2.01 1.908 1.939 1.437 3.409 0.639 0.01 6.838 2.137 0.027 0.03 0.002
520.1 2.01 1.908 1.939 1.437 3.409 0.639 0.01 6.838 2.137 0.027 0.03 0.002
520.2 2.01 1.908 1.939 1.437 3.409 0.639 0.01 6.838 2.137 0.027 0.03 0.002
520.3 2.01 1.908 1.939 1.437 3.409 0.639 0.01 6.838 2.137 0.027 0.031 0.002
520.4 2.01 1.908 1.939 1.437 3.409 0.639 0.01 6.838 2.137 0.027 0.031 0.002
520.5 2.01 1.908 1.939 1.437 3.409 0.639 0.01 6.838 2.137 0.027 0.031 0.002
520.6 2.01 1.908 1.939 1.437 3.409 0.639 0.01 6.838 2.137 0.027 0.031 0.002
520.7 2.01 1.908 1.939 1.437 3.409 0.639 0.01 6.838 2.137 0.027 0.031 0.002
520.8 2.01 1.908 1.939 1.437 3.409 0.639 0.01 6.838 2.137 0.027 0.031 0.002
520.9 2.01 1.908 1.939 1.437 3.409 0.639 0.01 6.838 2.137 0.027 0.031 0.002
521.0 2.01 1.908 1.939 1.437 3.409 0.639 0.01 6.838 2.137 0.027 0.031 0.002
521.1 2.01 1.908 1.939 1.437 3.409 0.639 0.01 6.838 2.137 0.027 0.031 0.002
521.2 2.01 1.908 1.939 1.437 3.409 0.639 0.01 6.838 2.137 0.027 0.031 0.002
521.3 2.01 1.908 1.939 1.437 3.409 0.639 0.01 6.838 2.137 0.028 0.031 0.002
521.4 2.01 1.908 1.939 1.437 3.409 0.639 0.01 6.838 2.137 0.028 0.031 0.002
521.5 2.01 1.908 1.939 1.437 3.409 0.639 0.01 6.838 2.137 0.028 0.031 0.002
521.6 2.01 1.908 1.939 1.437 3.409 0.639 0.01 6.838 2.137 0.028 0.032 0.002
521.7 2.01 1.908 1.939 1.437 3.409 0.639 0.01 6.838 2.137 0.028 0.032 0.002
521.8 2.01 1.908 1.939 1.437 3.409 0.639 0.01 6.838 2.137 0.028 0.032 0.002
521.9 2.01 1.908 1.939 1.437 3.409 0.639 0.01 6.838 2.137 0.028 0.032 0.002
522.0 2.01 1.908 1.939 1.437 3.409 0.639 0.01 6.838 2.137 0.028 0.032 0.002
522.1 2.01 1.908 1.939 1.437 3.409 0.639 0.01 6.838 2.137 0.028 0.032 0.002
522.2 2.01 1.908 1.939 1.437 3.409 0.639 0.01 6.838 2.137 0.028 0.032 0.002
522.3 2.01 1.908 1.939 1.437 3.409 0.639 0.01 6.838 2.137 0.028 0.032 0.002
522.4 2.01 1.908 1.939 1.437 3.409 0.639 0.01 6.838 2.137 0.028 0.032 0.002
522.5 2.01 1.908 1.939 1.437 3.409 0.639 0.01 6.838 2.137 0.028 0.032 0.002
522.6 2.01 1.908 1.939 1.437 3.409 0.639 0.01 6.838 2.137 0.028 0.032 0.002
522.7 2.01 1.908 1.939 1.437 3.409 0.639 0.01 6.838 2.137 0.029 0.033 0.002
522.8 2.01 1.908 1.939 1.437 3.409 0.639 0.01 6.838 2.137 0.029 0.033 0.002
522.9 2.01 1.908 1.939 1.437 3.409 0.639 0.01 6.838 2.137 0.029 0.033 0.002
523.0 2.01 1.908 1.939 1.437 3.409 0.639 0.01 6.838 2.137 0.029 0.033 0.002
523.1 2.01 1.908 1.939 1.437 3.409 0.639 0.01 6.838 2.137 0.029 0.033 0.002
523.2 2.01 1.908 1.939 1.437 3.409 0.639 0.01 6.838 2.137 0.029 0.033 0.002
523.3 2.01 1.908 1.939 1.437 3.409 0.639 0.01 6.838 2.137 0.029 0.033 0.002
523.4 2.01 1.908 1.939 1.437 3.409 0.639 0.01 6.838 2.137 0.029 0.033 0.002
523.5 2.01 1.908 1.939 1.437 3.409 0.639 0.01 6.838 2.137 0.029 0.033 0.002
523.6 2.01 1.908 1.939 1.437 3.409 0.639 0.01 6.838 2.137 0.029 0.033 0.002
523.7 2.01 1.908 1.939 1.437 3.409 0.639 0.01 6.838 2.137 0.029 0.033 0.002
523.8 2.01 1.908 1.939 1.437 3.409 0.639 0.01 6.838 2.137 0.029 0.034 0.002
523.9 2.01 1.908 1.939 1.437 3.409 0.639 0.01 6.838 2.137 0.03 0.034 0.002
524.0 2.01 1.908 1.939 1.437 3.409 0.639 0.01 6.838 2.137 0.03 0.034 0.002
524.1 2.01 1.908 1.939 1.437 3.409 0.639 0.01 6.838 2.137 0.03 0.034 0.002
524.2 2.01 1.908 1.939 1.437 3.409 0.639 0.01 6.838 2.137 0.03 0.034 0.002
524.3 2.01 1.908 1.939 1.437 3.409 0.639 0.01 6.838 2.137 0.03 0.034 0.002
524.4 2.01 1.908 1.939 1.437 3.409 0.639 0.01 6.838 2.137 0.03 0.034 0.002
524.5 2.01 1.908 1.939 1.437 3.409 0.639 0.01 6.838 2.137 0.03 0.034 0.002
524.6 2.01 1.908 1.939 1.437 3.409 0.639 0.01 6.838 2.137 0.03 0.034 0.002
524.7 2.01 1.908 1.939 1.437 3.409 0.639 0.01 6.838 2.137 0.03 0.034 0.002
524.8 2.01 1.908 1.939 1.437 3.409 0.639 0.01 6.838 2.137 0.03 0.034 0.002
524.9 2.01 1.908 1.939 1.437 3.409 0.639 0.01 6.838 2.137 0.03 0.035 0.002
525.0 2.01 1.908 1.939 1.437 3.409 0.639 0.01 6.838 2.137 0.03 0.035 0.002
525.1 2.01 1.908 1.939 1.437 3.409 0.639 0.01 6.838 2.137 0.031 0.035 0.002
525.2 2.01 1.908 1.939 1.437 3.409 0.639 0.01 6.838 2.137 0.031 0.035 0.002
525.3 2.01 1.908 1.939 1.437 3.409 0.639 0.01 6.838 2.137 0.031 0.035 0.002
525.4 2.01 1.908 1.939 1.437 3.409 0.639 0.01 6.838 2.137 0.031 0.035 0.002
525.5 2.01 1.908 1.939 1.437 3.409 0.639 0.01 6.838 2.137 0.031 0.035 0.002
525.6 2.01 1.908 1.939 1.437 3.409 0.639 0.01 6.838 2.137 0.031 0.035 0.002
525.7 2.01 1.908 1.939 1.437 3.409 0.639 0.01 6.838 2.137 0.031 0.035 0.002
525.8 2.01 1.908 1.939 1.437 3.409 0.639 0.01 6.838 2.137 0.031 0.035 0.002
525.9 2.01 1.908 1.939 1.437 3.409 0.639 0.01 6.838 2.137 0.031 0.036 0.002
526.0 2.01 1.908 1.939 1.437 3.409 0.639 0.01 6.838 2.137 0.031 0.036 0.002
526.1 2.01 1.908 1.939 1.437 3.409 0.639 0.01 6.838 2.137 0.031 0.036 0.003
526.2 2.01 1.908 1.939 1.437 3.409 0.639 0.01 6.838 2.137 0.032 0.036 0.003
526.3 2.01 1.908 1.939 1.437 3.409 0.639 0.01 6.838 2.137 0.032 0.036 0.003
526.4 2.01 1.908 1.939 1.437 3.409 0.639 0.01 6.838 2.137 0.032 0.036 0.003
526.5 2.01 1.908 1.939 1.437 3.409 0.639 0.01 6.838 2.137 0.032 0.036 0.003
526.6 2.01 1.908 1.939 1.437 3.409 0.639 0.01 6.838 2.137 0.032 0.036 0.003
526.7 2.01 1.908 1.939 1.437 3.409 0.639 0.01 6.838 2.137 0.032 0.036 0.003
526.8 2.01 1.908 1.939 1.437 3.409 0.639 0.01 6.838 2.137 0.032 0.037 0.003
526.9 2.01 1.908 1.939 1.437 3.409 0.639 0.01 6.838 2.137 0.032 0.037 0.003
527.0 2.01 1.908 1.939 1.437 3.409 0.639 0.01 6.838 2.137 0.032 0.037 0.003
527.1 2.01 1.908 1.939 1.437 3.409 0.639 0.01 6.838 2.137 0.032 0.037 0.003
527.2 2.01 1.908 1.939 1.437 3.409 0.639 0.01 6.838 2.137 0.032 0.037 0.003
527.3 2.01 1.908 1.939 1.437 3.409 0.639 0.01 6.838 2.137 0.033 0.037 0.003
527.4 2.01 1.908 1.939 1.437 3.409 0.639 0.01 6.838 2.137 0.033 0.037 0.003
527.5 2.01 1.908 1.939 1.437 3.409 0.639 0.01 6.838 2.137 0.033 0.037 0.003
527.6 2.01 1.908 1.939 1.437 3.409 0.639 0.01 6.838 2.137 0.033 0.037 0.003
527.7 2.01 1.908 1.939 1.437 3.409 0.639 0.01 6.838 2.137 0.033 0.038 0.003
527.8 2.01 1.908 1.939 1.437 3.409 0.639 0.01 6.838 2.137 0.033 0.038 0.003
527.9 2.01 1.908 1.939 1.437 3.409 0.639 0.01 6.838 2.137 0.033 0.038 0.003
528.0 2.01 1.908 1.939 1.437 3.409 0.639 0.01 6.838 2.137 0.033 0.038 0.003
528.1 2.01 1.908 1.939 1.437 3.409 0.639 0.01 6.838 2.137 0.033 0.038 0.003
528.2 2.01 1.908 1.939 1.437 3.409 0.639 0.01 6.838 2.137 0.033 0.038 0.003
528.3 2.01 1.908 1.939 1.437 3.409 0.639 0.01 6.838 2.137 0.034 0.038 0.003
528.4 2.01 1.908 1.939 1.437 3.409 0.639 0.01 6.838 2.137 0.034 0.038 0.003
528.5 2.01 1.908 1.939 1.437 3.409 0.639 0.01 6.838 2.137 0.034 0.038 0.003
528.6 2.01 1.908 1.939 1.437 3.409 0.639 0.01 6.838 2.137 0.034 0.039 0.003
528.7 2.01 1.908 1.939 1.437 3.409 0.639 0.01 6.838 2.137 0.034 0.039 0.003
528.8 2.01 1.908 1.939 1.437 3.409 0.639 0.01 6.838 2.137 0.034 0.039 0.003
528.9 2.01 1.908 1.939 1.437 3.409 0.639 0.01 6.838 2.137 0.034 0.039 0.003
529.0 2.01 1.908 1.939 1.437 3.409 0.639 0.01 6.838 2.137 0.034 0.039 0.003
529.1 2.01 1.908 1.939 1.437 3.409 0.639 0.01 6.838 2.137 0.034 0.039 0.003
529.2 2.01 1.908 1.939 1.437 3.409 0.639 0.01 6.838 2.137 0.035 0.039 0.003
529.3 2.01 1.908 1.939 1.437 3.409 0.639 0.01 6.838 2.137 0.035 0.039 0.003
529.4 2.01 1.908 1.939 1.437 3.409 0.639 0.01 6.838 2.137 0.035 0.04 0.003
529.5 2.01 1.908 1.939 1.437 3.409 0.639 0.01 6.838 2.137 0.035 0.04 0.003
529.6 2.01 1.908 1.939 1.437 3.409 0.639 0.01 6.838 2.137 0.035 0.04 0.003
529.7 2.01 1.908 1.939 1.437 3.409 0.639 0.01 6.838 2.137 0.035 0.04 0.003
529.8 2.01 1.908 1.939 1.437 3.409 0.639 0.01 6.838 2.137 0.035 0.04 0.003
529.9 2.01 1.908 1.939 1.437 3.409 0.639 0.01 6.838 2.137 0.035 0.04 0.003
530.0 2.01 1.908 1.939 1.437 3.409 0.639 0.01 6.838 2.137 0.035 0.04 0.003
530.1 2.01 1.908 1.939 1.437 3.409 0.639 0.01 6.838 2.137 0.036 0.04 0.003
530.2 2.01 1.908 1.939 1.437 3.409 0.639 0.01 6.838 2.137 0.036 0.041 0.003
530.3 2.01 1.908 1.939 1.437 3.409 0.639 0.01 6.838 2.137 0.036 0.041 0.003
530.4 2.01 1.908 1.939 1.437 3.409 0.639 0.01 6.838 2.137 0.036 0.041 0.003
530.5 2.01 1.908 1.939 1.437 3.409 0.639 0.01 6.838 2.137 0.036 0.041 0.003
530.6 2.01 1.908 1.939 1.437 3.409 0.639 0.01 6.838 2.137 0.036 0.041 0.003
530.7 2.01 1.908 1.939 1.437 3.409 0.639 0.01 6.838 2.137 0.036 0.041 0.003
530.8 2.01 1.908 1.939 1.437 3.409 0.639 0.01 6.838 2.137 0.036 0.041 0.003
530.9 2.01 1.908 1.939 1.437 3.409 0.639 0.01 6.838 2.137 0.037 0.042 0.003
531.0 2.01 1.908 1.939 1.437 3.409 0.639 0.01 6.838 2.137 0.037 0.042 0.003
531.1 2.01 1.908 1.939 1.437 3.409 0.639 0.01 6.838 2.137 0.037 0.042 0.003
531.2 2.01 1.908 1.939 1.437 3.409 0.639 0.01 6.838 2.137 0.037 0.042 0.003
531.3 2.01 1.908 1.939 1.437 3.409 0.639 0.01 6.838 2.137 0.037 0.042 0.003
531.4 2.01 1.908 1.939 1.437 3.409 0.639 0.01 6.838 2.137 0.037 0.042 0.003
531.5 2.01 1.908 1.939 1.437 3.409 0.639 0.01 6.838 2.137 0.037 0.042 0.003
531.6 2.01 1.908 1.939 1.437 3.409 0.639 0.01 6.838 2.137 0.037 0.043 0.003
531.7 2.01 1.908 1.939 1.437 3.409 0.639 0.01 6.838 2.137 0.038 0.043 0.004
531.8 2.01 1.908 1.939 1.437 3.409 0.639 0.01 6.838 2.137 0.038 0.043 0.004
531.9 2.01 1.908 1.939 1.437 3.409 0.639 0.01 6.838 2.137 0.038 0.043 0.004
532.0 2.01 1.908 1.939 1.437 3.409 0.639 0.01 6.838 2.137 0.038 0.043 0.004
532.1 2.01 1.908 1.939 1.437 3.409 0.639 0.01 6.838 2.137 0.038 0.043 0.004
532.2 2.01 1.908 1.939 1.437 3.409 0.639 0.01 6.838 2.137 0.038 0.043 0.004
532.3 2.01 1.908 1.939 1.437 3.409 0.639 0.01 6.838 2.137 0.038 0.044 0.004
532.4 2.01 1.908 1.939 1.437 3.409 0.639 0.01 6.838 2.137 0.038 0.044 0.004
532.5 2.01 1.908 1.939 1.437 3.409 0.639 0.01 6.838 2.137 0.039 0.044 0.004
532.6 2.01 1.908 1.939 1.437 3.409 0.639 0.01 6.838 2.137 0.039 0.044 0.004
532.7 2.01 1.908 1.939 1.437 3.409 0.639 0.01 6.838 2.137 0.039 0.044 0.004
532.8 2.01 1.908 1.939 1.437 3.409 0.639 0.01 6.838 2.137 0.039 0.044 0.004
532.9 2.01 1.908 1.939 1.437 3.409 0.639 0.01 6.838 2.137 0.039 0.045 0.004
533.0 2.01 1.908 1.939 1.437 3.409 0.639 0.01 6.838 2.137 0.039 0.045 0.004
533.1 2.01 1.908 1.939 1.437 3.409 0.639 0.01 6.838 2.137 0.039 0.045 0.004
533.2 2.01 1.908 1.939 1.437 3.409 0.639 0.01 6.838 2.137 0.04 0.045 0.004
533.3 2.01 1.908 1.939 1.437 3.409 0.639 0.01 6.838 2.137 0.04 0.045 0.004
533.4 2.01 1.908 1.939 1.437 3.409 0.639 0.01 6.838 2.137 0.04 0.045 0.004
533.5 2.01 1.908 1.939 1.437 3.409 0.639 0.01 6.838 2.137 0.04 0.045 0.004
533.6 2.01 1.908 1.939 1.437 3.409 0.639 0.01 6.838 2.137 0.04 0.046 0.004
533.7 2.01 1.908 1.939 1.437 3.409 0.639 0.01 6.838 2.137 0.04 0.046 0.004
533.8 2.01 1.908 1.939 1.437 3.409 0.639 0.01 6.838 2.137 0.04 0.046 0.004
533.9 2.01 1.908 1.939 1.437 3.409 0.639 0.01 6.838 2.137 0.041 0.046 0.004
534.0 2.01 1.908 1.939 1.437 3.409 0.639 0.01 6.838 2.137 0.041 0.046 0.004
534.1 2.01 1.908 1.939 1.437 3.409 0.639 0.01 6.838 2.137 0.041 0.046 0.004
534.2 2.01 1.908 1.939 1.437 3.409 0.639 0.01 6.838 2.137 0.041 0.047 0.004
534.3 2.01 1.908 1.939 1.437 3.409 0.639 0.01 6.838 2.137 0.041 0.047 0.004
534.4 2.01 1.908 1.939 1.437 3.409 0.639 0.01 6.838 2.137 0.041 0.047 0.004
534.5 2.01 1.908 1.939 1.437 3.409 0.639 0.01 6.838 2.137 0.041 0.047 0.004
534.6 2.01 1.908 1.939 1.437 3.409 0.639 0.01 6.838 2.137 0.042 0.047 0.004
534.7 2.01 1.908 1.939 1.437 3.409 0.639 0.01 6.838 2.137 0.042 0.048 0.004
534.8 2.01 1.908 1.939 1.437 3.409 0.639 0.01 6.838 2.137 0.042 0.048 0.004
534.9 2.01 1.908 1.939 1.437 3.409 0.639 0.01 6.838 2.137 0.042 0.048 0.004
535.0 2.01 1.908 1.939 1.437 3.409 0.639 0.01 6.838 2.137 0.042 0.048 0.004
535.1 2.01 1.908 1.939 1.437 3.409 0.639 0.01 6.838 2.137 0.042 0.048 0.004
535.2 2.01 1.908 1.939 1.437 3.409 0.639 0.01 6.838 2.137 0.043 0.048 0.004
535.3 2.01 1.908 1.939 1.437 3.409 0.639 0.01 6.838 2.137 0.043 0.049 0.005
535.4 2.01 1.908 1.939 1.437 3.409 0.639 0.01 6.838 2.137 0.043 0.049 0.005
535.5 2.01 1.908 1.939 1.437 3.409 0.639 0.01 6.838 2.137 0.043 0.049 0.005
535.6 2.01 1.908 1.939 1.437 3.409 0.639 0.01 6.838 2.137 0.043 0.049 0.005
535.7 2.01 1.908 1.939 1.437 3.409 0.639 0.01 6.838 2.137 0.043 0.049 0.005
535.8 2.01 1.908 1.939 1.437 3.409 0.639 0.01 6.838 2.137 0.044 0.05 0.005
535.9 2.01 1.908 1.939 1.437 3.409 0.639 0.01 6.838 2.137 0.044 0.05 0.005
536.0 2.01 1.908 1.939 1.437 3.409 0.639 0.01 6.838 2.137 0.044 0.05 0.005
536.1 2.01 1.908 1.939 1.437 3.409 0.639 0.01 6.838 2.137 0.044 0.05 0.005
536.2 2.01 1.908 1.939 1.437 3.409 0.639 0.01 6.838 2.137 0.044 0.05 0.005
536.3 2.01 1.908 1.939 1.437 3.409 0.639 0.01 6.838 2.137 0.044 0.05 0.005
536.4 2.01 1.908 1.939 1.437 3.409 0.639 0.01 6.838 2.137 0.045 0.051 0.005
536.5 2.01 1.908 1.939 1.437 3.409 0.639 0.01 6.838 2.137 0.045 0.051 0.005
536.6 2.01 1.908 1.939 1.437 3.409 0.639 0.01 6.838 2.137 0.045 0.051 0.005
536.7 2.01 1.908 1.939 1.437 3.409 0.639 0.01 6.838 2.137 0.045 0.051 0.005
536.8 2.01 1.908 1.939 1.437 3.409 0.639 0.01 6.838 2.137 0.045 0.051 0.005
536.9 2.01 1.908 1.939 1.437 3.409 0.639 0.01 6.838 2.137 0.045 0.052 0.005
537.0 2.01 1.908 1.939 1.437 3.409 0.639 0.01 6.838 2.137 0.046 0.052 0.005
537.1 2.01 1.908 1.939 1.437 3.409 0.639 0.01 6.838 2.137 0.046 0.052 0.005
537.2 2.01 1.908 1.939 1.437 3.409 0.639 0.01 6.838 2.137 0.046 0.052 0.005
537.3 2.01 1.908 1.939 1.437 3.409 0.639 0.01 6.838 2.137 0.046 0.053 0.005
537.4 2.01 1.908 1.939 1.437 3.409 0.639 0.01 6.838 2.137 0.046 0.053 0.005
537.5 2.01 1.908 1.939 1.437 3.409 0.639 0.01 6.838 2.137 0.047 0.053 0.005
537.6 2.01 1.908 1.939 1.437 3.409 0.639 0.01 6.838 2.137 0.047 0.053 0.005
537.7 2.01 1.908 1.939 1.437 3.409 0.639 0.01 6.838 2.137 0.047 0.053 0.005
537.8 2.01 1.908 1.939 1.437 3.409 0.639 0.01 6.838 2.137 0.047 0.054 0.005
537.9 2.01 1.908 1.939 1.437 3.409 0.639 0.01 6.838 2.137 0.047 0.054 0.005
538.0 2.01 1.908 1.939 1.437 3.409 0.639 0.01 6.838 2.137 0.048 0.054 0.006
538.1 2.01 1.908 1.939 1.437 3.409 0.639 0.01 6.838 2.137 0.048 0.054 0.006
538.2 2.01 1.908 1.939 1.437 3.409 0.639 0.01 6.838 2.137 0.048 0.055 0.006
538.3 2.01 1.908 1.939 1.437 3.409 0.639 0.01 6.838 2.137 0.048 0.055 0.006
538.4 2.01 1.908 1.939 1.437 3.409 0.639 0.01 6.838 2.137 0.048 0.055 0.006
538.5 2.01 1.908 1.939 1.437 3.409 0.639 0.01 6.838 2.137 0.049 0.055 0.006
538.6 2.01 1.908 1.939 1.437 3.409 0.639 0.01 6.838 2.137 0.049 0.055 0.006
538.7 2.01 1.908 1.939 1.437 3.409 0.639 0.01 6.838 2.137 0.049 0.056 0.006
538.8 2.01 1.908 1.939 1.437 3.409 0.639 0.01 6.838 2.137 0.049 0.056 0.006
538.9 2.01 1.908 1.939 1.437 3.409 0.639 0.01 6.838 2.137 0.049 0.056 0.006
539.0 2.01 1.908 1.939 1.437 3.409 0.639 0.01 6.838 2.137 0.05 0.056 0.006
539.1 2.01 1.908 1.939 1.437 3.409 0.639 0.01 6.838 2.137 0.05 0.057 0.006
539.2 2.01 1.908 1.939 1.437 3.409 0.639 0.01 6.838 2.137 0.05 0.057 0.006
539.3 2.01 1.908 1.939 1.437 3.409 0.639 0.01 6.838 2.137 0.05 0.057 0.006
539.4 2.01 1.908 1.939 1.437 3.409 0.639 0.01 6.838 2.137 0.05 0.057 0.006
539.5 2.01 1.908 1.939 1.437 3.409 0.639 0.01 6.838 2.137 0.051 0.058 0.006
539.6 2.01 1.908 1.939 1.437 3.409 0.639 0.01 6.838 2.137 0.051 0.058 0.006
539.7 2.01 1.908 1.939 1.437 3.409 0.639 0.01 6.838 2.137 0.051 0.058 0.006
539.8 2.01 1.908 1.939 1.437 3.409 0.639 0.01 6.838 2.137 0.051 0.058 0.006
539.9 2.01 1.908 1.939 1.437 3.409 0.639 0.01 6.838 2.137 0.052 0.059 0.006
540.0 2.01 1.908 1.939 1.437 3.409 0.639 0.01 6.838 2.137 0.052 0.059 0.006
540.1 2.01 1.908 1.939 1.437 3.409 0.639 0.01 6.838 2.137 0.052 0.059 0.007
540.2 2.01 1.908 1.939 1.437 3.409 0.639 0.01 6.838 2.137 0.052 0.059 0.007
540.3 2.01 1.908 1.939 1.437 3.409 0.639 0.01 6.838 2.137 0.053 0.06 0.007
540.4 2.01 1.908 1.939 1.437 3.409 0.639 0.01 6.838 2.137 0.053 0.06 0.007
540.5 2.01 1.908 1.939 1.437 3.409 0.639 0.01 6.838 2.137 0.053 0.06 0.007
540.6 2.01 1.908 1.939 1.437 3.409 0.639 0.01 6.838 2.137 0.053 0.06 0.007
540.7 2.01 1.908 1.939 1.437 3.409 0.639 0.01 6.838 2.137 0.053 0.061 0.007
540.8 2.01 1.908 1.939 1.437 3.409 0.639 0.01 6.838 2.137 0.054 0.061 0.007
540.9 2.01 1.908 1.939 1.437 3.409 0.639 0.01 6.838 2.137 0.054 0.061 0.007
541.0 2.01 1.908 1.939 1.437 3.409 0.639 0.01 6.838 2.137 0.054 0.062 0.007
541.1 2.01 1.908 1.939 1.437 3.409 0.639 0.01 6.838 2.137 0.054 0.062 0.007
541.2 2.01 1.908 1.939 1.437 3.409 0.639 0.01 6.838 2.137 0.055 0.062 0.007
541.3 2.01 1.908 1.939 1.437 3.409 0.639 0.01 6.838 2.137 0.055 0.062 0.007
541.4 2.01 1.908 1.939 1.437 3.409 0.639 0.01 6.838 2.137 0.055 0.063 0.007
541.5 2.01 1.908 1.939 1.437 3.409 0.639 0.01 6.838 2.137 0.055 0.063 0.007
541.6 2.01 1.908 1.939 1.437 3.409 0.639 0.01 6.838 2.137 0.056 0.063 0.007
541.7 2.01 1.908 1.939 1.437 3.409 0.639 0.01 6.838 2.137 0.056 0.064 0.008
541.8 2.01 1.908 1.939 1.437 3.409 0.639 0.01 6.838 2.137 0.056 0.064 0.008
541.9 2.01 1.908 1.939 1.437 3.409 0.639 0.01 6.838 2.137 0.057 0.064 0.008
542.0 2.01 1.908 1.939 1.437 3.409 0.639 0.01 6.838 2.137 0.057 0.065 0.008
542.1 2.01 1.908 1.939 1.437 3.409 0.639 0.01 6.838 2.137 0.057 0.065 0.008
542.2 2.01 1.908 1.939 1.437 3.409 0.639 0.01 6.838 2.137 0.057 0.065 0.008
542.3 2.01 1.908 1.939 1.437 3.409 0.639 0.01 6.838 2.137 0.058 0.065 0.008
542.4 2.01 1.908 1.939 1.437 3.409 0.639 0.01 6.838 2.137 0.058 0.066 0.008
542.5 2.01 1.908 1.939 1.437 3.409 0.639 0.01 6.838 2.137 0.058 0.066 0.008
542.6 2.01 1.908 1.939 1.437 3.409 0.639 0.01 6.838 2.137 0.058 0.066 0.008
542.7 2.01 1.908 1.939 1.437 3.409 0.639 0.01 6.838 2.137 0.059 0.067 0.008
542.8 2.01 1.908 1.939 1.437 3.409 0.639 0.01 6.838 2.137 0.059 0.067 0.008
542.9 2.01 1.908 1.939 1.437 3.409 0.639 0.01 6.838 2.137 0.059 0.067 0.008
543.0 2.01 1.908 1.939 1.437 3.409 0.639 0.01 6.838 2.137 0.06 0.068 0.008
543.1 2.01 1.908 1.939 1.437 3.409 0.639 0.01 6.838 2.137 0.06 0.068 0.009
543.2 2.01 1.908 1.939 1.437 3.409 0.639 0.01 6.838 2.137 0.06 0.068 0.009
543.3 2.01 1.908 1.939 1.437 3.409 0.639 0.01 6.838 2.137 0.061 0.069 0.009
543.4 2.01 1.908 1.939 1.437 3.409 0.639 0.01 6.838 2.137 0.061 0.069 0.009
543.5 2.01 1.908 1.939 1.437 3.409 0.639 0.01 6.838 2.137 0.061 0.069 0.009
543.6 2.01 1.908 1.939 1.437 3.409 0.639 0.01 6.838 2.137 0.061 0.07 0.009
543.7 2.01 1.908 1.939 1.437 3.409 0.639 0.01 6.838 2.137 0.062 0.07 0.009
543.8 2.01 1.908 1.939 1.437 3.409 0.639 0.01 6.838 2.137 0.062 0.071 0.009
543.9 2.01 1.908 1.939 1.437 3.409 0.639 0.01 6.838 2.137 0.062 0.071 0.009
544.0 2.01 1.908 1.939 1.437 3.409 0.639 0.01 6.838 2.137 0.063 0.071 0.009
544.1 2.01 1.908 1.939 1.437 3.409 0.639 0.01 6.838 2.137 0.063 0.072 0.009
544.2 2.01 1.908 1.939 1.437 3.409 0.639 0.01 6.838 2.137 0.063 0.072 0.009
544.3 2.01 1.908 1.939 1.437 3.409 0.639 0.01 6.838 2.137 0.064 0.072 0.01
544.4 2.01 1.908 1.939 1.437 3.409 0.639 0.01 6.838 2.137 0.064 0.073 0.01
544.5 2.01 1.908 1.939 1.437 3.409 0.639 0.01 6.838 2.137 0.064 0.073 0.01
544.6 2.01 1.908 1.939 1.437 3.409 0.639 0.01 6.838 2.137 0.065 0.073 0.01
544.7 2.01 1.908 1.939 1.437 3.409 0.639 0.01 6.838 2.137 0.065 0.074 0.01
544.8 2.01 1.908 1.939 1.437 3.409 0.639 0.01 6.838 2.137 0.065 0.074 0.01
544.9 2.01 1.908 1.939 1.437 3.409 0.639 0.01 6.838 2.137 0.066 0.075 0.01
545.0 2.01 1.908 1.939 1.437 3.409 0.639 0.01 6.838 2.137 0.066 0.075 0.01
545.1 2.01 1.908 1.939 1.437 3.409 0.639 0.01 6.838 2.137 0.066 0.075 0.01
545.2 2.01 1.908 1.939 1.437 3.409 0.639 0.01 6.838 2.137 0.067 0.076 0.01
545.3 2.01 1.908 1.939 1.437 3.409 0.639 0.01 6.838 2.137 0.067 0.076 0.011
545.4 2.01 1.908 1.939 1.437 3.409 0.639 0.01 6.838 2.137 0.068 0.077 0.011
545.5 2.01 1.908 1.939 1.437 3.409 0.639 0.01 6.838 2.137 0.068 0.077 0.011
545.6 2.01 1.908 1.939 1.437 3.409 0.639 0.01 6.838 2.137 0.068 0.078 0.011
545.7 2.01 1.908 1.939 1.437 3.409 0.639 0.01 6.838 2.137 0.069 0.078 0.011
545.8 2.01 1.908 1.939 1.437 3.409 0.639 0.01 6.838 2.137 0.069 0.078 0.011
545.9 2.01 1.908 1.939 1.437 3.409 0.639 0.01 6.838 2.137 0.069 0.079 0.011
546.0 2.01 1.908 1.939 1.437 3.409 0.639 0.01 6.838 2.137 0.07 0.079 0.011
546.1 2.01 1.908 1.939 1.437 3.409 0.639 0.01 6.838 2.137 0.07 0.08 0.011
546.2 2.01 1.908 1.939 1.437 3.409 0.639 0.01 6.838 2.137 0.071 0.08 0.012
546.3 2.01 1.908 1.939 1.437 3.409 0.639 0.01 6.838 2.137 0.071 0.081 0.012
546.4 2.01 1.908 1.939 1.437 3.409 0.639 0.01 6.838 2.137 0.071 0.081 0.012
546.5 2.01 1.908 1.939 1.437 3.409 0.639 0.01 6.838 2.137 0.072 0.082 0.012
546.6 2.01 1.908 1.939 1.437 3.409 0.639 0.01 6.838 2.137 0.072 0.082 0.012
546.7 2.01 1.908 1.939 1.437 3.409 0.639 0.01 6.838 2.137 0.073 0.082 0.012
546.8 2.01 1.908 1.939 1.437 3.409 0.639 0.01 6.838 2.137 0.073 0.083 0.012
546.9 2.01 1.908 1.939 1.437 3.409 0.639 0.01 6.838 2.137 0.073 0.083 0.012
547.0 2.01 1.908 1.939 1.437 3.409 0.639 0.01 6.838 2.137 0.074 0.084 0.013
547.1 2.01 1.908 1.939 1.437 3.409 0.639 0.01 6.838 2.137 0.074 0.084 0.013
547.2 2.01 1.908 1.939 1.437 3.409 0.639 0.01 6.838 2.137 0.075 0.085 0.013
547.3 2.01 1.908 1.939 1.437 3.409 0.639 0.01 6.838 2.137 0.075 0.085 0.013
547.4 2.01 1.908 1.939 1.437 3.409 0.639 0.01 6.838 2.137 0.076 0.086 0.013
547.5 2.01 1.908 1.939 1.437 3.409 0.639 0.01 6.838 2.137 0.076 0.086 0.013
547.6 2.01 1.908 1.939 1.437 3.409 0.639 0.01 6.838 2.137 0.076 0.087 0.013
547.7 2.01 1.908 1.939 1.437 3.409 0.639 0.01 6.838 2.137 0.077 0.087 0.014
547.8 2.01 1.908 1.939 1.437 3.409 0.639 0.01 6.838 2.137 0.077 0.088 0.014
547.9 2.01 1.908 1.939 1.437 3.409 0.639 0.01 6.838 2.137 0.078 0.088 0.014
548.0 2.01 1.908 1.939 1.437 3.409 0.639 0.01 6.838 2.137 0.078 0.089 0.014
548.1 2.01 1.908 1.939 1.437 3.409 0.639 0.01 6.838 2.137 0.079 0.09 0.014
548.2 2.01 1.908 1.939 1.437 3.409 0.639 0.01 6.838 2.137 0.079 0.09 0.014
548.3 2.01 1.908 1.939 1.437 3.409 0.639 0.01 6.838 2.137 0.08 0.091 0.014
548.4 2.01 1.908 1.939 1.437 3.409 0.639 0.01 6.838 2.137 0.08 0.091 0.015
548.5 2.01 1.908 1.939 1.437 3.409 0.639 0.01 6.838 2.137 0.081 0.092 0.015
548.6 2.01 1.908 1.939 1.437 3.409 0.639 0.01 6.838 2.137 0.081 0.092 0.015
548.7 2.01 1.908 1.939 1.437 3.409 0.639 0.01 6.838 2.137 0.082 0.093 0.015
548.8 2.01 1.908 1.939 1.437 3.409 0.639 0.01 6.838 2.137 0.082 0.093 0.015
548.9 2.01 1.908 1.939 1.437 3.409 0.639 0.01 6.838 2.137 0.083 0.094 0.015
549.0 2.01 1.908 1.939 1.437 3.409 0.639 0.01 6.838 2.137 0.083 0.095 0.016
549.1 2.01 1.908 1.939 1.437 3.409 0.639 0.01 6.838 2.137 0.084 0.095 0.016
549.2 2.01 1.908 1.939 1.437 3.409 0.639 0.01 6.838 2.137 0.084 0.096 0.016
549.3 2.01 1.908 1.939 1.437 3.409 0.639 0.01 6.838 2.137 0.085 0.096 0.016
549.4 2.01 1.908 1.939 1.437 3.409 0.639 0.01 6.838 2.137 0.085 0.097 0.016
549.5 2.01 1.908 1.939 1.437 3.409 0.639 0.01 6.838 2.137 0.086 0.098 0.017
549.6 2.01 1.908 1.939 1.437 3.409 0.639 0.01 6.838 2.137 0.087 0.098 0.017
549.7 2.01 1.908 1.939 1.437 3.409 0.639 0.01 6.838 2.137 0.087 0.099 0.017
549.8 2.01 1.908 1.939 1.437 3.409 0.639 0.01 6.838 2.137 0.088 0.1 0.017
549.9 2.01 1.908 1.939 1.437 3.409 0.639 0.01 6.838 2.137 0.088 0.1 0.017
550.0 2.01 1.908 1.939 1.437 3.409 0.639 0.01 6.838 2.137 0.089 0.101 0.018
550.1 2.01 1.908 1.939 1.437 3.409 0.639 0.01 6.838 2.137 0.089 0.102 0.018
550.2 2.01 1.908 1.939 1.437 3.409 0.639 0.01 6.838 2.137 0.09 0.102 0.018
550.3 2.01 1.908 1.939 1.437 3.409 0.639 0.01 6.838 2.137 0.091 0.103 0.018
550.4 2.01 1.908 1.939 1.437 3.409 0.639 0.01 6.838 2.137 0.091 0.104 0.018
550.5 2.01 1.908 1.939 1.437 3.409 0.639 0.01 6.838 2.137 0.092 0.104 0.019
550.6 2.01 1.908 1.939 1.437 3.409 0.639 0.01 6.838 2.137 0.093 0.105 0.019
550.7 2.01 1.908 1.939 1.437 3.409 0.639 0.01 6.838 2.137 0.093 0.106 0.019
550.8 2.01 1.908 1.939 1.437 3.409 0.639 0.01 6.838 2.137 0.094 0.106 0.019
550.9 2.01 1.908 1.939 1.437 3.409 0.639 0.01 6.838 2.137 0.094 0.107 0.02
551.0 2.01 1.908 1.939 1.437 3.409 0.639 0.01 6.838 2.137 0.095 0.108 0.02
551.1 2.01 1.908 1.939 1.437 3.409 0.639 0.01 6.838 2.137 0.096 0.109 0.02
551.2 2.01 1.908 1.939 1.437 3.409 0.639 0.01 6.838 2.137 0.096 0.109 0.02
551.3 2.01 1.908 1.939 1.437 3.409 0.639 0.01 6.838 2.137 0.097 0.11 0.021
551.4 2.01 1.908 1.939 1.437 3.409 0.639 0.01 6.838 2.137 0.098 0.111 0.021
551.5 2.01 1.908 1.939 1.437 3.409 0.639 0.01 6.838 2.137 0.098 0.112 0.021
551.6 2.01 1.908 1.939 1.437 3.409 0.639 0.01 6.838 2.137 0.099 0.113 0.021
551.7 2.01 1.908 1.939 1.437 3.409 0.639 0.01 6.838 2.137 0.1 0.113 0.022
551.8 2.01 1.908 1.939 1.437 3.409 0.639 0.01 6.838 2.137 0.101 0.114 0.022
551.9 2.01 1.908 1.939 1.437 3.409 0.639 0.01 6.838 2.137 0.101 0.115 0.022
552.0 2.01 1.908 1.939 1.437 3.409 0.639 0.01 6.838 2.137 0.102 0.116 0.023
552.1 2.01 1.908 1.939 1.437 3.409 0.639 0.01 6.838 2.137 0.103 0.117 0.023
552.2 2.01 1.908 1.939 1.437 3.409 0.639 0.01 6.838 2.137 0.104 0.117 0.023
552.3 2.01 1.908 1.939 1.437 3.409 0.639 0.01 6.838 2.137 0.104 0.118 0.023
552.4 2.01 1.908 1.939 1.437 3.409 0.639 0.01 6.838 2.137 0.105 0.119 0.024
552.5 2.01 1.908 1.939 1.437 3.409 0.639 0.01 6.838 2.137 0.106 0.12 0.024
552.6 2.01 1.908 1.939 1.437 3.409 0.639 0.01 6.838 2.137 0.107 0.121 0.024
552.7 2.01 1.908 1.939 1.437 3.409 0.639 0.01 6.838 2.137 0.107 0.122 0.025
552.8 2.01 1.908 1.939 1.437 3.409 0.639 0.01 6.838 2.137 0.108 0.123 0.025
552.9 2.01 1.908 1.939 1.437 3.409 0.639 0.01 6.838 2.137 0.109 0.124 0.025
553.0 2.01 1.908 1.939 1.437 3.409 0.639 0.01 6.838 2.137 0.11 0.125 0.026
553.1 2.01 1.908 1.939 1.437 3.409 0.639 0.01 6.838 2.137 0.111 0.126 0.026
553.2 2.01 1.908 1.939 1.437 3.409 0.639 0.01 6.838 2.137 0.112 0.127 0.026
553.3 2.01 1.908 1.939 1.437 3.409 0.639 0.01 6.838 2.137 0.112 0.127 0.027
553.4 2.01 1.908 1.939 1.437 3.409 0.639 0.01 6.838 2.137 0.113 0.128 0.027
553.5 2.01 1.908 1.939 1.437 3.409 0.639 0.01 6.838 2.137 0.114 0.129 0.027
553.6 2.01 1.908 1.939 1.437 3.409 0.639 0.01 6.838 2.137 0.115 0.13 0.028
553.7 2.01 1.908 1.939 1.437 3.409 0.639 0.01 6.838 2.137 0.116 0.131 0.028
553.8 2.01 1.908 1.939 1.437 3.409 0.639 0.01 6.838 2.137 0.117 0.133 0.029
553.9 2.01 1.908 1.939 1.437 3.409 0.639 0.01 6.838 2.137 0.118 0.134 0.029
554.0 2.01 1.908 1.939 1.437 3.409 0.639 0.01 6.838 2.137 0.119 0.135 0.029
554.1 2.01 1.908 1.939 1.437 3.409 0.639 0.01 6.838 2.137 0.12 0.136 0.03
554.2 2.01 1.908 1.939 1.437 3.409 0.639 0.01 6.838 2.137 0.121 0.137 0.03
554.3 2.01 1.908 1.939 1.437 3.409 0.639 0.01 6.838 2.137 0.122 0.138 0.031
554.4 2.01 1.908 1.939 1.437 3.409 0.639 0.01 6.838 2.137 0.123 0.139 0.031
554.5 2.01 1.908 1.939 1.437 3.409 0.639 0.01 6.838 2.137 0.124 0.14 0.032
554.6 2.01 1.908 1.939 1.437 3.409 0.639 0.01 6.838 2.137 0.125 0.141 0.032
554.7 2.01 1.908 1.939 1.437 3.409 0.639 0.01 6.838 2.137 0.126 0.142 0.032
554.8 2.01 1.908 1.939 1.437 3.409 0.639 0.01 6.838 2.137 0.127 0.144 0.033
554.9 2.01 1.908 1.939 1.437 3.409 0.639 0.01 6.838 2.137 0.128 0.145 0.033
555.0 2.01 1.908 1.939 1.437 3.409 0.639 0.01 6.838 2.137 0.129 0.146 0.034
555.1 2.01 1.908 1.939 1.437 3.409 0.639 0.01 6.838 2.137 0.13 0.147 0.034
555.2 2.01 1.908 1.939 1.437 3.409 0.639 0.01 6.838 2.137 0.131 0.148 0.035
555.3 2.01 1.908 1.939 1.437 3.409 0.639 0.01 6.838 2.137 0.132 0.15 0.035
555.4 2.01 1.908 1.939 1.437 3.409 0.639 0.01 6.838 2.137 0.133 0.151 0.036
555.5 2.01 1.908 1.939 1.437 3.409 0.639 0.01 6.838 2.137 0.134 0.152 0.036
555.6 2.01 1.908 1.939 1.437 3.409 0.639 0.01 6.838 2.137 0.135 0.153 0.037
555.7 2.01 1.908 1.939 1.437 3.409 0.639 0.01 6.838 2.137 0.137 0.155 0.037
555.8 2.01 1.908 1.939 1.437 3.409 0.639 0.01 6.838 2.137 0.138 0.156 0.038
555.9 2.01 1.908 1.939 1.437 3.409 0.639 0.01 6.838 2.137 0.139 0.157 0.039
556.0 2.01 1.908 1.939 1.437 3.409 0.639 0.01 6.838 2.137 0.14 0.159 0.039
556.1 2.01 1.908 1.939 1.437 3.409 0.639 0.01 6.838 2.137 0.141 0.16 0.04
556.2 2.01 1.908 1.939 1.437 3.409 0.639 0.01 6.838 2.137 0.143 0.162 0.04
556.3 2.01 1.908 1.939 1.437 3.409 0.639 0.01 6.838 2.137 0.144 0.163 0.041
556.4 2.01 1.908 1.939 1.437 3.409 0.639 0.01 6.838 2.137 0.145 0.164 0.042
556.5 2.01 1.908 1.939 1.437 3.409 0.639 0.01 6.838 2.137 0.146 0.166 0.042
556.6 2.01 1.908 1.939 1.437 3.409 0.639 0.01 6.838 2.137 0.148 0.167 0.043
556.7 2.01 1.908 1.939 1.437 3.409 0.639 0.01 6.838 2.137 0.149 0.169 0.043
556.8 2.01 1.908 1.939 1.437 3.409 0.639 0.01 6.838 2.137 0.15 0.17 0.044
556.9 2.01 1.908 1.939 1.437 3.409 0.639 0.01 6.838 2.137 0.152 0.172 0.045
557.0 2.01 1.908 1.939 1.437 3.409 0.639 0.01 6.838 2.137 0.153 0.174 0.045
557.1 2.01 1.908 1.939 1.437 3.409 0.639 0.01 6.838 2.137 0.155 0.175 0.046
557.2 2.01 1.908 1.939 1.437 3.409 0.639 0.01 6.838 2.137 0.156 0.177 0.047
557.3 2.01 1.908 1.939 1.437 3.409 0.639 0.01 6.838 2.137 0.157 0.178 0.048
557.4 2.01 1.908 1.939 1.437 3.409 0.639 0.01 6.838 2.137 0.159 0.18 0.048
557.5 2.01 1.908 1.939 1.437 3.409 0.639 0.01 6.838 2.137 0.16 0.182 0.049
557.6 2.01 1.908 1.939 1.437 3.409 0.639 0.01 6.838 2.137 0.162 0.183 0.05
557.7 2.01 1.908 1.939 1.437 3.409 0.639 0.01 6.838 2.137 0.163 0.185 0.051
557.8 2.01 1.908 1.939 1.437 3.409 0.639 0.01 6.838 2.137 0.165 0.187 0.051
557.9 2.01 1.908 1.939 1.437 3.409 0.639 0.01 6.838 2.137 0.167 0.189 0.052
558.0 2.01 1.908 1.939 1.437 3.409 0.639 0.01 6.838 2.137 0.168 0.191 0.053
558.1 2.01 1.908 1.939 1.437 3.409 0.639 0.01 6.838 2.137 0.17 0.192 0.054
558.2 2.01 1.908 1.939 1.437 3.409 0.639 0.01 6.838 2.137 0.171 0.194 0.055
558.3 2.01 1.908 1.939 1.437 3.409 0.639 0.01 6.838 2.137 0.173 0.196 0.056
558.4 2.01 1.908 1.939 1.437 3.409 0.639 0.01 6.838 2.137 0.175 0.198 0.057
558.5 2.01 1.908 1.939 1.437 3.409 0.639 0.01 6.838 2.137 0.176 0.2 0.057
558.6 2.01 1.908 1.939 1.437 3.409 0.639 0.01 6.838 2.137 0.178 0.202 0.058
558.7 2.01 1.908 1.939 1.437 3.409 0.639 0.01 6.838 2.137 0.18 0.204 0.059
558.8 2.01 1.908 1.939 1.437 3.409 0.639 0.01 6.838 2.137 0.182 0.206 0.06
558.9 2.01 1.908 1.939 1.437 3.409 0.639 0.01 6.838 2.137 0.184 0.208 0.061
559.0 2.01 1.908 1.939 1.437 3.409 0.639 0.01 6.838 2.137 0.185 0.21 0.062
559.1 2.01 1.908 1.939 1.437 3.409 0.639 0.01 6.838 2.137 0.187 0.212 0.063
559.2 2.01 1.908 1.939 1.437 3.409 0.639 0.01 6.838 2.137 0.189 0.214 0.064
559.3 2.01 1.908 1.939 1.437 3.409 0.639 0.01 6.838 2.137 0.191 0.216 0.065
559.4 2.01 1.908 1.939 1.437 3.409 0.639 0.01 6.838 2.137 0.193 0.219 0.066
559.5 2.01 1.908 1.939 1.437 3.409 0.639 0.01 6.838 2.137 0.195 0.221 0.068
559.6 2.01 1.908 1.939 1.437 3.409 0.639 0.01 6.838 2.137 0.197 0.223 0.069
559.7 2.01 1.908 1.939 1.437 3.409 0.639 0.01 6.838 2.137 0.199 0.225 0.07
559.8 2.01 1.908 1.939 1.437 3.409 0.639 0.01 6.838 2.137 0.201 0.228 0.071
559.9 2.01 1.908 1.939 1.437 3.409 0.639 0.01 6.838 2.137 0.203 0.23 0.072
560.0 2.01 1.908 1.939 1.437 3.409 0.639 0.01 6.838 2.137 0.205 0.233 0.073
560.1 2.01 1.908 1.939 1.437 3.409 0.639 0.01 6.838 2.137 0.208 0.235 0.075
560.2 2.01 1.908 1.939 1.437 3.409 0.639 0.01 6.838 2.137 0.21 0.238 0.076
560.3 2.01 1.908 1.939 1.437 3.409 0.639 0.01 6.838 2.137 0.212 0.24 0.077
560.4 2.01 1.908 1.939 1.437 3.409 0.639 0.01 6.838 2.137 0.214 0.243 0.078
560.5 2.01 1.908 1.939 1.437 3.409 0.639 0.01 6.838 2.137 0.217 0.245 0.08
560.6 2.01 1.908 1.939 1.437 3.409 0.639 0.01 6.838 2.137 0.219 0.248 0.081
560.7 2.01 1.908 1.939 1.437 3.409 0.639 0.01 6.838 2.137 0.221 0.25 0.082
560.8 2.01 1.908 1.939 1.437 3.409 0.639 0.01 6.838 2.137 0.224 0.253 0.084
560.9 2.01 1.908 1.939 1.437 3.409 0.639 0.01 6.838 2.137 0.226 0.256 0.085
561.0 2.01 1.908 1.939 1.437 3.409 0.639 0.01 6.838 2.137 0.229 0.259 0.087
561.1 2.01 1.908 1.939 1.437 3.409 0.639 0.01 6.838 2.137 0.231 0.262 0.088
561.2 2.01 1.908 1.939 1.437 3.409 0.639 0.01 6.838 2.137 0.234 0.264 0.09
561.3 2.01 1.908 1.939 1.437 3.409 0.639 0.01 6.838 2.137 0.236 0.267 0.091
561.4 2.01 1.908 1.939 1.437 3.409 0.639 0.01 6.838 2.137 0.239 0.27 0.093
561.5 2.01 1.908 1.939 1.437 3.409 0.639 0.01 6.838 2.137 0.241 0.273 0.094
561.6 2.01 1.908 1.939 1.437 3.409 0.639 0.01 6.838 2.137 0.244 0.276 0.096
561.7 2.01 1.908 1.939 1.437 3.409 0.639 0.01 6.838 2.137 0.247 0.28 0.098
561.8 2.01 1.908 1.939 1.437 3.409 0.639 0.01 6.838 2.137 0.25 0.283 0.099
561.9 2.01 1.908 1.939 1.437 3.409 0.639 0.01 6.838 2.137 0.253 0.286 0.101
562.0 2.01 1.908 1.939 1.437 3.409 0.639 0.01 6.838 2.137 0.255 0.289 0.103
562.1 2.01 1.908 1.939 1.437 3.409 0.639 0.01 6.838 2.137 0.258 0.292 0.105
562.2 2.01 1.908 1.939 1.437 3.409 0.639 0.01 6.838 2.137 0.261 0.296 0.106
562.3 2.01 1.908 1.939 1.437 3.409 0.639 0.01 6.838 2.137 0.264 0.299 0.108
562.4 2.01 1.908 1.939 1.437 3.409 0.639 0.01 6.838 2.137 0.267 0.303 0.11
562.5 2.01 1.908 1.939 1.437 3.409 0.639 0.01 6.838 2.137 0.27 0.306 0.112
562.6 2.01 1.908 1.939 1.437 3.409 0.639 0.01 6.838 2.137 0.274 0.31 0.114
562.7 2.01 1.908 1.939 1.437 3.409 0.639 0.01 6.838 2.137 0.277 0.313 0.116
562.8 2.01 1.908 1.939 1.437 3.409 0.639 0.01 6.838 2.137 0.28 0.317 0.118
562.9 2.01 1.908 1.939 1.437 3.409 0.639 0.01 6.838 2.137 0.283 0.321 0.12
563.0 2.01 1.908 1.939 1.437 3.409 0.639 0.01 6.838 2.137 0.287 0.324 0.122
563.1 2.01 1.908 1.939 1.437 3.409 0.639 0.01 6.838 2.137 0.29 0.328 0.124
563.2 2.01 1.908 1.939 1.437 3.409 0.639 0.01 6.838 2.137 0.293 0.332 0.127
563.3 2.01 1.908 1.939 1.437 3.409 0.639 0.01 6.838 2.137 0.297 0.336 0.129
563.4 2.01 1.908 1.939 1.437 3.409 0.639 0.01 6.838 2.137 0.301 0.34 0.131
563.5 2.01 1.908 1.939 1.437 3.409 0.639 0.01 6.838 2.137 0.304 0.344 0.133
563.6 2.01 1.908 1.939 1.437 3.409 0.639 0.01 6.838 2.137 0.308 0.348 0.136
563.7 2.01 1.908 1.939 1.437 3.409 0.639 0.01 6.838 2.137 0.311 0.352 0.138
563.8 2.01 1.908 1.939 1.437 3.409 0.639 0.01 6.838 2.137 0.315 0.357 0.14
563.9 2.01 1.908 1.939 1.437 3.409 0.639 0.01 6.838 2.137 0.319 0.361 0.143
564.0 2.01 1.908 1.939 1.437 3.409 0.639 0.01 6.838 2.137 0.323 0.365 0.145
564.1 2.01 1.908 1.939 1.437 3.409 0.639 0.01 6.838 2.137 0.327 0.37 0.148
564.2 2.01 1.908 1.939 1.437 3.409 0.639 0.01 6.838 2.137 0.331 0.374 0.151
564.3 2.01 1.908 1.939 1.437 3.409 0.639 0.01 6.838 2.137 0.335 0.379 0.153
564.4 2.01 1.908 1.939 1.437 3.409 0.639 0.01 6.838 2.137 0.339 0.383 0.156
564.5 2.01 1.908 1.939 1.437 3.409 0.639 0.01 6.838 2.137 0.343 0.388 0.159
564.6 2.01 1.908 1.939 1.437 3.409 0.639 0.01 6.838 2.137 0.347 0.393 0.161
564.7 2.01 1.908 1.939 1.437 3.409 0.639 0.01 6.838 2.137 0.352 0.398 0.164
564.8 2.01 1.908 1.939 1.437 3.409 0.639 0.01 6.838 2.137 0.356 0.403 0.167
564.9 2.01 1.908 1.939 1.437 3.409 0.639 0.01 6.838 2.137 0.36 0.408 0.17
565.0 2.01 1.908 1.939 1.437 3.409 0.639 0.01 6.838 2.137 0.365 0.413 0.173
565.1 2.01 1.908 1.939 1.437 3.409 0.639 0.01 6.838 2.137 0.369 0.418 0.176
565.2 2.01 1.908 1.939 1.437 3.409 0.639 0.01 6.838 2.137 0.374 0.423 0.179
565.3 2.01 1.908 1.939 1.437 3.409 0.639 0.01 6.838 2.137 0.379 0.428 0.182
565.4 2.01 1.908 1.939 1.437 3.409 0.639 0.01 6.838 2.137 0.384 0.434 0.185
565.5 2.01 1.908 1.939 1.437 3.409 0.639 0.01 6.838 2.137 0.388 0.439 0.188
565.6 2.01 1.908 1.939 1.437 3.409 0.639 0.01 6.838 2.137 0.393 0.445 0.192
565.7 2.01 1.908 1.939 1.437 3.409 0.639 0.01 6.838 2.137 0.398 0.45 0.195
565.8 2.01 1.908 1.939 1.437 3.409 0.639 0.01 6.838 2.137 0.403 0.456 0.198
565.9 2.01 1.908 1.939 1.437 3.409 0.639 0.01 6.838 2.137 0.408 0.462 0.202
566.0 2.01 1.908 1.939 1.437 3.409 0.639 0.01 6.838 2.137 0.413 0.467 0.205
566.1 2.01 1.908 1.939 1.437 3.409 0.639 0.01 6.838 2.137 0.419 0.473 0.209
566.2 2.01 1.908 1.939 1.437 3.409 0.639 0.01 6.838 2.137 0.424 0.479 0.212
566.3 2.01 1.908 1.939 1.437 3.409 0.639 0.01 6.838 2.137 0.429 0.485 0.216
566.4 2.01 1.908 1.939 1.437 3.409 0.639 0.01 6.838 2.137 0.435 0.492 0.22
566.5 2.01 1.908 1.939 1.437 3.409 0.639 0.01 6.838 2.137 0.44 0.498 0.224
566.6 2.01 1.908 1.939 1.437 3.409 0.639 0.01 6.838 2.137 0.446 0.504 0.227
566.7 2.01 1.908 1.939 1.437 3.409 0.639 0.01 6.838 2.137 0.452 0.511 0.231
566.8 2.01 1.908 1.939 1.437 3.409 0.639 0.01 6.838 2.137 0.457 0.517 0.235
566.9 2.01 1.908 1.939 1.437 3.409 0.639 0.01 6.838 2.137 0.463 0.524 0.239
567.0 2.01 1.908 1.939 1.437 3.409 0.639 0.01 6.838 2.137 0.469 0.53 0.243
567.1 2.01 1.908 1.939 1.437 3.409 0.639 0.01 6.838 2.137 0.475 0.537 0.247
567.2 2.01 1.908 1.939 1.437 3.409 0.639 0.01 6.838 2.137 0.481 0.544 0.252
567.3 2.01 1.908 1.939 1.437 3.409 0.639 0.01 6.838 2.137 0.487 0.551 0.256
567.4 2.01 1.908 1.939 1.437 3.409 0.639 0.01 6.838 2.137 0.493 0.558 0.26
567.5 2.01 1.908 1.939 1.437 3.409 0.639 0.01 6.838 2.137 0.5 0.565 0.264
567.6 2.01 1.908 1.939 1.437 3.409 0.639 0.01 6.838 2.137 0.506 0.572 0.269
567.7 2.01 1.908 1.939 1.437 3.409 0.639 0.01 6.838 2.137 0.512 0.579 0.273
567.8 2.01 1.908 1.939 1.437 3.409 0.639 0.01 6.838 2.137 0.519 0.587 0.278
567.9 2.01 1.908 1.939 1.437 3.409 0.639 0.01 6.838 2.137 0.526 0.594 0.282
568.0 2.01 1.908 1.939 1.437 3.409 0.639 0.01 6.838 2.137 0.532 0.602 0.287
568.1 2.01 1.908 1.939 1.437 3.409 0.639 0.01 6.838 2.137 0.539 0.609 0.292
568.2 2.01 1.908 1.939 1.437 3.409 0.639 0.01 6.838 2.137 0.546 0.617 0.297
568.3 2.01 1.908 1.939 1.437 3.409 0.639 0.01 6.838 2.137 0.553 0.625 0.301
568.4 2.01 1.908 1.939 1.437 3.409 0.639 0.01 6.838 2.137 0.56 0.633 0.306
568.5 2.01 1.908 1.939 1.437 3.409 0.639 0.01 6.838 2.137 0.567 0.641 0.311
568.6 2.01 1.908 1.939 1.437 3.409 0.639 0.01 6.838 2.137 0.574 0.649 0.316
568.7 2.01 1.908 1.939 1.437 3.409 0.639 0.01 6.838 2.137 0.581 0.657 0.321
568.8 2.01 1.908 1.939 1.437 3.409 0.639 0.01 6.838 2.137 0.589 0.665 0.326
568.9 2.01 1.908 1.939 1.437 3.409 0.639 0.01 6.838 2.137 0.596 0.674 0.332
569.0 2.01 1.908 1.939 1.437 3.409 0.639 0.01 6.838 2.137 0.603 0.682 0.337
569.1 2.01 1.908 1.939 1.437 3.409 0.639 0.01 6.838 2.137 0.611 0.691 0.342
569.2 2.01 1.908 1.939 1.437 3.409 0.639 0.01 6.838 2.137 0.619 0.699 0.348
569.3 2.01 1.908 1.939 1.437 3.409 0.639 0.01 6.838 2.137 0.626 0.708 0.353
569.4 2.01 1.908 1.939 1.437 3.409 0.639 0.01 6.838 2.137 0.634 0.717 0.359
569.5 2.01 1.908 1.939 1.437 3.409 0.639 0.01 6.838 2.137 0.642 0.726 0.364
569.6 2.01 1.908 1.939 1.437 3.409 0.639 0.01 6.838 2.137 0.65 0.735 0.37
569.7 2.01 1.908 1.939 1.437 3.409 0.639 0.01 6.838 2.137 0.658 0.744 0.375
569.8 2.01 1.908 1.939 1.437 3.409 0.639 0.01 6.838 2.137 0.666 0.753 0.381
569.9 2.01 1.908 1.939 1.437 3.409 0.639 0.01 6.838 2.137 0.674 0.762 0.387
570.0 2.01 1.908 1.939 1.437 3.409 0.639 0.01 6.838 2.137 0.683 0.772 0.393
570.1 2.01 1.908 1.939 1.437 3.409 0.639 0.01 6.838 2.137 0.691 0.781 0.399
570.2 2.01 1.908 1.939 1.437 3.409 0.639 0.01 6.838 2.137 0.699 0.791 0.405
570.3 2.01 1.908 1.939 1.437 3.409 0.639 0.01 6.838 2.137 0.708 0.8 0.411
570.4 2.01 1.908 1.939 1.437 3.409 0.639 0.01 6.838 2.137 0.716 0.81 0.417
570.5 2.01 1.908 1.939 1.437 3.409 0.639 0.01 6.838 2.137 0.725 0.82 0.423
570.6 2.01 1.908 1.939 1.437 3.409 0.639 0.01 6.838 2.137 0.734 0.83 0.429
570.7 2.01 1.908 1.939 1.437 3.409 0.639 0.01 6.838 2.137 0.742 0.84 0.436
570.8 2.01 1.908 1.939 1.437 3.409 0.639 0.01 6.838 2.137 0.751 0.85 0.442
570.9 2.01 1.908 1.939 1.437 3.409 0.639 0.01 6.838 2.137 0.76 0.86 0.448
571.0 2.01 1.908 1.939 1.437 3.409 0.639 0.01 6.838 2.137 0.769 0.87 0.455
571.1 2.01 1.908 1.939 1.437 3.409 0.639 0.01 6.838 2.137 0.778 0.88 0.461
571.2 2.01 1.908 1.939 1.437 3.409 0.639 0.01 6.838 2.137 0.787 0.891 0.468
571.3 2.01 1.908 1.939 1.437 3.409 0.639 0.01 6.838 2.137 0.796 0.901 0.474
571.4 2.01 1.908 1.939 1.437 3.409 0.639 0.01 6.838 2.137 0.806 0.911 0.481
571.5 2.01 1.908 1.939 1.437 3.409 0.639 0.01 6.838 2.137 0.815 0.922 0.487
571.6 2.01 1.908 1.939 1.437 3.409 0.639 0.01 6.838 2.137 0.824 0.933 0.494
571.7 2.01 1.908 1.939 1.437 3.409 0.639 0.01 6.838 2.137 0.834 0.943 0.501
571.8 2.01 1.908 1.939 1.437 3.409 0.639 0.01 6.838 2.137 0.843 0.954 0.508
571.9 2.01 1.908 1.939 1.437 3.409 0.639 0.01 6.838 2.137 0.853 0.965 0.515
572.0 2.01 1.908 1.939 1.437 3.409 0.639 0.01 6.838 2.137 0.862 0.976 0.521
572.1 2.01 1.908 1.939 1.437 3.409 0.639 0.01 6.838 2.137 0.872 0.987 0.528
572.2 2.01 1.908 1.939 1.437 3.409 0.639 0.01 6.838 2.137 0.882 0.998 0.535
572.3 2.01 1.908 1.939 1.437 3.409 0.639 0.01 6.838 2.137 0.891 1.009 0.542
572.4 2.01 1.908 1.939 1.437 3.409 0.639 0.01 6.838 2.137 0.901 1.02 0.549
572.5 2.01 1.908 1.939 1.437 3.409 0.639 0.01 6.838 2.137 0.911 1.031 0.556
572.6 2.01 1.908 1.939 1.437 3.409 0.639 0.01 6.838 2.137 0.921 1.042 0.564
572.7 2.01 1.908 1.939 1.437 3.409 0.639 0.01 6.838 2.137 0.931 1.053 0.571
572.8 2.01 1.908 1.939 1.437 3.409 0.639 0.01 6.838 2.137 0.941 1.065 0.578
572.9 2.01 1.908 1.939 1.437 3.409 0.639 0.01 6.838 2.137 0.951 1.076 0.585
573.0 2.01 1.908 1.939 1.437 3.409 0.639 0.01 6.838 2.137 0.961 1.087 0.592
573.1 2.01 1.908 1.939 1.437 3.409 0.639 0.01 6.838 2.137 0.971 1.099 0.6
573.2 2.01 1.908 1.939 1.437 3.409 0.639 0.01 6.838 2.137 0.981 1.11 0.607
573.3 2.01 1.908 1.939 1.437 3.409 0.639 0.01 6.838 2.137 0.991 1.122 0.614
573.4 2.01 1.908 1.939 1.437 3.409 0.639 0.01 6.838 2.137 1.001 1.133 0.622
573.5 2.01 1.908 1.939 1.437 3.409 0.639 0.01 6.838 2.137 1.011 1.145 0.629
573.6 2.01 1.908 1.939 1.437 3.409 0.639 0.01 6.838 2.137 1.022 1.157 0.636
573.7 2.01 1.908 1.939 1.437 3.409 0.639 0.01 6.838 2.137 1.032 1.168 0.644
573.8 2.01 1.908 1.939 1.437 3.409 0.639 0.01 6.838 2.137 1.042 1.18 0.651
573.9 2.01 1.908 1.939 1.437 3.409 0.639 0.01 6.838 2.137 1.052 1.192 0.659
574.0 2.01 1.908 1.939 1.437 3.409 0.639 0.01 6.838 2.137 1.063 1.203 0.666
574.1 2.01 1.908 1.939 1.437 3.409 0.639 0.01 6.838 2.137 1.073 1.215 0.673
574.2 2.01 1.908 1.939 1.437 3.409 0.639 0.01 6.838 2.137 1.083 1.227 0.681
574.3 2.01 1.908 1.939 1.437 3.409 0.639 0.01 6.838 2.137 1.093 1.238 0.688
574.4 2.01 1.908 1.939 1.437 3.409 0.639 0.01 6.838 2.137 1.104 1.25 0.696
574.5 2.01 1.908 1.939 1.437 3.409 0.639 0.01 6.838 2.137 1.114 1.262 0.703
574.6 2.01 1.908 1.939 1.437 3.409 0.639 0.01 6.838 2.137 1.124 1.274 0.711
574.7 2.01 1.908 1.939 1.437 3.409 0.639 0.01 6.838 2.137 1.135 1.285 0.718
574.8 2.01 1.908 1.939 1.437 3.409 0.639 0.01 6.838 2.137 1.145 1.297 0.726
574.9 2.01 1.908 1.939 1.437 3.409 0.639 0.01 6.838 2.137 1.155 1.309 0.733
575.0 2.01 1.908 1.939 1.437 3.409 0.639 0.01 6.838 2.137 1.166 1.321 0.741
575.1 2.01 1.908 1.939 1.437 3.409 0.639 0.01 6.838 2.137 1.176 1.333 0.748
575.2 2.01 1.908 1.939 1.437 3.409 0.639 0.01 6.838 2.137 1.186 1.344 0.756
575.3 2.01 1.908 1.939 1.437 3.409 0.639 0.01 6.838 2.137 1.197 1.356 0.763
575.4 2.01 1.908 1.939 1.437 3.409 0.639 0.01 6.838 2.137 1.207 1.368 0.771
575.5 2.01 1.908 1.939 1.437 3.409 0.639 0.01 6.838 2.137 1.217 1.379 0.778
575.6 2.01 1.908 1.939 1.437 3.409 0.639 0.01 6.838 2.137 1.227 1.391 0.786
575.7 2.01 1.908 1.939 1.437 3.409 0.639 0.01 6.838 2.137 1.237 1.403 0.793
575.8 2.01 1.908 1.939 1.437 3.409 0.639 0.01 6.838 2.137 1.248 1.414 0.8
575.9 2.01 1.908 1.939 1.437 3.409 0.639 0.01 6.838 2.137 1.258 1.426 0.808
576.0 2.01 1.908 1.939 1.437 3.409 0.639 0.01 6.838 2.137 1.268 1.437 0.815
576.1 2.01 1.908 1.939 1.437 3.409 0.639 0.01 6.838 2.137 1.278 1.449 0.823
576.2 2.01 1.908 1.939 1.437 3.409 0.639 0.01 6.838 2.137 1.288 1.46 0.83
576.3 2.01 1.908 1.939 1.437 3.409 0.639 0.01 6.838 2.137 1.298 1.472 0.837
576.4 2.01 1.908 1.939 1.437 3.409 0.639 0.01 6.838 2.137 1.308 1.483 0.844
576.5 2.01 1.908 1.939 1.437 3.409 0.639 0.01 6.838 2.137 1.318 1.495 0.852
576.6 2.01 1.908 1.939 1.437 3.409 0.639 0.01 6.838 2.137 1.328 1.506 0.859
576.7 2.01 1.908 1.939 1.437 3.409 0.639 0.01 6.838 2.137 1.338 1.517 0.866
576.8 2.01 1.908 1.939 1.437 3.409 0.639 0.01 6.838 2.137 1.348 1.528 0.873
576.9 2.01 1.908 1.939 1.437 3.409 0.639 0.01 6.838 2.137 1.357 1.54 0.88
577.0 2.01 1.908 1.939 1.437 3.409 0.639 0.01 6.838 2.137 1.367 1.551 0.887
577.1 2.01 1.908 1.939 1.437 3.409 0.639 0.01 6.838 2.137 1.377 1.562 0.895
577.2 2.01 1.908 1.939 1.437 3.409 0.639 0.01 6.838 2.137 1.386 1.573 0.902
577.3 2.01 1.908 1.939 1.437 3.409 0.639 0.01 6.838 2.137 1.396 1.584 0.909
577.4 2.01 1.908 1.939 1.437 3.409 0.639 0.01 6.838 2.137 1.405 1.595 0.915
577.5 2.01 1.908 1.939 1.437 3.409 0.639 0.01 6.838 2.137 1.415 1.605 0.922
577.6 2.01 1.908 1.939 1.437 3.409 0.639 0.01 6.838 2.137 1.424 1.616 0.929
577.7 2.01 1.908 1.939 1.437 3.409 0.639 0.01 6.838 2.137 1.434 1.627 0.936
577.8 2.01 1.908 1.939 1.437 3.409 0.639 0.01 6.838 2.137 1.443 1.637 0.943
577.9 2.01 1.908 1.939 1.437 3.409 0.639 0.01 6.838 2.137 1.452 1.648 0.95
578.0 2.01 1.908 1.939 1.437 3.409 0.639 0.01 6.838 2.137 1.461 1.659 0.956
578.1 2.01 1.908 1.939 1.437 3.409 0.639 0.01 6.838 2.137 1.47 1.669 0.963
578.2 2.01 1.908 1.939 1.437 3.409 0.639 0.01 6.838 2.137 1.479 1.679 0.969
578.3 2.01 1.908 1.939 1.437 3.409 0.639 0.01 6.838 2.137 1.488 1.689 0.976
578.4 2.01 1.908 1.939 1.437 3.409 0.639 0.01 6.838 2.137 1.497 1.7 0.983
578.5 2.01 1.908 1.939 1.437 3.409 0.639 0.01 6.838 2.137 1.506 1.71 0.989
578.6 2.01 1.908 1.939 1.437 3.409 0.639 0.01 6.838 2.137 1.515 1.72 0.995
578.7 2.01 1.908 1.939 1.437 3.409 0.639 0.01 6.838 2.137 1.523 1.73 1.002
578.8 2.01 1.908 1.939 1.437 3.409 0.639 0.01 6.838 2.137 1.532 1.74 1.008
578.9 2.01 1.908 1.939 1.437 3.409 0.639 0.01 6.838 2.137 1.54 1.749 1.014
579.0 2.01 1.908 1.939 1.437 3.409 0.639 0.01 6.838 2.137 1.549 1.759 1.02
579.1 2.01 1.908 1.939 1.437 3.409 0.639 0.01 6.838 2.137 1.557 1.769 1.027
579.2 2.01 1.908 1.939 1.437 3.409 0.639 0.01 6.838 2.137 1.566 1.778 1.033
579.3 2.01 1.908 1.939 1.437 3.409 0.639 0.01 6.838 2.137 1.574 1.788 1.039
579.4 2.01 1.908 1.939 1.437 3.409 0.639 0.01 6.838 2.137 1.582 1.797 1.045
579.5 2.01 1.908 1.939 1.437 3.409 0.639 0.01 6.838 2.137 1.59 1.806 1.05
579.6 2.01 1.908 1.939 1.437 3.409 0.639 0.01 6.838 2.137 1.598 1.815 1.056
579.7 2.01 1.908 1.939 1.437 3.409 0.639 0.01 6.838 2.137 1.606 1.824 1.062
579.8 2.01 1.908 1.939 1.437 3.409 0.639 0.01 6.838 2.137 1.614 1.833 1.068
579.9 2.01 1.908 1.939 1.437 3.409 0.639 0.01 6.838 2.137 1.621 1.842 1.073
580.0 2.01 1.908 1.939 1.437 3.409 0.639 0.01 6.838 2.137 1.629 1.851 1.079
580.1 2.01 1.908 1.939 1.437 3.409 0.639 0.01 6.838 2.137 1.637 1.86 1.085
580.2 2.01 1.908 1.939 1.437 3.409 0.639 0.01 6.838 2.137 1.644 1.868 1.09
580.3 2.01 1.908 1.939 1.437 3.409 0.639 0.01 6.838 2.137 1.651 1.877 1.095
580.4 2.01 1.908 1.939 1.437 3.409 0.639 0.01 6.838 2.137 1.659 1.885 1.101
580.5 2.01 1.908 1.939 1.437 3.409 0.639 0.01 6.838 2.137 1.666 1.893 1.106
580.6 2.01 1.908 1.939 1.437 3.409 0.639 0.01 6.838 2.137 1.673 1.902 1.111
580.7 2.01 1.908 1.939 1.437 3.409 0.639 0.01 6.838 2.137 1.68 1.91 1.117
580.8 2.01 1.908 1.939 1.437 3.409 0.639 0.01 6.838 2.137 1.687 1.918 1.122
580.9 2.01 1.908 1.939 1.437 3.409 0.639 0.01 6.838 2.137 1.694 1.926 1.127
581.0 2.01 1.908 1.939 1.437 3.409 0.639 0.01 6.838 2.137 1.701 1.934 1.132
581.1 2.01 1.908 1.939 1.437 3.409 0.639 0.01 6.838 2.137 1.708 1.941 1.137
581.2 2.01 1.908 1.939 1.437 3.409 0.639 0.01 6.838 2.137 1.714 1.949 1.142
581.3 2.01 1.908 1.939 1.437 3.409 0.639 0.01 6.838 2.137 1.721 1.957 1.146
581.4 2.01 1.908 1.939 1.437 3.409 0.639 0.01 6.838 2.137 1.727 1.964 1.151
581.5 2.01 1.908 1.939 1.437 3.409 0.639 0.01 6.838 2.137 1.734 1.971 1.156
581.6 2.01 1.908 1.939 1.437 3.409 0.639 0.01 6.838 2.137 1.74 1.979 1.16
581.7 2.01 1.908 1.939 1.437 3.409 0.639 0.01 6.838 2.137 1.746 1.986 1.165
581.8 2.01 1.908 1.939 1.437 3.409 0.639 0.01 6.838 2.137 1.752 1.993 1.17
581.9 2.01 1.908 1.939 1.437 3.409 0.639 0.01 6.838 2.137 1.758 2.0 1.174
582.0 2.01 1.908 1.939 1.437 3.409 0.639 0.01 6.838 2.137 1.764 2.007 1.178
582.1 2.01 1.908 1.939 1.437 3.409 0.639 0.01 6.838 2.137 1.77 2.014 1.183
582.2 2.01 1.908 1.939 1.437 3.409 0.639 0.01 6.838 2.137 1.776 2.02 1.187
582.3 2.01 1.908 1.939 1.437 3.409 0.639 0.01 6.838 2.137 1.782 2.027 1.191
582.4 2.01 1.908 1.939 1.437 3.409 0.639 0.01 6.838 2.137 1.788 2.033 1.195
582.5 2.01 1.908 1.939 1.437 3.409 0.639 0.01 6.838 2.137 1.793 2.04 1.2
582.6 2.01 1.908 1.939 1.437 3.409 0.639 0.01 6.838 2.137 1.799 2.046 1.204
582.7 2.01 1.908 1.939 1.437 3.409 0.639 0.01 6.838 2.137 1.804 2.052 1.208
582.8 2.01 1.908 1.939 1.437 3.409 0.639 0.01 6.838 2.137 1.809 2.059 1.211
582.9 2.01 1.908 1.939 1.437 3.409 0.639 0.01 6.838 2.137 1.815 2.065 1.215
583.0 2.01 1.908 1.939 1.437 3.409 0.639 0.01 6.838 2.137 1.82 2.071 1.219
583.1 2.01 1.908 1.939 1.437 3.409 0.639 0.01 6.838 2.137 1.825 2.077 1.223
583.2 2.01 1.908 1.939 1.437 3.409 0.639 0.01 6.838 2.137 1.83 2.082 1.227
583.3 2.01 1.908 1.939 1.437 3.409 0.639 0.01 6.838 2.137 1.835 2.088 1.23
583.4 2.01 1.908 1.939 1.437 3.409 0.639 0.01 6.838 2.137 1.84 2.094 1.234
583.5 2.01 1.908 1.939 1.437 3.409 0.639 0.01 6.838 2.137 1.845 2.099 1.237
583.6 2.01 1.908 1.939 1.437 3.409 0.639 0.01 6.838 2.137 1.849 2.105 1.241
583.7 2.01 1.908 1.939 1.437 3.409 0.639 0.01 6.838 2.137 1.854 2.11 1.244
583.8 2.01 1.908 1.939 1.437 3.409 0.639 0.01 6.838 2.137 1.859 2.115 1.248
583.9 2.01 1.908 1.939 1.437 3.409 0.639 0.01 6.838 2.137 1.863 2.121 1.251
584.0 2.01 1.908 1.939 1.437 3.409 0.639 0.01 6.838 2.137 1.868 2.126 1.254
584.1 2.01 1.908 1.939 1.437 3.409 0.639 0.01 6.838 2.137 1.872 2.131 1.258
584.2 2.01 1.908 1.939 1.437 3.409 0.639 0.01 6.838 2.137 1.876 2.136 1.261
584.3 2.01 1.908 1.939 1.437 3.409 0.639 0.01 6.838 2.137 1.881 2.141 1.264
584.4 2.01 1.908 1.939 1.437 3.409 0.639 0.01 6.838 2.137 1.885 2.146 1.267
584.5 2.01 1.908 1.939 1.437 3.409 0.639 0.01 6.838 2.137 1.889 2.15 1.27
584.6 2.01 1.908 1.939 1.437 3.409 0.639 0.01 6.838 2.137 1.893 2.155 1.273
584.7 2.01 1.908 1.939 1.437 3.409 0.639 0.01 6.838 2.137 1.897 2.16 1.276
584.8 2.01 1.908 1.939 1.437 3.409 0.639 0.01 6.838 2.137 1.901 2.164 1.279
584.9 2.01 1.908 1.939 1.437 3.409 0.639 0.01 6.838 2.137 1.905 2.168 1.282
585.0 2.01 1.908 1.939 1.437 3.409 0.639 0.01 6.838 2.137 1.908 2.173 1.284
585.1 2.01 1.908 1.939 1.437 3.409 0.639 0.01 6.838 2.137 1.912 2.177 1.287
585.2 2.01 1.908 1.939 1.437 3.409 0.639 0.01 6.838 2.137 1.916 2.181 1.29
585.3 2.01 1.908 1.939 1.437 3.409 0.639 0.01 6.838 2.137 1.919 2.186 1.292
585.4 2.01 1.908 1.939 1.437 3.409 0.639 0.01 6.838 2.137 1.923 2.19 1.295
585.5 2.01 1.908 1.939 1.437 3.409 0.639 0.01 6.838 2.137 1.926 2.194 1.298
585.6 2.01 1.908 1.939 1.437 3.409 0.639 0.01 6.838 2.137 1.93 2.198 1.3
585.7 2.01 1.908 1.939 1.437 3.409 0.639 0.01 6.838 2.137 1.933 2.201 1.303
585.8 2.01 1.908 1.939 1.437 3.409 0.639 0.01 6.838 2.137 1.936 2.205 1.305
585.9 2.01 1.908 1.939 1.437 3.409 0.639 0.01 6.838 2.137 1.94 2.209 1.307
586.0 2.01 1.908 1.939 1.437 3.409 0.639 0.01 6.838 2.137 1.943 2.213 1.31
586.1 2.01 1.908 1.939 1.437 3.409 0.639 0.01 6.838 2.137 1.946 2.216 1.312
586.2 2.01 1.908 1.939 1.437 3.409 0.639 0.01 6.838 2.137 1.949 2.22 1.314
586.3 2.01 1.908 1.939 1.437 3.409 0.639 0.01 6.838 2.137 1.952 2.223 1.316
586.4 2.01 1.908 1.939 1.437 3.409 0.639 0.01 6.838 2.137 1.955 2.227 1.319
586.5 2.01 1.908 1.939 1.437 3.409 0.639 0.01 6.838 2.137 1.958 2.23 1.321
586.6 2.01 1.908 1.939 1.437 3.409 0.639 0.01 6.838 2.137 1.961 2.233 1.323
586.7 2.01 1.908 1.939 1.437 3.409 0.639 0.01 6.838 2.137 1.964 2.237 1.325
586.8 2.01 1.908 1.939 1.437 3.409 0.639 0.01 6.838 2.137 1.966 2.24 1.327
586.9 2.01 1.908 1.939 1.437 3.409 0.639 0.01 6.838 2.137 1.969 2.243 1.329
587.0 2.01 1.908 1.939 1.437 3.409 0.639 0.01 6.838 2.137 1.972 2.246 1.331
587.1 2.01 1.908 1.939 1.437 3.409 0.639 0.01 6.838 2.137 1.974 2.249 1.333
587.2 2.01 1.908 1.939 1.437 3.409 0.639 0.01 6.838 2.137 1.977 2.252 1.335
587.3 2.01 1.908 1.939 1.437 3.409 0.639 0.01 6.838 2.137 1.979 2.255 1.337
587.4 2.01 1.908 1.939 1.437 3.409 0.639 0.01 6.838 2.137 1.982 2.258 1.338
587.5 2.01 1.908 1.939 1.437 3.409 0.639 0.01 6.838 2.137 1.984 2.261 1.34
587.6 2.01 1.908 1.939 1.437 3.409 0.639 0.01 6.838 2.137 1.987 2.263 1.342
587.7 2.01 1.908 1.939 1.437 3.409 0.639 0.01 6.838 2.137 1.989 2.266 1.344
587.8 2.01 1.908 1.939 1.437 3.409 0.639 0.01 6.838 2.137 1.991 2.269 1.345
587.9 2.01 1.908 1.939 1.437 3.409 0.639 0.01 6.838 2.137 1.994 2.271 1.347
588.0 2.01 1.908 1.939 1.437 3.409 0.639 0.01 6.838 2.137 1.996 2.274 1.349
588.1 2.01 1.908 1.939 1.437 3.409 0.639 0.01 6.838 2.137 1.998 2.277 1.35
588.2 2.01 1.908 1.939 1.437 3.409 0.639 0.01 6.838 2.137 2.0 2.279 1.352
588.3 2.01 1.908 1.939 1.437 3.409 0.639 0.01 6.838 2.137 2.002 2.281 1.353
588.4 2.01 1.908 1.939 1.437 3.409 0.639 0.01 6.838 2.137 2.004 2.284 1.355
588.5 2.01 1.908 1.939 1.437 3.409 0.639 0.01 6.838 2.137 2.006 2.286 1.356
588.6 2.01 1.908 1.939 1.437 3.409 0.639 0.01 6.838 2.137 2.008 2.288 1.358
588.7 2.01 1.908 1.939 1.437 3.409 0.639 0.01 6.838 2.137 2.01 2.291 1.359
588.8 2.01 1.908 1.939 1.437 3.409 0.639 0.01 6.838 2.137 2.012 2.293 1.361
588.9 2.01 1.908 1.939 1.437 3.409 0.639 0.01 6.838 2.137 2.014 2.295 1.362
589.0 2.01 1.908 1.939 1.437 3.409 0.639 0.01 6.838 2.137 2.016 2.297 1.363
589.1 2.01 1.908 1.939 1.437 3.409 0.639 0.01 6.838 2.137 2.018 2.299 1.365
589.2 2.01 1.908 1.939 1.437 3.409 0.639 0.01 6.838 2.137 2.019 2.301 1.366
589.3 2.01 1.908 1.939 1.437 3.409 0.639 0.01 6.838 2.137 2.021 2.303 1.367
589.4 2.01 1.908 1.939 1.437 3.409 0.639 0.01 6.838 2.137 2.023 2.305 1.369
589.5 2.01 1.908 1.939 1.437 3.409 0.639 0.01 6.838 2.137 2.025 2.307 1.37
589.6 2.01 1.908 1.939 1.437 3.409 0.639 0.01 6.838 2.137 2.026 2.309 1.371
589.7 2.01 1.908 1.939 1.437 3.409 0.639 0.01 6.838 2.137 2.028 2.311 1.372
589.8 2.01 1.908 1.939 1.437 3.409 0.639 0.01 6.838 2.137 2.029 2.313 1.373
589.9 2.01 1.908 1.939 1.437 3.409 0.639 0.01 6.838 2.137 2.031 2.315 1.375
590.0 2.01 1.908 1.939 1.437 3.409 0.639 0.01 6.838 2.137 2.032 2.316 1.376
590.1 2.01 1.908 1.939 1.437 3.409 0.639 0.01 6.838 2.137 2.034 2.318 1.377
590.2 2.01 1.908 1.939 1.437 3.409 0.639 0.01 6.838 2.137 2.035 2.32 1.378
590.3 2.01 1.908 1.939 1.437 3.409 0.639 0.01 6.838 2.137 2.037 2.321 1.379
590.4 2.01 1.908 1.939 1.437 3.409 0.639 0.01 6.838 2.137 2.038 2.323 1.38
590.5 2.01 1.908 1.939 1.437 3.409 0.639 0.01 6.838 2.137 2.04 2.325 1.381
590.6 2.01 1.908 1.939 1.437 3.409 0.639 0.01 6.838 2.137 2.041 2.326 1.382
590.7 2.01 1.908 1.939 1.437 3.409 0.639 0.01 6.838 2.137 2.042 2.328 1.383
590.8 2.01 1.908 1.939 1.437 3.409 0.639 0.01 6.838 2.137 2.043 2.329 1.384
590.9 2.01 1.908 1.939 1.437 3.409 0.639 0.01 6.838 2.137 2.045 2.331 1.385
591.0 2.01 1.908 1.939 1.437 3.409 0.639 0.01 6.838 2.137 2.046 2.332 1.386
591.1 2.01 1.908 1.939 1.437 3.409 0.639 0.01 6.838 2.137 2.047 2.333 1.387
591.2 2.01 1.908 1.939 1.437 3.409 0.639 0.01 6.838 2.137 2.048 2.335 1.387
591.3 2.01 1.908 1.939 1.437 3.409 0.639 0.01 6.838 2.137 2.05 2.336 1.388
591.4 2.01 1.908 1.939 1.437 3.409 0.639 0.01 6.838 2.137 2.051 2.338 1.389
591.5 2.01 1.908 1.939 1.437 3.409 0.639 0.01 6.838 2.137 2.052 2.339 1.39
591.6 2.01 1.908 1.939 1.437 3.409 0.639 0.01 6.838 2.137 2.053 2.34 1.391
591.7 2.01 1.908 1.939 1.437 3.409 0.639 0.01 6.838 2.137 2.054 2.341 1.392
591.8 2.01 1.908 1.939 1.437 3.409 0.639 0.01 6.838 2.137 2.055 2.343 1.392
591.9 2.01 1.908 1.939 1.437 3.409 0.639 0.01 6.838 2.137 2.056 2.344 1.393
592.0 2.01 1.908 1.939 1.437 3.409 0.639 0.01 6.838 2.137 2.057 2.345 1.394
592.1 2.01 1.908 1.939 1.437 3.409 0.639 0.01 6.838 2.137 2.058 2.346 1.395
592.2 2.01 1.908 1.939 1.437 3.409 0.639 0.01 6.838 2.137 2.059 2.347 1.395
592.3 2.01 1.908 1.939 1.437 3.409 0.639 0.01 6.838 2.137 2.06 2.348 1.396
592.4 2.01 1.908 1.939 1.437 3.409 0.639 0.01 6.838 2.137 2.061 2.349 1.397
592.5 2.01 1.908 1.939 1.437 3.409 0.639 0.01 6.838 2.137 2.062 2.351 1.397
592.6 2.01 1.908 1.939 1.437 3.409 0.639 0.01 6.838 2.137 2.063 2.352 1.398
592.7 2.01 1.908 1.939 1.437 3.409 0.639 0.01 6.838 2.137 2.064 2.353 1.399
592.8 2.01 1.908 1.939 1.437 3.409 0.639 0.01 6.838 2.137 2.065 2.354 1.399
592.9 2.01 1.908 1.939 1.437 3.409 0.639 0.01 6.838 2.137 2.065 2.355 1.4
593.0 2.01 1.908 1.939 1.437 3.409 0.639 0.01 6.838 2.137 2.066 2.356 1.401
593.1 2.01 1.908 1.939 1.437 3.409 0.639 0.01 6.838 2.137 2.067 2.357 1.401
593.2 2.01 1.908 1.939 1.437 3.409 0.639 0.01 6.838 2.137 2.068 2.357 1.402
593.3 2.01 1.908 1.939 1.437 3.409 0.639 0.01 6.838 2.137 2.069 2.358 1.402
593.4 2.01 1.908 1.939 1.437 3.409 0.639 0.01 6.838 2.137 2.069 2.359 1.403
593.5 2.01 1.908 1.939 1.437 3.409 0.639 0.01 6.838 2.137 2.07 2.36 1.404
593.6 2.01 1.908 1.939 1.437 3.409 0.639 0.01 6.838 2.137 2.071 2.361 1.404
593.7 2.01 1.908 1.939 1.437 3.409 0.639 0.01 6.838 2.137 2.072 2.362 1.405
593.8 2.01 1.908 1.939 1.437 3.409 0.639 0.01 6.838 2.137 2.072 2.363 1.405
593.9 2.01 1.908 1.939 1.437 3.409 0.639 0.01 6.838 2.137 2.073 2.363 1.406
594.0 2.01 1.908 1.939 1.437 3.409 0.639 0.01 6.838 2.137 2.074 2.364 1.406
594.1 2.01 1.908 1.939 1.437 3.409 0.639 0.01 6.838 2.137 2.074 2.365 1.407
594.2 2.01 1.908 1.939 1.437 3.409 0.639 0.01 6.838 2.137 2.075 2.366 1.407
594.3 2.01 1.908 1.939 1.437 3.409 0.639 0.01 6.838 2.137 2.076 2.366 1.408
594.4 2.01 1.908 1.939 1.437 3.409 0.639 0.01 6.838 2.137 2.076 2.367 1.408
594.5 2.01 1.908 1.939 1.437 3.409 0.639 0.01 6.838 2.137 2.077 2.368 1.409
594.6 2.01 1.908 1.939 1.437 3.409 0.639 0.01 6.838 2.137 2.078 2.369 1.409
594.7 2.01 1.908 1.939 1.437 3.409 0.639 0.01 6.838 2.137 2.078 2.369 1.409
594.8 2.01 1.908 1.939 1.437 3.409 0.639 0.01 6.838 2.137 2.079 2.37 1.41
594.9 2.01 1.908 1.939 1.437 3.409 0.639 0.01 6.838 2.137 2.079 2.371 1.41
595.0 2.01 1.908 1.939 1.437 3.409 0.639 0.01 6.838 2.137 2.08 2.371 1.411
595.1 2.01 1.908 1.939 1.437 3.409 0.639 0.01 6.838 2.137 2.08 2.372 1.411
595.2 2.01 1.908 1.939 1.437 3.409 0.639 0.01 6.838 2.137 2.081 2.373 1.411
595.3 2.01 1.908 1.939 1.437 3.409 0.639 0.01 6.838 2.137 2.081 2.373 1.412
595.4 2.01 1.908 1.939 1.437 3.409 0.639 0.01 6.838 2.137 2.082 2.374 1.412
595.5 2.01 1.908 1.939 1.437 3.409 0.639 0.01 6.838 2.137 2.082 2.374 1.413
595.6 2.01 1.908 1.939 1.437 3.409 0.639 0.01 6.838 2.137 2.083 2.375 1.413
595.7 2.01 1.908 1.939 1.437 3.409 0.639 0.01 6.838 2.137 2.083 2.375 1.413
595.8 2.01 1.908 1.939 1.437 3.409 0.639 0.01 6.838 2.137 2.084 2.376 1.414
595.9 2.01 1.908 1.939 1.437 3.409 0.639 0.01 6.838 2.137 2.084 2.377 1.414
596.0 2.01 1.908 1.939 1.437 3.409 0.639 0.01 6.838 2.137 2.085 2.377 1.414
596.1 2.01 1.908 1.939 1.437 3.409 0.639 0.01 6.838 2.137 2.085 2.378 1.415
596.2 2.01 1.908 1.939 1.437 3.409 0.639 0.01 6.838 2.137 2.086 2.378 1.415
596.3 2.01 1.908 1.939 1.437 3.409 0.639 0.01 6.838 2.137 2.086 2.379 1.415
596.4 2.01 1.908 1.939 1.437 3.409 0.639 0.01 6.838 2.137 2.087 2.379 1.416
596.5 2.01 1.908 1.939 1.437 3.409 0.639 0.01 6.838 2.137 2.087 2.379 1.416
596.6 2.01 1.908 1.939 1.437 3.409 0.639 0.01 6.838 2.137 2.087 2.38 1.416
596.7 2.01 1.908 1.939 1.437 3.409 0.639 0.01 6.838 2.137 2.088 2.38 1.416
596.8 2.01 1.908 1.939 1.437 3.409 0.639 0.01 6.838 2.137 2.088 2.381 1.417
596.9 2.01 1.908 1.939 1.437 3.409 0.639 0.01 6.838 2.137 2.088 2.381 1.417
597.0 2.01 1.908 1.939 1.437 3.409 0.639 0.01 6.838 2.137 2.089 2.382 1.417
597.1 2.01 1.908 1.939 1.437 3.409 0.639 0.01 6.838 2.137 2.089 2.382 1.418
597.2 2.01 1.908 1.939 1.437 3.409 0.639 0.01 6.838 2.137 2.09 2.383 1.418
597.3 2.01 1.908 1.939 1.437 3.409 0.639 0.01 6.838 2.137 2.09 2.383 1.418
597.4 2.01 1.908 1.939 1.437 3.409 0.639 0.01 6.838 2.137 2.09 2.383 1.418
597.5 2.01 1.908 1.939 1.437 3.409 0.639 0.01 6.838 2.137 2.091 2.384 1.419
597.6 2.01 1.908 1.939 1.437 3.409 0.639 0.01 6.838 2.137 2.091 2.384 1.419
597.7 2.01 1.908 1.939 1.437 3.409 0.639 0.01 6.838 2.137 2.091 2.384 1.419
597.8 2.01 1.908 1.939 1.437 3.409 0.639 0.01 6.838 2.137 2.092 2.385 1.419
597.9 2.01 1.908 1.939 1.437 3.409 0.639 0.01 6.838 2.137 2.092 2.385 1.419
598.0 2.01 1.908 1.939 1.437 3.409 0.639 0.01 6.838 2.137 2.092 2.386 1.42
598.1 2.01 1.908 1.939 1.437 3.409 0.639 0.01 6.838 2.137 2.092 2.386 1.42
598.2 2.01 1.908 1.939 1.437 3.409 0.639 0.01 6.838 2.137 2.093 2.386 1.42
598.3 2.01 1.908 1.939 1.437 3.409 0.639 0.01 6.838 2.137 2.093 2.387 1.42
598.4 2.01 1.908 1.939 1.437 3.409 0.639 0.01 6.838 2.137 2.093 2.387 1.421
598.5 2.01 1.908 1.939 1.437 3.409 0.639 0.01 6.838 2.137 2.094 2.387 1.421
598.6 2.01 1.908 1.939 1.437 3.409 0.639 0.01 6.838 2.137 2.094 2.387 1.421
598.7 2.01 1.908 1.939 1.437 3.409 0.639 0.01 6.838 2.137 2.094 2.388 1.421
598.8 2.01 1.908 1.939 1.437 3.409 0.639 0.01 6.838 2.137 2.094 2.388 1.421
598.9 2.01 1.908 1.939 1.437 3.409 0.639 0.01 6.838 2.137 2.095 2.388 1.422
599.0 2.01 1.908 1.939 1.437 3.409 0.639 0.01 6.838 2.137 2.095 2.389 1.422
599.1 2.01 1.908 1.939 1.437 3.409 0.639 0.01 6.838 2.137 2.095 2.389 1.422
599.2 2.01 1.908 1.939 1.437 3.409 0.639 0.01 6.838 2.137 2.095 2.389 1.422
599.3 2.01 1.908 1.939 1.437 3.409 0.639 0.01 6.838 2.137 2.095 2.389 1.422
599.4 2.01 1.908 1.939 1.437 3.409 0.639 0.01 6.838 2.137 2.096 2.39 1.422
599.5 2.01 1.908 1.939 1.437 3.409 0.639 0.01 6.838 2.137 2.096 2.39 1.423
599.6 2.01 1.908 1.939 1.437 3.409 0.639 0.01 6.838 2.137 2.096 2.39 1.423
599.7 2.01 1.908 1.939 1.437 3.409 0.639 0.01 6.838 2.137 2.096 2.39 1.423
599.8 2.01 1.908 1.939 1.437 3.409 0.639 0.01 6.838 2.137 2.097 2.391 1.423
599.9 2.01 1.908 1.939 1.437 3.409 0.639 0.01 6.838 2.137 2.097 2.391 1.423
