0.0 0.0
0.1 0.0
0.2 0.0
0.3 0.0
0.4 0.0
0.5 0.0
0.6 0.0
0.7 0.0
0.8 0.0
0.9 0.0
1.0 0.0
1.1 0.0
1.2 0.0
1.3 0.0
1.4 0.0
1.5 0.001
1.6 0.001
1.7 0.001
1.8 0.001
1.9 0.001
2.0 0.001
2.1 0.001
2.2 0.001
2.3 0.001
2.4 0.001
2.5 0.001
2.6 0.001
2.7 0.001
2.8 0.001
2.9 0.001
3.0 0.001
3.1 0.001
3.2 0.001
3.3 0.001
3.4 0.001
3.5 0.001
3.6 0.001
3.7 0.001
3.8 0.001
3.9 0.001
4.0 0.001
4.1 0.002
4.2 0.002
4.3 0.002
4.4 0.002
4.5 0.002
4.6 0.002
4.7 0.002
4.8 0.002
4.9 0.002
5.0 0.002
5.1 0.002
5.2 0.003
5.3 0.003
5.4 0.003
5.5 0.003
5.6 0.003
5.7 0.003
5.8 0.003
5.9 0.004
6.0 0.004
6.1 0.004
6.2 0.004
6.3 0.004
6.4 0.004
6.5 0.005
6.6 0.005
6.7 0.005
6.8 0.005
6.9 0.006
7.0 0.006
7.1 0.006
7.2 0.006
7.3 0.007
7.4 0.007
7.5 0.007
7.6 0.008
7.7 0.008
7.8 0.009
7.9 0.009
8.0 0.009
8.1 0.01
8.2 0.01
8.3 0.011
8.4 0.011
8.5 0.012
8.6 0.013
8.7 0.013
8.8 0.014
8.9 0.014
9.0 0.015
9.1 0.016
9.2 0.017
9.3 0.017
9.4 0.018
9.5 0.019
9.6 0.02
9.7 0.021
9.8 0.022
9.9 0.023
10.0 0.024
10.1 0.026
10.2 0.027
10.3 0.028
10.4 0.029
10.5 0.031
10.6 0.032
10.7 0.034
10.8 0.036
10.9 0.037
11.0 0.039
11.1 0.041
11.2 0.043
11.3 0.045
11.4 0.048
11.5 0.05
11.6 0.052
11.7 0.055
11.8 0.058
11.9 0.06
12.0 0.063
12.1 0.066
12.2 0.07
12.3 0.073
12.4 0.077
12.5 0.08
12.6 0.084
12.7 0.089
12.8 0.093
12.9 0.097
13.0 0.102
13.1 0.107
13.2 0.112
13.3 0.118
13.4 0.124
13.5 0.13
13.6 0.136
13.7 0.143
13.8 0.15
13.9 0.157
14.0 0.165
14.1 0.173
14.2 0.182
14.3 0.19
14.4 0.2
14.5 0.21
14.6 0.22
14.7 0.231
14.8 0.242
14.9 0.254
15.0 0.266
15.1 0.279
15.2 0.293
15.3 0.307
15.4 0.323
15.5 0.338
15.6 0.355
15.7 0.372
15.8 0.391
15.9 0.41
16.0 0.43
16.1 0.451
16.2 0.473
16.3 0.496
16.4 0.521
16.5 0.546
16.6 0.573
16.7 0.601
16.8 0.631
16.9 0.662
17.0 0.694
17.1 0.728
17.2 0.764
17.3 0.801
17.4 0.841
17.5 0.882
17.6 0.925
17.7 0.971
17.8 1.018
17.9 1.068
18.0 1.121
18.1 1.176
18.2 1.233
18.3 1.294
18.4 1.358
18.5 1.424
18.6 1.494
18.7 1.567
18.8 1.644
18.9 1.725
19.0 1.81
19.1 1.898
19.2 1.992
19.3 2.089
19.4 2.192
19.5 2.299
19.6 2.412
19.7 2.531
19.8 2.655
19.9 2.785
20.0 2.922
20.1 3.065
20.2 3.216
20.3 3.374
20.4 3.539
20.5 3.713
20.6 3.895
20.7 4.086
20.8 4.287
20.9 4.497
21.0 4.718
21.1 4.95
21.2 5.192
21.3 5.447
21.4 5.715
21.5 5.995
21.6 6.289
21.7 6.598
21.8 6.922
21.9 7.262
22.0 7.618
22.1 7.992
22.2 8.384
22.3 8.796
22.4 9.227
22.5 9.68
22.6 10.155
22.7 10.654
22.8 11.177
22.9 11.725
23.0 12.301
23.1 12.904
23.2 13.538
23.3 14.202
23.4 14.899
23.5 15.631
23.6 16.398
23.7 17.203
23.8 18.047
23.9 18.933
24.0 19.862
24.1 20.837
24.2 21.859
24.3 22.932
24.4 24.058
24.5 25.239
24.6 26.477
24.7 27.777
24.8 29.14
24.9 30.57
25.0 32.071
25.1 33.645
25.2 35.296
25.3 37.029
25.4 38.846
25.5 40.753
25.6 42.753
25.7 44.851
25.8 47.053
25.9 49.362
26.0 51.785
26.1 54.326
26.2 56.993
26.3 59.79
26.4 62.724
26.5 65.803
26.6 69.033
26.7 72.421
26.8 75.975
26.9 79.704
27.0 83.616
27.1 87.72
27.2 92.026
27.3 96.542
27.4 101.281
27.5 106.252
27.6 111.467
27.7 116.938
27.8 122.677
27.9 128.698
28.0 135.015
28.1 141.642
28.2 148.593
28.3 155.887
28.4 163.538
28.5 171.564
28.6 179.985
28.7 188.819
28.8 198.086
28.9 207.808
29.0 218.008
29.1 228.708
29.2 239.933
29.3 251.709
29.4 264.063
29.5 277.024
29.6 290.62
29.7 304.884
29.8 319.848
29.9 335.547
30.0 352.016
30.1 369.293
30.2 387.419
30.3 406.433
30.4 426.382
30.5 447.309
30.6 469.263
30.7 492.295
30.8 516.458
30.9 541.806
31.0 568.398
31.1 596.296
31.2 625.563
31.3 656.266
31.4 688.476
31.5 722.267
31.6 757.717
31.7 794.907
31.8 833.922
31.9 874.851
32.0 917.79
32.1 962.836
32.2 1010.093
32.3 1059.669
32.4 1111.679
32.5 1166.242
32.6 1223.482
32.7 1283.532
32.8 1346.529
32.9 1412.618
33.0 1481.951
33.1 1554.686
33.2 1630.992
33.3 1711.043
33.4 1795.023
33.5 1883.124
33.6 1975.55
33.7 2072.512
33.8 2174.233
33.9 2280.947
34.0 2392.899
34.1 2510.345
34.2 2633.555
34.3 2762.813
34.4 2898.414
34.5 3040.672
34.6 3189.911
34.7 3346.475
34.8 3510.724
34.9 3683.034
35.0 3863.801
35.1 4053.441
35.2 4252.388
35.3 4461.1
35.4 4680.055
35.5 4909.758
35.6 5150.734
35.7 5403.537
35.8 5668.749
35.9 5946.977
36.0 6238.861
36.1 6545.071
36.2 6866.31
36.3 7203.316
36.4 7556.862
36.5 7927.761
36.6 8316.864
36.7 8725.065
36.8 9153.3
36.9 9602.554
37.0 10073.858
37.1 10568.294
37.2 11086.997
37.3 11631.159
37.4 12202.028
37.5 12800.917
37.6 13429.2
37.7 14088.319
37.8 14779.789
37.9 15505.197
38.0 16266.209
38.1 17064.572
38.2 17902.119
38.3 18780.774
38.4 19702.555
38.5 20669.577
38.6 21684.062
38.7 22748.34
38.8 23864.852
38.9 25036.165
39.0 26264.967
39.1 27554.08
39.2 28906.463
39.3 30325.224
39.4 31813.618
39.5 33375.065
39.6 35013.149
39.7 36731.631
39.8 38534.459
39.9 40425.772
40.0 42409.912
40.1 44491.436
40.2 46675.124
40.3 48965.989
40.4 51369.292
40.5 53890.552
40.6 56535.558
40.7 59310.384
40.8 62221.401
40.9 65275.295
41.0 68479.076
41.1 71840.103
41.2 75366.092
41.3 79065.141
41.4 82945.742
41.5 87016.809
41.6 91287.687
41.7 95768.184
41.8 100468.59
41.9 105399.696
42.0 110572.826
42.1 115999.859
42.2 121693.257
42.3 127666.092
42.4 133932.081
42.5 140505.611
42.6 147401.777
42.7 154636.415
42.8 162226.136
42.9 170188.369
43.0 178541.397
43.1 187304.4
43.2 196497.501
43.3 206141.809
43.4 216259.47
43.5 226873.717
43.6 238008.923
43.7 249690.656
43.8 261945.741
43.9 274802.32
44.0 288289.912
44.1 302439.49
44.2 317283.545
44.3 332856.162
44.4 349193.1
44.5 366331.872
44.6 384311.833
44.7 403174.27
44.8 422962.496
44.9 443721.949
45.0 465500.299
45.1 488347.553
45.2 512316.175
45.3 537461.203
45.4 563840.375
45.5 591514.266
45.6 620546.421
45.7 651003.505
45.8 682955.456
45.9 716475.642
46.0 751641.036
46.1 788532.384
46.2 827234.4
46.3 867835.952
46.4 910430.272
46.5 955115.167
46.6 1001993.244
46.7 1051172.148
46.8 1102764.805
46.9 1156889.685
47.0 1213671.072
47.1 1273239.35
47.2 1335731.304
47.3 1401290.43
47.4 1470067.268
47.5 1542219.747
47.6 1617913.547
47.7 1697322.48
47.8 1780628.889
47.9 1868024.066
48.0 1959708.691
48.1 2055893.297
48.2 2156798.746
48.3 2262656.743
48.4 2373710.364
48.5 2490214.616
48.6 2612437.022
48.7 2740658.234
48.8 2875172.681
48.9 3016289.242
49.0 3164331.955
49.1 3319640.763
49.2 3482572.294
49.3 3653500.679
49.4 3832818.413
49.5 4020937.254
49.6 4218289.169
49.7 4425327.328
49.8 4642527.142
49.9 4870387.356
50.0 5109431.194
50.1 5360207.56
50.2 5623292.3
50.3 5899289.52
50.4 6188832.98
50.5 6492587.544
50.6 6811250.708
50.7 7145554.203
50.8 7496265.671
50.9 7864190.434
51.0 8250173.34
51.1 8655100.701
51.2 9079902.331
51.3 9525553.681
51.4 9993078.078
51.5 10483549.074
51.6 10998092.913
51.7 11537891.115
51.8 12104183.192
51.9 12698269.493
52.0 13321514.186
52.1 13975348.398
52.2 14661273.494
52.3 15380864.531
52.4 16135773.867
52.5 16927734.964
52.6 17758566.362
52.7 18630175.856
52.8 19544564.879
52.9 20503833.097
53.0 21510183.229
53.1 22565926.105
53.2 23673485.974
53.3 24835406.07
53.4 26054354.451
53.5 27333130.127
53.6 28674669.485
53.7 30082053.034
53.8 31558512.479
53.9 33107438.137
54.0 34732386.729
54.1 36437089.542
54.2 38225460.998
54.3 40101607.644
54.4 42069837.581
54.5 44134670.355
54.6 46300847.338
54.7 48573342.612
54.8 50957374.392
54.9 53458417.01
55.0 56082213.484
55.1 58834788.705
55.2 61722463.271
55.3 64751868.004
55.4 67929959.172
55.5 71264034.465
55.6 74761749.751
55.7 78431136.657
55.8 82280621.01
55.9 86319042.186
56.0 90555673.407
56.1 95000243.034
56.2 99662956.909
56.3 104554521.784
56.4 109686169.912
56.5 115069684.838
56.6 120717428.453
56.7 126642369.385
56.8 132858112.777
56.9 139378931.524
57.0 146219799.053
57.1 153396423.702
57.2 160925284.789
57.3 168823670.458
57.4 177109717.372
57.5 185802452.36
57.6 194921836.11
57.7 204488809.0
57.8 214525339.186
57.9 225054473.044
58.0 236100388.091
58.1 247688448.502
58.2 259845263.353
58.3 272598747.723
58.4 285978186.792
58.5 300014303.088
58.6 314739327.034
58.7 330187070.957
58.8 346393006.729
58.9 363394347.219
59.0 381230131.745
59.1 399941315.716
59.2 419570864.675
59.3 440163852.962
59.4 461767567.213
59.5 484431614.943
59.6 508208038.456
59.7 533151434.35
59.8 559319078.882
59.9 586771059.488
60.0 615570412.762
60.1 645783269.2
60.2 677479005.053
60.3 710730401.636
60.4 745613812.445
60.5 782209338.491
60.6 820601012.226
60.7 860876990.507
60.8 903129757.023
60.9 947456334.662
61.0 993958508.299
61.1 1042743058.52
61.2 1093922006.818
61.3 1147612872.819
61.4 1203938944.14
61.5 1263029559.486
61.6 1325020405.644
61.7 1390053829.055
61.8 1458279162.676
61.9 1529853068.884
62.0 1604939899.217
62.1 1683712071.759
62.2 1766350467.061
62.3 1853044843.486
62.4 1943994272.938
62.5 2039407597.988
62.6 2139503911.42
62.7 2244513059.331
62.8 2354676168.909
62.9 2470246202.122
63.0 2591488536.586
63.1 2718681574.933
63.2 2852117384.094
63.3 2992102365.962
63.4 3138957960.96
63.5 3293021386.153
63.6 3454646409.583
63.7 3624204162.606
63.8 3802083992.103
63.9 3988694354.517
64.0 4184463753.773
64.1 4389841725.228
64.2 4605299867.917
64.3 4831332927.461
64.4 5068459932.127
64.5 5317225384.647
64.6 5578200512.531
64.7 5851984579.749
64.8 6139206262.789
64.9 6440525094.254
65.0 6756632977.318
65.1 7088255774.504
65.2 7436154974.446
65.3 7801129440.457
65.4 8184017244.921
65.5 8585697593.711
65.6 9007092845.07
65.7 9449170627.573
65.8 9912946062.041
65.9 10399484092.519
66.0 10909901931.645
66.1 11445371626.053
66.2 12007122747.685
66.3 12596445217.191
66.4 13214692265.913
66.5 13863283543.237
66.6 14543708376.467
66.7 15257529190.688
66.8 16006385096.483
66.9 16791995653.746
67.0 17616164820.211
67.1 18480785093.796
67.2 19387841858.247
67.3 20339417942.077
67.4 21337698401.253
67.5 22384975536.637
67.6 23483654157.677
67.7 24636257104.449
67.8 25845431040.726
67.9 27113952531.381
68.0 28444734418.07
68.1 29840832507.842
68.2 31305452590.037
68.3 32841957797.576
68.4 34453876329.55
68.5 36144909552.851
68.6 37918940501.429
68.7 39780042792.706
68.8 41732489981.62
68.9 43780765373.77
69.0 45929572320.206
69.1 48183845017.495
69.2 50548759837.866
69.3 53029747215.452
69.4 55632504115.919
69.5 58363007118.125
69.6 61227526137.829
69.7 64232638824.984
69.8 67385245667.663
69.9 70692585837.297
70.0 74162253811.621
70.1 77802216813.484
70.2 81620833105.586
70.3 85626871183.127
70.4 89829529908.462
70.5 94238459633.982
70.6 98863784361.729
70.7 103716124990.629
70.8 108806623704.725
70.9 114146969558.411
71.0 119749425317.413
71.1 125626855617.158
71.2 131792756503.186
71.3 138261286421.435
71.4 145047298729.562
71.5 152166375803.958
71.6 159634864820.769
71.7 167469915293.09
71.8 175689518450.519
71.9 184312548551.512
72.0 193358806223.384
72.1 202849063929.486
72.2 212805113667.963
72.3 223249817011.612
72.4 234207157603.757
72.5 245702296230.676
72.6 257761628597.035
72.7 270412845937.011
72.8 283684998600.273
72.9 297608562758.822
73.0 312215510387.889
73.1 327539382681.557
73.2 343615367071.709
73.3 360480378027.145
73.4 378173141818.406
73.5 396734285442.952
73.6 416206429914.873
73.7 436634288133.369
73.8 458064767554.714
73.9 480547077903.474
74.0 504132844170.306
74.1 528876225155.804
74.2 554834037832.618
74.3 582065887811.386
74.4 610634306210.077
74.5 640604893241.038
74.6 672046468845.43
74.7 705031230720.98
74.8 739634920105.898
74.9 775936995699.64
75.0 814020816119.906
75.1 853973831314.8
75.2 895887783369.726
75.3 939858917170.091
75.4 985988201403.558
75.5 1034381560409.33
75.6 1085150117406.851
75.7 1138410449662.422
75.8 1194284856179.674
75.9 1252901638528.578
76.0 1314395395457.844
76.1 1378907331967.204
76.2 1446585583549.312
76.3 1517585556345.766
76.4 1592070283998.361
76.5 1670210802014.986
76.6 1752186540509.801
76.7 1838185736219.514
76.8 1928405864741.876
76.9 2023054093988.886
77.0 2122347759895.98
77.1 2226514865479.534
77.2 2335794604388.639
77.3 2450437910153.369
77.4 2570708032390.736
77.5 2696881141291.446
77.6 2829246961775.536
77.7 2968109438773.022
77.8 3113787435157.257
77.9 3266615463933.592
78.0 3426944456364.654
78.1 3595142567796.028
78.2 3771596023032.74
78.3 3956710003207.703
78.4 4150909576178.649
78.5 4354640672589.906
78.6 4568371109840.369
78.7 4792591666308.891
78.8 5027817208303.817
78.9 5274587872324.429
79.0 5533470305349.016
79.1 5805058965997.636
79.2 6089977489557.354
79.3 6388880120004.348
79.4 6702453212311.231
79.5 7031416808489.211
79.6 7376526290984.092
79.7 7738574117222.742
79.8 8118391639292.928
79.9 8516851012935.028
80.0 8934867200229.09
80.1 9373400070575.89
80.2 9833456604796.477
80.3 10316093207411.19
80.4 10822418132407.865
80.5 11353594028069.352
80.6 11910840606703.895
80.7 12495437445408.7
80.8 13108726924298.055
80.9 13752117308942.781
81.0 14427085984099.148
81.1 15135182846152.676
81.2 15878033862066.703
81.3 16657344803007.984
81.4 17474905161222.623
81.5 18332592259156.508
81.6 19232375560255.754
81.7 20176321191345.883
81.8 21166596686974.203
81.9 22205475966609.625
82.0 23295344556128.742
82.1 24438705065578.188
82.2 25638182935791.227
82.3 26896532467054.645
82.4 28216643143668.953
82.5 29601546268924.97
82.6 31054421925731.9
82.7 32578606278880.76
82.8 34177599235710.58
82.9 35855072482768.45
83.0 37614877916917.27
83.1 39461056490251.6
83.2 41397847489131.11
83.3 43429698268639.34
83.4 45561274464819.83
83.5 47797470708139.92
83.6 50143421862782.78
83.7 52604514817576.01
83.8 55186400855631.625
83.9 57895008631101.33
84.0 60736557782844.66
84.1 63717573216270.72
84.2 66844900086148.25
84.3 70125719514787.56
84.4 73567565081688.27
84.5 77178340122516.12
84.6 80966335877132.53
84.7 84940250528348.84
84.8 89109209175123.05
84.9 93482784786062.03
85.0 98071020181345.03
85.1 102884451093542.84
85.2 107934130360286.78
85.3 113231653304340.06
85.4 118789184359350.5
85.5 124619485002422.9
85.6 130735943057653.1
85.7 137152603437910.2
85.8 143884200395458.88
85.9 150946191355476.5
86.0 158354792410155.7
86.1 166127015554895.7
86.2 174280707752085.62
86.3 182834591912180.94
86.4 191808309886173.75
86.5 201222467568181.12
86.6 211098682211716.06
86.7 221459632068291.3
86.8 232329108462340.75
86.9 243732070422032.0
87.0 255694701991419.3
87.1 268244472355537.75
87.2 281410198916501.44
87.3 295222113465444.56
87.4 309711931602252.9
87.5 324912925562488.5
87.6 340860000618740.3
87.7 357589775231833.4
87.8 375140665135945.9
87.9 393552971550713.6
88.0 412868973722880.75
88.1 433133026009991.5
88.2 454391659729056.7
88.3 476693690004059.06
88.4 500090327857650.4
88.5 524635297804430.3
88.6 550384961215826.9
88.7 577398445739861.8
88.8 605737781072970.5
88.9 635468041395656.2
89.0 666657494799032.2
89.1 699377760045384.8
89.2 733703971022707.4
89.3 769714949270843.8
89.4 807493384975398.8
89.5 847126026845021.8
89.6 888703881308075.5
89.7 932322421486085.9
89.8 978081806423838.2
89.9 1026087111079518.2
90.0 1076448567603016.2
90.1 1129281818456432.0
90.2 1184708181958003.2
90.3 1242854930859214.5
90.4 1303855584594773.2
90.5 1367850215876523.5
90.6 1434985772335319.8
90.7 1505416413949434.0
90.8 1579303867034300.5
90.9 1656817795606468.5
91.0 1738136190974488.2
91.1 1823445780451337.0
91.2 1912942456126897.5
91.3 2006831724685033.8
91.4 2105329179298192.5
91.5 2208660994683075.5
91.6 2317064446454197.0
91.7 2430788455967853.0
91.8 2550094161907626.0
91.9 2675255519923929.5
92.0 2806559931704476.0
92.1 2944308904920234.5
92.2 3088818745562212.0
92.3 3240421284258892.0
92.4 3399464638242095.0
92.5 3566314010710949.5
92.6 3741352529429507.0
92.7 3924982126483611.0
92.8 4117624461217207.0
92.9 4319721888467329.0
93.0 4531738474321114.0
93.1 4754161061727240.0
93.2 4987500388408762.0
93.3 5232292259644253.0
93.4 5489098778610346.0
93.5 5758509637110787.0
93.6 6041143469655854.0
93.7 6337649274001456.0
93.8 6648707901409810.0
93.9 6975033620053728.0
94.0 7317375755154428.0
94.1 7676520409619102.0
94.2 8053292269129204.0
94.3 8448556495824414.0
94.4 8863220714930669.0
94.5 9298237098893956.0
94.6 9754604553805708.0
94.7 1.0233371013140296e+16
94.8 1.0735635844071548e+16
94.9 1.1262552371893924e+16
95.0 1.181533052834501e+16
95.1 1.239523962991045e+16
95.2 1.3003611292491144e+16
95.3 1.3641842489125392e+16
95.4 1.4311398757787312e+16
95.5 1.5013817566627496e+16
95.6 1.5750711844383264e+16
95.7 1.6523773684065198e+16
95.8 1.7334778228424668e+16
95.9 1.8185587746124216e+16
96.0 1.907815590797076e+16
96.1 2.0014532273030984e+16
96.2 2.0996866994929936e+16
96.3 2.2027415759139972e+16
96.4 2.3108544962597024e+16
96.5 2.4242737147538064e+16
96.6 2.5432596702037136e+16
96.7 2.6680855840329776e+16
96.8 2.799038087665815e+16
96.9 2.9364178807043336e+16
97.0 3.080540421409801e+16
97.1 3.231736651073469e+16
97.2 3.3903537539403004e+16
97.3 3.556755954430577e+16
97.4 3.731325353489977e+16
97.5 3.914462805988635e+16
97.6 4.1065888411838744e+16
97.7 4.308144628360249e+16
97.8 4.5195929898642216e+16
97.9 4.741419463859678e+16
98.0 4.974133419244634e+16
98.1 5.218269225289224e+16
98.2 5.474387478680813e+16
98.3 5.743076290793765e+16
98.4 6.024952638139804e+16
98.5 6.320663779099938e+16
98.6 6.630888740191099e+16
98.7 6.956339875280357e+16
98.8 7.297764501326998e+16
98.9 7.655946614408646e+16
99.0 8.031708689971726e+16
99.1 8.42591357144019e+16
99.2 8.839466451519149e+16
99.3 9.273316950743085e+16
99.4 9.72846129804136e+16
99.5 1.0205944618328256e+17
99.6 1.0706863332370394e+17
99.7 1.1232367674442208e+17
99.8 1.178366433355064e+17
99.9 1.2362019224294038e+17
