0.0 0.0
0.1 0.0
0.2 0.0
0.3 0.0
0.4 0.0
0.5 0.0
0.6 0.0
0.7 0.0
0.8 0.0
0.9 0.0
1.0 0.0
1.1 0.0
1.2 0.0
1.3 0.0
1.4 0.0
1.5 0.0
1.6 0.0
1.7 0.001
1.8 0.001
1.9 0.001
2.0 0.001
2.1 0.001
2.2 0.001
2.3 0.001
2.4 0.001
2.5 0.001
2.6 0.001
2.7 0.001
2.8 0.001
2.9 0.001
3.0 0.001
3.1 0.001
3.2 0.001
3.3 0.001
3.4 0.001
3.5 0.001
3.6 0.001
3.7 0.001
3.8 0.001
3.9 0.001
4.0 0.001
4.1 0.001
4.2 0.001
4.3 0.001
4.4 0.001
4.5 0.001
4.6 0.001
4.7 0.001
4.8 0.001
4.9 0.001
5.0 0.001
5.1 0.001
5.2 0.001
5.3 0.002
5.4 0.002
5.5 0.002
5.6 0.002
5.7 0.002
5.8 0.002
5.9 0.002
6.0 0.002
6.1 0.002
6.2 0.002
6.3 0.002
6.4 0.002
6.5 0.002
6.6 0.002
6.7 0.002
6.8 0.002
6.9 0.002
7.0 0.003
7.1 0.003
7.2 0.003
7.3 0.003
7.4 0.003
7.5 0.003
7.6 0.003
7.7 0.003
7.8 0.003
7.9 0.003
8.0 0.003
8.1 0.004
8.2 0.004
8.3 0.004
8.4 0.004
8.5 0.004
8.6 0.004
8.7 0.004
8.8 0.004
8.9 0.005
9.0 0.005
9.1 0.005
9.2 0.005
9.3 0.005
9.4 0.005
9.5 0.005
9.6 0.006
9.7 0.006
9.8 0.006
9.9 0.006
10.0 0.006
10.1 0.007
10.2 0.007
10.3 0.007
10.4 0.007
10.5 0.007
10.6 0.008
10.7 0.008
10.8 0.008
10.9 0.008
11.0 0.009
11.1 0.009
11.2 0.009
11.3 0.009
11.4 0.01
11.5 0.01
11.6 0.01
11.7 0.011
11.8 0.011
11.9 0.011
12.0 0.012
12.1 0.012
12.2 0.012
12.3 0.013
12.4 0.013
12.5 0.014
12.6 0.014
12.7 0.014
12.8 0.015
12.9 0.015
13.0 0.016
13.1 0.016
13.2 0.017
13.3 0.017
13.4 0.018
13.5 0.018
13.6 0.019
13.7 0.02
13.8 0.02
13.9 0.021
14.0 0.022
14.1 0.022
14.2 0.023
14.3 0.024
14.4 0.024
14.5 0.025
14.6 0.026
14.7 0.027
14.8 0.027
14.9 0.028
15.0 0.029
15.1 0.03
15.2 0.031
15.3 0.032
15.4 0.033
15.5 0.034
15.6 0.035
15.7 0.036
15.8 0.037
15.9 0.038
16.0 0.04
16.1 0.041
16.2 0.042
16.3 0.043
16.4 0.045
16.5 0.046
16.6 0.048
16.7 0.049
16.8 0.051
16.9 0.052
17.0 0.054
17.1 0.055
17.2 0.057
17.3 0.059
17.4 0.061
17.5 0.063
17.6 0.065
17.7 0.067
17.8 0.069
17.9 0.071
18.0 0.073
18.1 0.075
18.2 0.078
18.3 0.08
18.4 0.083
18.5 0.085
18.6 0.088
18.7 0.09
18.8 0.093
18.9 0.096
19.0 0.099
19.1 0.102
19.2 0.105
19.3 0.109
19.4 0.112
19.5 0.116
19.6 0.119
19.7 0.123
19.8 0.127
19.9 0.131
20.0 0.135
20.1 0.139
20.2 0.143
20.3 0.148
20.4 0.152
20.5 0.157
20.6 0.162
20.7 0.167
20.8 0.172
20.9 0.177
21.0 0.183
21.1 0.188
21.2 0.194
21.3 0.2
21.4 0.206
21.5 0.213
21.6 0.219
21.7 0.226
21.8 0.233
21.9 0.241
22.0 0.248
22.1 0.256
22.2 0.264
22.3 0.272
22.4 0.28
22.5 0.289
22.6 0.298
22.7 0.307
22.8 0.317
22.9 0.327
23.0 0.337
23.1 0.347
23.2 0.358
23.3 0.369
23.4 0.38
23.5 0.392
23.6 0.404
23.7 0.417
23.8 0.43
23.9 0.443
24.0 0.457
24.1 0.471
24.2 0.486
24.3 0.501
24.4 0.516
24.5 0.532
24.6 0.549
24.7 0.566
24.8 0.584
24.9 0.602
25.0 0.62
25.1 0.64
25.2 0.659
25.3 0.68
25.4 0.701
25.5 0.723
25.6 0.745
25.7 0.768
25.8 0.792
25.9 0.817
26.0 0.842
26.1 0.868
26.2 0.895
26.3 0.923
26.4 0.952
26.5 0.981
26.6 1.011
26.7 1.043
26.8 1.075
26.9 1.109
27.0 1.143
27.1 1.178
27.2 1.215
27.3 1.253
27.4 1.292
27.5 1.332
27.6 1.373
27.7 1.416
27.8 1.46
27.9 1.505
28.0 1.552
28.1 1.6
28.2 1.649
28.3 1.7
28.4 1.753
28.5 1.808
28.6 1.864
28.7 1.922
28.8 1.981
28.9 2.043
29.0 2.106
29.1 2.171
29.2 2.239
29.3 2.308
29.4 2.38
29.5 2.454
29.6 2.53
29.7 2.608
29.8 2.689
29.9 2.773
30.0 2.859
30.1 2.948
30.2 3.039
30.3 3.133
30.4 3.23
30.5 3.331
30.6 3.434
30.7 3.541
30.8 3.651
30.9 3.764
31.0 3.881
31.1 4.001
31.2 4.125
31.3 4.253
31.4 4.385
31.5 4.521
31.6 4.661
31.7 4.806
31.8 4.955
31.9 5.109
32.0 5.268
32.1 5.431
32.2 5.599
32.3 5.773
32.4 5.952
32.5 6.137
32.6 6.328
32.7 6.524
32.8 6.726
32.9 6.935
33.0 7.15
33.1 7.372
33.2 7.601
33.3 7.837
33.4 8.08
33.5 8.331
33.6 8.589
33.7 8.856
33.8 9.13
33.9 9.414
34.0 9.706
34.1 10.007
34.2 10.317
34.3 10.638
34.4 10.968
34.5 11.308
34.6 11.659
34.7 12.021
34.8 12.394
34.9 12.778
35.0 13.175
35.1 13.584
35.2 14.005
35.3 14.44
35.4 14.888
35.5 15.35
35.6 15.826
35.7 16.317
35.8 16.823
35.9 17.345
36.0 17.883
36.1 18.438
36.2 19.011
36.3 19.6
36.4 20.209
36.5 20.836
36.6 21.482
36.7 22.149
36.8 22.836
36.9 23.545
37.0 24.275
37.1 25.028
37.2 25.805
37.3 26.606
37.4 27.431
37.5 28.283
37.6 29.16
37.7 30.065
37.8 30.998
37.9 31.96
38.0 32.951
38.1 33.974
38.2 35.028
38.3 36.115
38.4 37.236
38.5 38.391
38.6 39.582
38.7 40.811
38.8 42.077
38.9 43.383
39.0 44.729
39.1 46.117
39.2 47.548
39.3 49.023
39.4 50.544
39.5 52.113
39.6 53.73
39.7 55.397
39.8 57.116
39.9 58.888
40.0 60.715
40.1 62.599
40.2 64.542
40.3 66.544
40.4 68.609
40.5 70.738
40.6 72.933
40.7 75.196
40.8 77.529
40.9 79.935
41.0 82.416
41.1 84.973
41.2 87.61
41.3 90.328
41.4 93.131
41.5 96.021
41.6 99.0
41.7 102.072
41.8 105.239
41.9 108.505
42.0 111.872
42.1 115.343
42.2 118.922
42.3 122.612
42.4 126.417
42.5 130.34
42.6 134.384
42.7 138.554
42.8 142.853
42.9 147.286
43.0 151.856
43.1 156.568
43.2 161.426
43.3 166.435
43.4 171.6
43.5 176.924
43.6 182.414
43.7 188.074
43.8 193.91
43.9 199.927
44.0 206.131
44.1 212.527
44.2 219.122
44.3 225.921
44.4 232.931
44.5 240.159
44.6 247.611
44.7 255.294
44.8 263.216
44.9 271.384
45.0 279.805
45.1 288.487
45.2 297.438
45.3 306.668
45.4 316.184
45.5 325.995
45.6 336.11
45.7 346.539
45.8 357.292
45.9 368.379
46.0 379.81
46.1 391.595
46.2 403.746
46.3 416.274
46.4 429.191
46.5 442.509
46.6 456.24
46.7 470.397
46.8 484.993
46.9 500.042
47.0 515.558
47.1 531.556
47.2 548.05
47.3 565.055
47.4 582.589
47.5 600.666
47.6 619.305
47.7 638.521
47.8 658.335
47.9 678.762
48.0 699.824
48.1 721.539
48.2 743.928
48.3 767.012
48.4 790.812
48.5 815.351
48.6 840.651
48.7 866.736
48.8 893.631
48.9 921.36
49.0 949.949
49.1 979.426
49.2 1009.817
49.3 1041.151
49.4 1073.458
49.5 1106.767
49.6 1141.109
49.7 1176.517
49.8 1213.024
49.9 1250.664
50.0 1289.471
50.1 1329.483
50.2 1370.737
50.3 1413.27
50.4 1457.123
50.5 1502.337
50.6 1548.954
50.7 1597.018
50.8 1646.572
50.9 1697.665
51.0 1750.343
51.1 1804.655
51.2 1860.653
51.3 1918.388
51.4 1977.915
51.5 2039.289
51.6 2102.568
51.7 2167.809
51.8 2235.076
51.9 2304.429
52.0 2375.935
52.1 2449.659
52.2 2525.671
52.3 2604.042
52.4 2684.844
52.5 2768.154
52.6 2854.049
52.7 2942.609
52.8 3033.917
52.9 3128.058
53.0 3225.12
53.1 3325.195
53.2 3428.374
53.3 3534.755
53.4 3644.437
53.5 3757.523
53.6 3874.117
53.7 3994.33
53.8 4118.272
53.9 4246.061
54.0 4377.814
54.1 4513.656
54.2 4653.713
54.3 4798.116
54.4 4947.0
54.5 5100.503
54.6 5258.77
54.7 5421.948
54.8 5590.189
54.9 5763.65
55.0 5942.494
55.1 6126.887
55.2 6317.002
55.3 6513.016
55.4 6715.113
55.5 6923.48
55.6 7138.313
55.7 7359.812
55.8 7588.184
55.9 7823.643
56.0 8066.407
56.1 8316.705
56.2 8574.769
56.3 8840.841
56.4 9115.169
56.5 9398.009
56.6 9689.625
56.7 9990.291
56.8 10300.286
56.9 10619.9
57.0 10949.431
57.1 11289.188
57.2 11639.487
57.3 12000.656
57.4 12373.031
57.5 12756.962
57.6 13152.805
57.7 13560.932
57.8 13981.722
57.9 14415.57
58.0 14862.879
58.1 15324.069
58.2 15799.569
58.3 16289.823
58.4 16795.29
58.5 17316.442
58.6 17853.764
58.7 18407.76
58.8 18978.945
58.9 19567.855
59.0 20175.038
59.1 20801.062
59.2 21446.51
59.3 22111.987
59.4 22798.114
59.5 23505.531
59.6 24234.898
59.7 24986.898
59.8 25762.232
59.9 26561.624
60.0 27385.821
60.1 28235.592
60.2 29111.732
60.3 30015.058
60.4 30946.413
60.5 31906.669
60.6 32896.72
60.7 33917.493
60.8 34969.94
60.9 36055.044
61.0 37173.818
61.1 38327.307
61.2 39516.589
61.3 40742.773
61.4 42007.006
61.5 43310.467
61.6 44654.374
61.7 46039.982
61.8 47468.585
61.9 48941.517
62.0 50460.154
62.1 52025.913
62.2 53640.257
62.3 55304.694
62.4 57020.777
62.5 58790.11
62.6 60614.344
62.7 62495.184
62.8 64434.386
62.9 66433.76
63.0 68495.174
63.1 70620.553
63.2 72811.882
63.3 75071.206
63.4 77400.637
63.5 79802.349
63.6 82278.585
63.7 84831.658
63.8 87463.952
63.9 90177.925
64.0 92976.111
64.1 95861.124
64.2 98835.658
64.3 101902.491
64.4 105064.486
64.5 108324.596
64.6 111685.867
64.7 115151.436
64.8 118724.541
64.9 122408.518
65.0 126206.808
65.1 130122.956
65.2 134160.622
65.3 138323.574
65.4 142615.702
65.5 147041.012
65.6 151603.638
65.7 156307.841
65.8 161158.013
65.9 166158.684
66.0 171314.524
66.1 176630.348
66.2 182111.12
66.3 187761.958
66.4 193588.14
66.5 199595.105
66.6 205788.465
66.7 212174.002
66.8 218757.68
66.9 225545.646
67.0 232544.241
67.1 239760.0
67.2 247199.66
67.3 254870.171
67.4 262778.694
67.5 270932.616
67.6 279339.551
67.7 288007.35
67.8 296944.108
67.9 306158.169
68.0 315658.14
68.1 325452.891
68.2 335551.569
68.3 345963.605
68.4 356698.723
68.5 367766.947
68.6 379178.614
68.7 390944.381
68.8 403075.235
68.9 415582.505
69.0 428477.87
69.1 441773.374
69.2 455481.432
69.3 469614.846
69.4 484186.814
69.5 499210.945
69.6 514701.269
69.7 530672.251
69.8 547138.808
69.9 564116.315
70.0 581620.627
70.1 599668.092
70.2 618275.562
70.3 637460.416
70.4 657240.567
70.5 677634.49
70.6 698661.228
70.7 720340.417
70.8 742692.304
70.9 765737.761
71.0 789498.309
71.1 813996.138
71.2 839254.126
71.3 865295.859
71.4 892145.657
71.5 919828.594
71.6 948370.522
71.7 977798.095
71.8 1008138.794
71.9 1039420.954
72.0 1071673.787
72.1 1104927.413
72.2 1139212.886
72.3 1174562.224
72.4 1211008.439
72.5 1248585.566
72.6 1287328.696
72.7 1327274.011
72.8 1368458.814
72.9 1410921.565
73.0 1454701.919
73.1 1499840.761
73.2 1546380.244
73.3 1594363.829
73.4 1643836.326
73.5 1694843.936
73.6 1747434.292
73.7 1801656.507
73.8 1857561.216
73.9 1915200.627
74.0 1974628.567
74.1 2035900.533
74.2 2099073.744
74.3 2164207.196
74.4 2231361.714
74.5 2300600.011
74.6 2371986.746
74.7 2445588.584
74.8 2521474.258
74.9 2599714.636
75.0 2680382.782
75.1 2763554.03
75.2 2849306.05
75.3 2937718.922
75.4 3028875.212
75.5 3122860.047
75.6 3219761.194
75.7 3319669.147
75.8 3422677.206
75.9 3528881.565
76.0 3638381.404
76.1 3751278.982
76.2 3867679.727
76.3 3987692.344
76.4 4111428.905
76.5 4239004.965
76.6 4370539.661
76.7 4506155.828
76.8 4645980.112
76.9 4790143.09
77.0 4938779.39
77.1 5092027.818
77.2 5250031.485
77.3 5412937.945
77.4 5580899.331
77.5 5754072.493
77.6 5932619.152
77.7 6116706.046
77.8 6306505.085
77.9 6502193.515
78.0 6703954.082
78.1 6911975.202
78.2 7126451.138
78.3 7347582.179
78.4 7575574.832
78.5 7810642.009
78.6 8053003.23
78.7 8302884.827
78.8 8560520.154
78.9 8826149.806
79.0 9100021.844
79.1 9382392.026
79.2 9673524.047
79.3 9973689.782
79.4 10283169.545
79.5 10602252.346
79.6 10931236.164
79.7 11270428.223
79.8 11620145.282
79.9 11980713.926
80.0 12352470.877
80.1 12735763.304
80.2 13130949.147
80.3 13538397.455
80.4 13958488.728
80.5 14391615.271
80.6 14838181.565
80.7 15298604.639
80.8 15773314.464
80.9 16262754.353
81.0 16767381.374
81.1 17287666.777
81.2 17824096.437
81.3 18377171.303
81.4 18947407.869
81.5 19535338.657
81.6 20141512.712
81.7 20766496.114
81.8 21410872.512
81.9 22075243.662
82.0 22760229.993
82.1 23466471.187
82.2 24194626.774
82.3 24945376.749
82.4 25719422.207
82.5 26517485.999
82.6 27340313.404
82.7 28188672.826
82.8 29063356.516
82.9 29965181.305
83.0 30894989.371
83.1 31853649.023
83.2 32842055.517
83.3 33861131.884
83.4 34911829.8
83.5 35995130.468
83.6 37112045.54
83.7 38263618.057
83.8 39450923.428
83.9 40675070.428
84.0 41937202.239
84.1 43238497.515
84.2 44580171.484
84.3 45963477.081
84.4 47389706.12
84.5 48860190.497
84.6 50376303.44
84.7 51939460.785
84.8 53551122.302
84.9 55212793.057
85.0 56926024.817
85.1 58692417.5
85.2 60513620.67
85.3 62391335.075
85.4 64327314.236
85.5 66323366.088
85.6 68381354.661
85.7 70503201.829
85.8 72690889.1
85.9 74946459.467
86.0 77272019.315
86.1 79669740.393
86.2 82141861.834
86.3 84690692.255
86.4 87318611.904
86.5 90028074.89
86.6 92821611.472
86.7 95701830.421
86.8 98671421.458
86.9 101733157.764
87.0 104889898.571
87.1 108144591.833
87.2 111500276.977
87.3 114960087.742
87.4 118527255.106
87.5 122205110.303
87.6 125997087.934
87.7 129906729.174
87.8 133937685.08
87.9 138093720.0
88.0 142378715.086
88.1 146796671.924
88.2 151351716.266
88.3 156048101.884
88.4 160890214.544
88.5 165882576.1
88.6 171029848.717
88.7 176336839.227
88.8 181808503.613
88.9 187449951.643
89.0 193266451.639
89.1 199263435.395
89.2 205446503.254
89.3 211821429.333
89.4 218394166.92
89.5 225170854.03
89.6 232157819.137
89.7 239361587.088
89.8 246788885.191
89.9 254446649.501
90.0 262342031.296
90.1 270482403.756
90.2 278875368.846
90.3 287528764.419
90.4 296450671.533
90.5 305649421.997
90.6 315133606.155
90.7 324912080.904
90.8 334993977.968
90.9 345388712.426
91.0 356105991.501
91.1 367155823.629
91.2 378548527.803
91.3 390294743.212
91.4 402405439.173
91.5 414891925.377
91.6 427765862.452
91.7 441039272.85
91.8 454724552.073
91.9 468834480.254
92.0 483382234.086
92.1 498381399.132
92.2 513845982.508
92.3 529790425.965
92.4 546229619.378
92.5 563178914.648
92.6 580654140.04
92.7 598671614.963
92.8 617248165.212
92.9 636401138.68
93.0 656148421.557
93.1 676508455.037
93.2 697500252.534
93.3 719143417.445
93.4 741458161.449
93.5 764465323.388
93.6 788186388.724
93.7 812643509.606
93.8 837859525.555
93.9 863857984.792
94.0 890663166.233
94.1 918300102.157
94.2 946794601.587
94.3 976173274.389
94.4 1006463556.123
94.5 1037693733.665
94.6 1069892971.619
94.7 1103091339.558
94.8 1137319840.102
94.9 1172610437.87
95.0 1208996089.331
95.1 1246510773.581
95.2 1285189524.072
95.3 1325068461.333
95.4 1366184826.7
95.5 1408577017.09
95.6 1452284620.864
95.7 1497348454.794
95.8 1543810602.181
95.9 1591714452.154
96.0 1641104740.191
96.1 1692027589.894
96.2 1744530556.063
96.3 1798662669.104
96.4 1854474480.819
96.5 1912018111.614
96.6 1971347299.168
96.7 2032517448.622
96.8 2095585684.317
96.9 2160610903.139
97.0 2227653829.524
97.1 2296777072.162
97.2 2368045182.468
97.3 2441524714.86
97.4 2517284288.918
97.5 2595394653.457
97.6 2675928752.604
97.7 2758961793.913
97.8 2844571318.599
97.9 2932837273.951
98.0 3023842087.993
98.1 3117670746.457
98.2 3214410872.152
98.3 3314152806.787
98.4 3416989695.341
98.5 3523017573.044
98.6 3632335455.065
98.7 3745045428.974
98.8 3861252750.079
98.9 3981065939.72
99.0 4104596886.612
99.1 4231960951.335
99.2 4363277074.063
99.3 4498667885.639
99.4 4638259822.09
99.5 4782183242.709
99.6 4930572551.786
99.7 5083566324.124
99.8 5241307434.449
99.9 5403943190.836
