0.0 0.0
0.1 0.0
0.2 0.0
0.3 0.0
0.4 0.0
0.5 0.0
0.6 0.0
0.7 0.0
0.8 0.0
0.9 0.0
1.0 0.0
1.1 0.0
1.2 0.001
1.3 0.001
1.4 0.001
1.5 0.001
1.6 0.001
1.7 0.001
1.8 0.001
1.9 0.001
2.0 0.001
2.1 0.001
2.2 0.001
2.3 0.001
2.4 0.001
2.5 0.001
2.6 0.001
2.7 0.001
2.8 0.001
2.9 0.001
3.0 0.001
3.1 0.001
3.2 0.001
3.3 0.001
3.4 0.001
3.5 0.001
3.6 0.002
3.7 0.002
3.8 0.002
3.9 0.002
4.0 0.002
4.1 0.002
4.2 0.002
4.3 0.002
4.4 0.002
4.5 0.002
4.6 0.002
4.7 0.003
4.8 0.003
4.9 0.003
5.0 0.003
5.1 0.003
5.2 0.003
5.3 0.003
5.4 0.004
5.5 0.004
5.6 0.004
5.7 0.004
5.8 0.004
5.9 0.004
6.0 0.005
6.1 0.005
6.2 0.005
6.3 0.005
6.4 0.006
6.5 0.006
6.6 0.006
6.7 0.006
6.8 0.007
6.9 0.007
7.0 0.007
7.1 0.008
7.2 0.008
7.3 0.008
7.4 0.009
7.5 0.009
7.6 0.01
7.7 0.01
7.8 0.011
7.9 0.011
8.0 0.012
8.1 0.012
8.2 0.013
8.3 0.013
8.4 0.014
8.5 0.015
8.6 0.015
8.7 0.016
8.8 0.017
8.9 0.017
9.0 0.018
9.1 0.019
9.2 0.02
9.3 0.021
9.4 0.022
9.5 0.023
9.6 0.024
9.7 0.025
9.8 0.026
9.9 0.027
10.0 0.029
10.1 0.03
10.2 0.031
10.3 0.033
10.4 0.034
10.5 0.036
10.6 0.038
10.7 0.039
10.8 0.041
10.9 0.043
11.0 0.045
11.1 0.047
11.2 0.05
11.3 0.052
11.4 0.054
11.5 0.057
11.6 0.059
11.7 0.062
11.8 0.065
11.9 0.068
12.0 0.071
12.1 0.075
12.2 0.078
12.3 0.082
12.4 0.086
12.5 0.09
12.6 0.094
12.7 0.098
12.8 0.103
12.9 0.107
13.0 0.112
13.1 0.118
13.2 0.123
13.3 0.129
13.4 0.135
13.5 0.141
13.6 0.148
13.7 0.155
13.8 0.162
13.9 0.169
14.0 0.177
14.1 0.185
14.2 0.194
14.3 0.203
14.4 0.213
14.5 0.223
14.6 0.233
14.7 0.244
14.8 0.255
14.9 0.267
15.0 0.279
15.1 0.292
15.2 0.306
15.3 0.32
15.4 0.335
15.5 0.351
15.6 0.367
15.7 0.384
15.8 0.402
15.9 0.421
16.0 0.44
16.1 0.461
16.2 0.482
16.3 0.505
16.4 0.528
16.5 0.553
16.6 0.579
16.7 0.606
16.8 0.634
16.9 0.663
17.0 0.694
17.1 0.727
17.2 0.76
17.3 0.796
17.4 0.833
17.5 0.872
17.6 0.912
17.7 0.955
17.8 0.999
17.9 1.046
18.0 1.094
18.1 1.145
18.2 1.199
18.3 1.255
18.4 1.313
18.5 1.374
18.6 1.438
18.7 1.505
18.8 1.575
18.9 1.649
19.0 1.725
19.1 1.806
19.2 1.89
19.3 1.978
19.4 2.07
19.5 2.166
19.6 2.267
19.7 2.373
19.8 2.483
19.9 2.599
20.0 2.72
20.1 2.846
20.2 2.979
20.3 3.118
20.4 3.263
20.5 3.415
20.6 3.574
20.7 3.74
20.8 3.914
20.9 4.097
21.0 4.287
21.1 4.487
21.2 4.696
21.3 4.915
21.4 5.143
21.5 5.383
21.6 5.634
21.7 5.896
21.8 6.17
21.9 6.458
22.0 6.758
22.1 7.073
22.2 7.403
22.3 7.747
22.4 8.108
22.5 8.485
22.6 8.881
22.7 9.294
22.8 9.727
22.9 10.18
23.0 10.654
23.1 11.15
23.2 11.669
23.3 12.213
23.4 12.781
23.5 13.376
23.6 13.999
23.7 14.651
23.8 15.333
23.9 16.047
24.0 16.795
24.1 17.577
24.2 18.395
24.3 19.252
24.4 20.148
24.5 21.086
24.6 22.068
24.7 23.096
24.8 24.171
24.9 25.297
25.0 26.474
25.1 27.707
25.2 28.997
25.3 30.348
25.4 31.761
25.5 33.24
25.6 34.788
25.7 36.407
25.8 38.103
25.9 39.877
26.0 41.734
26.1 43.677
26.2 45.711
26.3 47.839
26.4 50.067
26.5 52.398
26.6 54.838
26.7 57.392
26.8 60.064
26.9 62.861
27.0 65.788
27.1 68.851
27.2 72.058
27.3 75.413
27.4 78.924
27.5 82.599
27.6 86.446
27.7 90.471
27.8 94.684
27.9 99.093
28.0 103.707
28.1 108.536
28.2 113.59
28.3 118.879
28.4 124.415
28.5 130.208
28.6 136.271
28.7 142.616
28.8 149.257
28.9 156.207
29.0 163.481
29.1 171.093
29.2 179.06
29.3 187.398
29.4 196.124
29.5 205.257
29.6 214.814
29.7 224.817
29.8 235.286
29.9 246.242
30.0 257.708
30.1 269.708
30.2 282.267
30.3 295.41
30.4 309.166
30.5 323.562
30.6 338.628
30.7 354.397
30.8 370.899
30.9 388.17
31.0 406.244
31.1 425.161
31.2 444.958
31.3 465.678
31.4 487.362
31.5 510.056
31.6 533.806
31.7 558.662
31.8 584.676
31.9 611.901
32.0 640.394
32.1 670.214
32.2 701.422
32.3 734.084
32.4 768.266
32.5 804.04
32.6 841.479
32.7 880.662
32.8 921.67
32.9 964.587
33.0 1009.503
33.1 1056.51
33.2 1105.706
33.3 1157.192
33.4 1211.076
33.5 1267.469
33.6 1326.488
33.7 1388.256
33.8 1452.899
33.9 1520.553
34.0 1591.357
34.1 1665.457
34.2 1743.008
34.3 1824.171
34.4 1909.112
34.5 1998.009
34.6 2091.046
34.7 2188.414
34.8 2290.316
34.9 2396.964
35.0 2508.577
35.1 2625.388
35.2 2747.638
35.3 2875.58
35.4 3009.48
35.5 3149.615
35.6 3296.276
35.7 3449.765
35.8 3610.402
35.9 3778.518
36.0 3954.463
36.1 4138.601
36.2 4331.312
36.3 4532.998
36.4 4744.075
36.5 4964.98
36.6 5196.172
36.7 5438.129
36.8 5691.353
36.9 5956.368
37.0 6233.723
37.1 6523.994
37.2 6827.78
37.3 7145.712
37.4 7478.449
37.5 7826.679
37.6 8191.125
37.7 8572.54
37.8 8971.716
37.9 9389.48
38.0 9826.696
38.1 10284.272
38.2 10763.154
38.3 11264.335
38.4 11788.853
38.5 12337.795
38.6 12912.298
38.7 13513.553
38.8 14142.805
38.9 14801.358
39.0 15490.575
39.1 16211.886
39.2 16966.785
39.3 17756.835
39.4 18583.673
39.5 19449.013
39.6 20354.646
39.7 21302.45
39.8 22294.388
39.9 23332.515
40.0 24418.982
40.1 25556.04
40.2 26746.045
40.3 27991.461
40.4 29294.869
40.5 30658.971
40.6 32086.59
40.7 33580.687
40.8 35144.355
40.9 36780.834
41.0 38493.515
41.1 40285.947
41.2 42161.842
41.3 44125.087
41.4 46179.75
41.5 48330.087
41.6 50580.554
41.7 52935.813
41.8 55400.742
41.9 57980.451
42.0 60680.282
42.1 63505.829
42.2 66462.946
42.3 69557.761
42.4 72796.683
42.5 76186.425
42.6 79734.008
42.7 83446.782
42.8 87332.441
42.9 91399.032
43.0 95654.983
43.1 100109.11
43.2 104770.641
43.3 109649.234
43.4 114754.997
43.5 120098.506
43.6 125690.834
43.7 131543.565
43.8 137668.826
43.9 144079.307
44.0 150788.288
44.1 157809.67
44.2 165158.0
44.3 172848.5
44.4 180897.105
44.5 189320.489
44.6 198136.104
44.7 207362.214
44.8 217017.932
44.9 227123.265
45.0 237699.147
45.1 248767.491
45.2 260351.226
45.3 272474.352
45.4 285161.985
45.5 298440.412
45.6 312337.142
45.7 326880.966
45.8 342102.016
45.9 358031.827
46.0 374703.402
46.1 392151.281
46.2 410411.611
46.3 429522.224
46.4 449522.714
46.5 470454.517
46.6 492360.998
46.7 515287.545
46.8 539281.654
46.9 564393.037
47.0 590673.72
47.1 618178.149
47.2 646963.308
47.3 677088.835
47.4 708617.141
47.5 741613.547
47.6 776146.415
47.7 812287.289
47.8 850111.044
47.9 889696.044
48.0 931124.3
48.1 974481.642
48.2 1019857.897
48.3 1067347.076
48.4 1117047.564
48.5 1169062.331
48.6 1223499.139
48.7 1280470.771
48.8 1340095.259
48.9 1402496.131
49.0 1467802.669
49.1 1536150.174
49.2 1607680.246
49.3 1682541.081
49.4 1760887.774
49.5 1842882.641
49.6 1928695.559
49.7 2018504.313
49.8 2112494.967
49.9 2210862.249
50.0 2313809.956
50.1 2421551.371
50.2 2534309.712
50.3 2652318.589
50.4 2775822.491
50.5 2905077.291
50.6 3040350.777
50.7 3181923.206
50.8 3330087.885
50.9 3485151.779
51.0 3647436.146
51.1 3817277.204
51.2 3995026.828
51.3 4181053.274
51.4 4375741.95
51.5 4579496.208
51.6 4792738.182
51.7 5015909.663
51.8 5249473.013
51.9 5493912.126
52.0 5749733.424
52.1 6017466.915
52.2 6297667.283
52.3 6590915.042
52.4 6897817.739
52.5 7219011.207
52.6 7555160.89
52.7 7906963.217
52.8 8275147.045
52.9 8660475.171
53.0 9063745.91
53.1 9485794.751
53.2 9927496.088
53.3 10389765.029
53.4 10873559.294
53.5 11379881.2
53.6 11909779.735
53.7 12464352.733
53.8 13044749.147
53.9 13652171.434
54.0 14287878.038
54.1 14953186.006
54.2 15649473.71
54.3 16378183.707
54.4 17140825.723
54.5 17938979.788
54.6 18774299.502
54.7 19648515.464
54.8 20563438.86
54.9 21520965.211
55.0 22523078.303
55.1 23571854.294
55.2 24669466.021
55.3 25818187.494
55.4 27020398.614
55.5 28278590.099
55.6 29595368.648
55.7 30973462.339
55.8 32415726.28
55.9 33925148.527
56.0 35504856.275
56.1 37158122.331
56.2 38888371.903
56.3 40699189.69
56.4 42594327.31
56.5 44577711.076
56.6 46653450.125
56.7 48825844.935
56.8 51099396.234
56.9 53478814.324
57.0 55969028.84
57.1 58575198.961
57.2 61302724.105
57.3 64157255.106
57.4 67144705.93
57.5 70271265.923
57.6 73543412.634
57.7 76967925.238
57.8 80551898.575
57.9 84302757.856
58.0 88228274.044
58.1 92336579.949
58.2 96636187.085
58.3 101136003.299
58.4 105845351.227
58.5 110773987.61
58.6 115932123.507
58.7 121330445.448
58.8 126980137.578
58.9 132892904.826
59.0 139080997.153
59.1 145557234.936
59.2 152335035.526
59.3 159428441.044
59.4 166852147.48
59.5 174621535.131
59.6 182752700.471
59.7 191262489.5
59.8 200168532.643
59.9 209489281.277
60.0 219244045.956
60.1 229453036.423
60.2 240137403.478
60.3 251319282.796
60.4 263021840.789
60.5 275269322.602
60.6 288087102.342
60.7 301501735.651
60.8 315541014.719
60.9 330234025.868
61.0 345611209.807
61.1 361704424.703
61.2 378547012.185
61.3 396173866.416
61.4 414621506.387
61.5 433928151.582
61.6 454133801.153
61.7 475280316.794
61.8 497411509.468
61.9 520573230.173
62.0 544813464.937
62.1 570182434.233
62.2 596732697.026
62.3 624519259.662
62.4 653599689.833
62.5 684034235.838
62.6 715885951.413
62.7 749220826.356
62.8 784107923.248
62.9 820619520.538
63.0 858831262.281
63.1 898822314.862
63.2 940675531.009
63.3 984477621.449
63.4 1030319334.546
63.5 1078295644.32
63.6 1128505947.209
63.7 1181054267.997
63.8 1236049475.33
63.9 1293605507.267
64.0 1353841607.34
64.1 1416882571.594
64.2 1482859007.141
64.3 1551907602.749
64.4 1624171412.031
64.5 1699800149.819
64.6 1778950502.344
64.7 1861786451.852
64.8 1948479616.343
64.9 2039209605.122
65.0 2134164390.916
65.1 2233540699.304
65.2 2337544416.298
65.3 2446391014.889
65.4 2560306001.461
65.5 2679525382.991
65.6 2804296156.005
65.7 2934876818.3
65.8 3071537904.493
65.9 3214562546.513
66.0 3364247060.187
66.1 3520901559.143
66.2 3684850597.293
66.3 3856433841.246
66.4 4036006774.014
66.5 4223941431.503
66.6 4420627173.284
66.7 4626471489.266
66.8 4841900843.923
66.9 5067361559.835
67.0 5303320742.374
67.1 5550267247.442
67.2 5808712694.272
67.3 6079192525.395
67.4 6362267115.959
67.5 6658522934.702
67.6 6968573758.99
67.7 7293061946.426
67.8 7632659765.679
67.9 7988070789.274
68.0 8360031351.244
68.1 8749312072.651
68.2 9156719458.145
68.3 9583097566.865
68.4 10029329761.148
68.5 10496340536.659
68.6 10985097437.748
68.7 11496613061.987
68.8 12031947158.054
68.9 12592208821.297
69.0 13178558791.543
69.1 13792211857.893
69.2 14434439375.501
69.3 15106571899.545
69.4 15810001941.845
69.5 16546186855.846
69.6 17316651855.934
69.7 18122993177.348
69.8 18966881383.231
69.9 19850064825.672
70.0 20774373267.907
70.1 21741721675.195
70.2 22754114182.202
70.3 23813648245.133
70.4 24922518987.204
70.5 26083023746.456
70.6 27297566835.337
70.7 28568664521.918
70.8 29898950243.043
70.9 31291180060.241
71.0 32748238369.682
71.1 34273143878.015
71.2 35869055856.47
71.3 37539280686.178
71.4 39287278708.27
71.5 41116671392.95
71.6 43031248842.388
71.7 45034977642.987
71.8 47132009083.28
71.9 49326687754.498
72.0 51623560551.61
72.1 54027386093.499
72.2 56543144581.78
72.3 59176048118.694
72.4 61931551505.438
72.5 64815363543.33
72.6 67833458861.194
72.7 70992090293.487
72.8 74297801834.809
72.9 77757442197.627
73.0 81378179001.314
73.1 85167513621.893
73.2 89133296733.246
73.3 93283744571.998
73.4 97627455959.767
73.5 102173430118.042
73.6 106931085312.604
73.7 111910278366.12
73.8 117121325079.324
73.9 122575021603.106
74.0 128282666805.776
74.1 134256085681.854
74.2 140507653850.876
74.3 147050323196.978
74.4 153897648702.364
74.5 161063816530.28
74.6 168563673415.636
74.7 176412757424.207
74.8 184627330144.107
74.9 193224410376.251
75.0 202221809393.595
75.1 211638167842.202
75.2 221492994360.591
75.3 231806705997.377
75.4 242600670510.935
75.5 253897250638.735
75.6 265719850428.042
75.7 278092963724.0
75.8 291042224915.526
75.9 304594462044.166
76.0 318777752385.941
76.1 333621480621.33
76.2 349156399713.914
76.3 365414694623.797
76.4 382430048987.819
76.5 400237714904.696
76.6 418874585969.669
76.7 438379273709.977
76.8 458792187579.512
76.9 480155618678.383
77.0 502513827370.84
77.1 525913134983.083
77.2 550402019770.938
77.3 576031217356.213
77.4 602853825839.832
77.5 630925415809.502
77.6 660304145469.839
77.7 691050881133.465
77.8 723229323322.719
77.9 756906138743.231
78.0 792151098402.774
78.1 829037222161.562
78.2 867640930013.45
78.3 908042200411.478
78.4 950324735965.761
78.5 994576136857.017
78.6 1040888082325.015
78.7 1089356520607.942
78.8 1140081867726.196
78.9 1193169215522.457
79.0 1248728549389.036
79.1 1306874976133.591
79.2 1367728962455.296
79.3 1431416584525.539
79.4 1498069789190.218
79.5 1567826667334.79
79.6 1640831739978.435
79.7 1717236257690.052
79.8 1797198513946.402
79.9 1880884173081.637
80.0 1968466613507.615
80.1 2060127286916.118
80.2 2156056094207.131
80.3 2256451778922.038
80.4 2361522338996.847
80.5 2471485457688.49
80.6 2586568954566.997
80.7 2707011257507.9
80.8 2833061896662.723
80.9 2964982021430.982
81.0 3103044941504.692
81.1 3247536693106.384
81.2 3398756631593.698
81.3 3557018051658.309
81.4 3722648836404.124
81.5 3895992136649.464
81.6 4077407081860.644
81.7 4267269524189.793
81.8 4465972817158.446
81.9 4673928630600.15
82.0 4891567803550.456
82.1 5119341236851.336
82.2 5357720827319.25
82.3 5607200445412.321
82.4 5868296958422.071
82.5 6141551301309.585
82.6 6427529597404.635
82.7 6726824331289.595
82.8 7040055576298.119
82.9 7367872279171.689
83.0 7710953604535.556
83.1 8070010341979.537
83.2 8445786378658.843
83.3 8839060240465.81
83.4 9250646704965.572
83.5 9681398489437.227
83.6 10132208017517.871
83.7 10604009268109.475
83.8 11097779710379.238
83.9 11614542328862.25
84.0 12155367742862.072
84.1 12721376424540.137
84.2 13313741020289.412
84.3 13933688780201.676
84.4 14582504100661.691
84.5 15261531185336.059
84.6 15972176830069.7
84.7 16715913337459.64
84.8 17494281567144.523
84.9 18308894128129.273
85.0 19161438719758.85
85.1 20053681628262.754
85.2 20987471386114.383
85.3 21964742601786.67
85.4 22987519967838.457
85.5 24057922455635.24
85.6 25178167705395.24
85.7 26350576620655.61
85.8 27577578176677.83
85.9 28861714452753.99
86.0 30205645898840.008
86.1 31612156847427.008
86.2 33084161282070.246
86.3 34624708874526.703
86.4 36236991303009.06
86.5 37924348864645.97
86.6 39690277395848.34
86.7 41538435514919.05
86.8 43472652201911.086
86.9 45496934731438.15
87.0 47615476974872.63
87.1 49832668089131.26
87.2 52153101610049.84
87.3 54581584969186.47
87.4 57123149453769.82
87.5 59783060630427.84
87.6 62566829254291.875
87.7 65480222686077.92
87.8 68529276840798.75
87.9 71720308692861.72
88.0 75059929363460.38
88.1 78555057817373.97
88.2 82212935197551.58
88.3 86041139827179.14
88.4 90047602910310.22
88.5 94240624963589.03
88.6 98628893013108.22
88.7 103221498592030.14
88.8 108027956576258.28
88.9 113058224897182.52
89.0 118322725172338.23
89.1 123832364296722.42
89.2 129598557039498.5
89.3 135633249692905.11
89.4 141948944822365.38
89.5 148558727169072.22
89.6 155476290758714.8
89.7 162715967272509.44
89.8 170292755739313.8
89.9 178222353610339.56
90.0 186521189280842.9
90.1 195206456126173.06
90.2 204296148122690.7
90.3 213809097127358.47
90.4 223765011893236.1
90.5 234184518901713.06
90.6 245089205096074.16
90.7 256501662604931.9
90.8 268445535548183.88
90.9 280945569022466.3
91.0 294027660367590.5
91.1 307718912820176.5
91.2 322047691665640.4
91.3 337043683004871.7
91.4 352737955257353.0
91.5 369163023528140.06
91.6 386352916972059.0
91.7 404343249294686.2
91.8 423171292536167.2
91.9 442876054290746.8
92.0 463498358521985.44
92.1 485080930141098.44
92.2 507668483523640.8
92.3 531307815147931.25
92.4 556047900547134.5
92.5 581939995775874.8
92.6 609037743601584.0
92.7 637397284640607.0
92.8 667077373669297.0
92.9 698139501351081.5
93.0 730648021631691.2
93.1 764670285066484.0
93.2 800276778356086.5
93.3 837541270379447.4
93.4 876540965026844.4
93.5 917356661149489.6
93.6 960072919957103.1
93.7 1004778240210275.2
93.8 1051565241570574.4
93.9 1100530856488259.0
94.0 1151776531025150.8
94.1 1205408435028722.0
94.2 1261537682092832.2
94.3 1320280559760837.5
94.4 1381758770447982.5
94.5 1446099683582233.8
94.6 1513436599485917.0
94.7 1583909025544880.2
94.8 1657662965237332.5
94.9 1734851220621172.5
95.0 1815633708906480.5
95.1 1900177793769060.8
95.2 1988658632091432.5
95.3 2081259536849640.8
95.4 2178172356897716.5
95.5 2279597874436603.0
95.6 2385746220991042.0
95.7 2496837312756203.0
95.8 2613101306216016.0
95.9 2734779074977153.0
96.0 2862122708806539.5
96.1 2995396035906309.0
96.2 3134875169508221.0
96.3 3280849079919988.5
96.4 3433620193208655.5
96.5 3593505017761368.0
96.6 3760834800021638.0
96.7 3935956210759640.5
96.8 4119232063298358.0
96.9 4311042065183547.0
97.0 4511783604854866.0
97.1 4721872574947950.0
97.2 4941744233933136.0
97.3 5171854107875963.0
97.4 5412678934187708.0
97.5 5664717649321211.0
97.6 5928492422458254.0
97.7 6204549737330070.0
97.8 6493461524412317.0
97.9 6795826345840127.0
98.0 7112270635498150.0
98.1 7443449996854768.0
98.2 7790050561229330.0
98.3 8152790409306412.0
98.4 8532421058842198.0
98.5 8929729021645164.0
98.6 9345537433056802.0
98.7 9780707757308298.0
98.8 1.023614157228632e+16
98.9 1.0712782437405512e+16
99.0 1.1211617848457596e+16
99.1 1.1733681283486964e+16
99.2 1.2280054343931554e+16
99.3 1.2851868995464844e+16
99.4 1.3450309913181536e+16
99.5 1.4076616935985662e+16
99.6 1.4732087635266078e+16
99.7 1.5418080003181004e+16
99.8 1.613601526612128e+16
99.9 1.6887380829181074e+16
