0.0 0.0
0.1 0.0
0.2 0.0
0.3 0.0
0.4 0.0
0.5 0.0
0.6 0.0
0.7 0.0
0.8 0.0
0.9 0.0
1.0 0.0
1.1 0.0
1.2 0.0
1.3 0.0
1.4 0.0
1.5 0.0
1.6 0.001
1.7 0.001
1.8 0.001
1.9 0.001
2.0 0.001
2.1 0.001
2.2 0.001
2.3 0.001
2.4 0.001
2.5 0.001
2.6 0.001
2.7 0.001
2.8 0.001
2.9 0.001
3.0 0.001
3.1 0.001
3.2 0.001
3.3 0.001
3.4 0.001
3.5 0.001
3.6 0.001
3.7 0.001
3.8 0.001
3.9 0.001
4.0 0.001
4.1 0.001
4.2 0.001
4.3 0.001
4.4 0.001
4.5 0.001
4.6 0.001
4.7 0.001
4.8 0.001
4.9 0.001
5.0 0.001
5.1 0.001
5.2 0.002
5.3 0.002
5.4 0.002
5.5 0.002
5.6 0.002
5.7 0.002
5.8 0.002
5.9 0.002
6.0 0.002
6.1 0.002
6.2 0.002
6.3 0.002
6.4 0.002
6.5 0.002
6.6 0.002
6.7 0.002
6.8 0.002
6.9 0.003
7.0 0.003
7.1 0.003
7.2 0.003
7.3 0.003
7.4 0.003
7.5 0.003
7.6 0.003
7.7 0.003
7.8 0.003
7.9 0.003
8.0 0.004
8.1 0.004
8.2 0.004
8.3 0.004
8.4 0.004
8.5 0.004
8.6 0.004
8.7 0.004
8.8 0.005
8.9 0.005
9.0 0.005
9.1 0.005
9.2 0.005
9.3 0.005
9.4 0.006
9.5 0.006
9.6 0.006
9.7 0.006
9.8 0.006
9.9 0.006
10.0 0.007
10.1 0.007
10.2 0.007
10.3 0.007
10.4 0.007
10.5 0.008
10.6 0.008
10.7 0.008
10.8 0.008
10.9 0.009
11.0 0.009
11.1 0.009
11.2 0.01
11.3 0.01
11.4 0.01
11.5 0.011
11.6 0.011
11.7 0.011
11.8 0.012
11.9 0.012
12.0 0.012
12.1 0.013
12.2 0.013
12.3 0.013
12.4 0.014
12.5 0.014
12.6 0.015
12.7 0.015
12.8 0.016
12.9 0.016
13.0 0.017
13.1 0.017
13.2 0.018
13.3 0.018
13.4 0.019
13.5 0.019
13.6 0.02
13.7 0.021
13.8 0.021
13.9 0.022
14.0 0.023
14.1 0.023
14.2 0.024
14.3 0.025
14.4 0.026
14.5 0.026
14.6 0.027
14.7 0.028
14.8 0.029
14.9 0.03
15.0 0.031
15.1 0.032
15.2 0.033
15.3 0.034
15.4 0.035
15.5 0.036
15.6 0.037
15.7 0.038
15.8 0.039
15.9 0.041
16.0 0.042
16.1 0.043
16.2 0.045
16.3 0.046
16.4 0.047
16.5 0.049
16.6 0.05
16.7 0.052
16.8 0.054
16.9 0.055
17.0 0.057
17.1 0.059
17.2 0.061
17.3 0.062
17.4 0.064
17.5 0.066
17.6 0.068
17.7 0.071
17.8 0.073
17.9 0.075
18.0 0.077
18.1 0.08
18.2 0.082
18.3 0.085
18.4 0.087
18.5 0.09
18.6 0.093
18.7 0.096
18.8 0.099
18.9 0.102
19.0 0.105
19.1 0.108
19.2 0.112
19.3 0.115
19.4 0.119
19.5 0.123
19.6 0.126
19.7 0.13
19.8 0.134
19.9 0.139
20.0 0.143
20.1 0.147
20.2 0.152
20.3 0.157
20.4 0.162
20.5 0.167
20.6 0.172
20.7 0.177
20.8 0.183
20.9 0.189
21.0 0.194
21.1 0.2
21.2 0.207
21.3 0.213
21.4 0.22
21.5 0.227
21.6 0.234
21.7 0.241
21.8 0.249
21.9 0.256
22.0 0.264
22.1 0.273
22.2 0.281
22.3 0.29
22.4 0.299
22.5 0.308
22.6 0.318
22.7 0.328
22.8 0.338
22.9 0.348
23.0 0.359
23.1 0.371
23.2 0.382
23.3 0.394
23.4 0.406
23.5 0.419
23.6 0.432
23.7 0.446
23.8 0.459
23.9 0.474
24.0 0.489
24.1 0.504
24.2 0.519
24.3 0.536
24.4 0.552
24.5 0.57
24.6 0.587
24.7 0.606
24.8 0.625
24.9 0.644
25.0 0.664
25.1 0.685
25.2 0.706
25.3 0.728
25.4 0.751
25.5 0.774
25.6 0.799
25.7 0.823
25.8 0.849
25.9 0.876
26.0 0.903
26.1 0.931
26.2 0.96
26.3 0.99
26.4 1.021
26.5 1.053
26.6 1.086
26.7 1.12
26.8 1.154
26.9 1.19
27.0 1.228
27.1 1.266
27.2 1.305
27.3 1.346
27.4 1.388
27.5 1.431
27.6 1.476
27.7 1.522
27.8 1.569
27.9 1.618
28.0 1.669
28.1 1.721
28.2 1.775
28.3 1.83
28.4 1.887
28.5 1.946
28.6 2.007
28.7 2.069
28.8 2.134
28.9 2.2
29.0 2.269
29.1 2.34
29.2 2.413
29.3 2.488
29.4 2.566
29.5 2.646
29.6 2.728
29.7 2.813
29.8 2.901
29.9 2.991
30.0 3.085
30.1 3.181
30.2 3.28
30.3 3.382
30.4 3.488
30.5 3.597
30.6 3.709
30.7 3.825
30.8 3.944
30.9 4.067
31.0 4.194
31.1 4.324
31.2 4.459
31.3 4.598
31.4 4.742
31.5 4.89
31.6 5.042
31.7 5.2
31.8 5.362
31.9 5.529
32.0 5.701
32.1 5.879
32.2 6.063
32.3 6.252
32.4 6.447
32.5 6.648
32.6 6.855
32.7 7.069
32.8 7.289
32.9 7.517
33.0 7.751
33.1 7.993
33.2 8.242
33.3 8.499
33.4 8.764
33.5 9.038
33.6 9.32
33.7 9.61
33.8 9.91
33.9 10.219
34.0 10.538
34.1 10.867
34.2 11.206
34.3 11.555
34.4 11.916
34.5 12.287
34.6 12.67
34.7 13.066
34.8 13.473
34.9 13.893
35.0 14.327
35.1 14.774
35.2 15.234
35.3 15.71
35.4 16.2
35.5 16.705
35.6 17.226
35.7 17.763
35.8 18.317
35.9 18.889
36.0 19.478
36.1 20.085
36.2 20.712
36.3 21.358
36.4 22.024
36.5 22.711
36.6 23.419
36.7 24.15
36.8 24.903
36.9 25.679
37.0 26.48
37.1 27.306
37.2 28.158
37.3 29.036
37.4 29.942
37.5 30.876
37.6 31.839
37.7 32.832
37.8 33.856
37.9 34.912
38.0 36.001
38.1 37.124
38.2 38.282
38.3 39.476
38.4 40.707
38.5 41.977
38.6 43.286
38.7 44.636
38.8 46.028
38.9 47.464
39.0 48.944
39.1 50.471
39.2 52.045
39.3 53.668
39.4 55.342
39.5 57.068
39.6 58.848
39.7 60.684
39.8 62.577
39.9 64.528
40.0 66.541
40.1 68.617
40.2 70.757
40.3 72.964
40.4 75.239
40.5 77.586
40.6 80.006
40.7 82.502
40.8 85.075
40.9 87.728
41.0 90.465
41.1 93.286
41.2 96.196
41.3 99.196
41.4 102.29
41.5 105.481
41.6 108.771
41.7 112.163
41.8 115.662
41.9 119.269
42.0 122.989
42.1 126.825
42.2 130.781
42.3 134.86
42.4 139.066
42.5 143.404
42.6 147.877
42.7 152.489
42.8 157.245
42.9 162.15
43.0 167.207
43.1 172.423
43.2 177.801
43.3 183.346
43.4 189.065
43.5 194.962
43.6 201.043
43.7 207.313
43.8 213.78
43.9 220.447
44.0 227.323
44.1 234.414
44.2 241.725
44.3 249.264
44.4 257.039
44.5 265.056
44.6 273.323
44.7 281.848
44.8 290.639
44.9 299.705
45.0 309.052
45.1 318.692
45.2 328.632
45.3 338.882
45.4 349.452
45.5 360.352
45.6 371.591
45.7 383.181
45.8 395.133
45.9 407.457
46.0 420.166
46.1 433.271
46.2 446.785
46.3 460.72
46.4 475.09
46.5 489.908
46.6 505.189
46.7 520.946
46.8 537.194
46.9 553.949
47.0 571.227
47.1 589.044
47.2 607.417
47.3 626.362
47.4 645.899
47.5 666.044
47.6 686.818
47.7 708.241
47.8 730.331
47.9 753.11
48.0 776.6
48.1 800.822
48.2 825.8
48.3 851.557
48.4 878.118
48.5 905.506
48.6 933.749
48.7 962.873
48.8 992.906
48.9 1023.875
49.0 1055.81
49.1 1088.741
49.2 1122.699
49.3 1157.716
49.4 1193.826
49.5 1231.062
49.6 1269.459
49.7 1309.054
49.8 1349.884
49.9 1391.987
50.0 1435.404
50.1 1480.174
50.2 1526.342
50.3 1573.949
50.4 1623.041
50.5 1673.664
50.6 1725.866
50.7 1779.696
50.8 1835.206
50.9 1892.446
51.0 1951.473
51.1 2012.34
51.2 2075.105
51.3 2139.828
51.4 2206.57
51.5 2275.394
51.6 2346.364
51.7 2419.548
51.8 2495.015
51.9 2572.835
52.0 2653.083
52.1 2735.833
52.2 2821.165
52.3 2909.158
52.4 2999.896
52.5 3093.464
52.6 3189.95
52.7 3289.445
52.8 3392.044
52.9 3497.843
53.0 3606.942
53.1 3719.444
53.2 3835.455
53.3 3955.084
53.4 4078.444
53.5 4205.653
53.6 4336.828
53.7 4472.095
53.8 4611.582
53.9 4755.418
54.0 4903.742
54.1 5056.691
54.2 5214.411
54.3 5377.05
54.4 5544.762
54.5 5717.705
54.6 5896.042
54.7 6079.942
54.8 6269.578
54.9 6465.128
55.0 6666.777
55.1 6874.716
55.2 7089.141
55.3 7310.254
55.4 7538.263
55.5 7773.384
55.6 8015.839
55.7 8265.856
55.8 8523.671
55.9 8789.527
56.0 9063.675
56.1 9346.374
56.2 9637.891
56.3 9938.5
56.4 10248.485
56.5 10568.139
56.6 10897.763
56.7 11237.668
56.8 11588.175
56.9 11949.614
57.0 12322.326
57.1 12706.664
57.2 13102.989
57.3 13511.676
57.4 13933.11
57.5 14367.688
57.6 14815.822
57.7 15277.932
57.8 15754.456
57.9 16245.843
58.0 16752.556
58.1 17275.074
58.2 17813.89
58.3 18369.511
58.4 18942.463
58.5 19533.285
58.6 20142.534
58.7 20770.787
58.8 21418.635
58.9 22086.69
59.0 22775.581
59.1 23485.959
59.2 24218.495
59.3 24973.878
59.4 25752.822
59.5 26556.061
59.6 27384.354
59.7 28238.481
59.8 29119.249
59.9 30027.488
60.0 30964.056
60.1 31929.836
60.2 32925.738
60.3 33952.703
60.4 35011.7
60.5 36103.727
60.6 37229.814
60.7 38391.025
60.8 39588.454
60.9 40823.232
61.0 42096.523
61.1 43409.528
61.2 44763.486
61.3 46159.674
61.4 47599.411
61.5 49084.053
61.6 50615.001
61.7 52193.7
61.8 53821.64
61.9 55500.355
62.0 57231.43
62.1 59016.498
62.2 60857.243
62.3 62755.402
62.4 64712.764
62.5 66731.178
62.6 68812.546
62.7 70958.833
62.8 73172.064
62.9 75454.325
63.0 77807.772
63.1 80234.623
63.2 82737.169
63.3 85317.769
63.4 87978.86
63.5 90722.951
63.6 93552.631
63.7 96470.57
63.8 99479.52
63.9 102582.321
64.0 105781.898
64.1 109081.272
64.2 112483.555
64.3 115991.955
64.4 119609.785
64.5 123340.455
64.6 127187.486
64.7 131154.508
64.8 135245.262
64.9 139463.608
65.0 143813.526
65.1 148299.12
65.2 152924.62
65.3 157694.392
65.4 162612.934
65.5 167684.887
65.6 172915.037
65.7 178308.316
65.8 183869.814
65.9 189604.777
66.0 195518.615
66.1 201616.908
66.2 207905.409
66.3 214390.05
66.4 221076.95
66.5 227972.416
66.6 235082.954
66.7 242415.272
66.8 249976.288
66.9 257773.135
67.0 265813.168
67.1 274103.972
67.2 282653.369
67.3 291469.425
67.4 300560.457
67.5 309935.041
67.6 319602.021
67.7 329570.518
67.8 339849.936
67.9 350449.973
68.0 361380.628
68.1 372652.214
68.2 384275.365
68.3 396261.046
68.4 408620.565
68.5 421365.581
68.6 434508.118
68.7 448060.576
68.8 462035.74
68.9 476446.794
69.0 491307.333
69.1 506631.378
69.2 522433.385
69.3 538728.263
69.4 555531.383
69.5 572858.598
69.6 590726.255
69.7 609151.21
69.8 628150.846
69.9 647743.087
70.0 667946.417
70.1 688779.896
70.2 710263.178
70.3 732416.531
70.4 755260.855
70.5 778817.701
70.6 803109.293
70.7 828158.548
70.8 853989.099
70.9 880625.313
71.0 908092.319
71.1 936416.031
71.2 965623.17
71.3 995741.289
71.4 1026798.803
71.5 1058825.011
71.6 1091850.128
71.7 1125905.309
71.8 1161022.683
71.9 1197235.38
72.0 1234577.564
72.1 1273084.464
72.2 1312792.406
72.3 1353738.853
72.4 1395962.434
72.5 1439502.983
72.6 1484401.577
72.7 1530700.573
72.8 1578443.651
72.9 1627675.852
73.0 1678443.623
73.1 1730794.857
73.2 1784778.945
73.3 1840446.814
73.4 1897850.984
73.5 1957045.61
73.6 2018086.536
73.7 2081031.35
73.8 2145939.435
73.9 2212872.025
74.0 2281892.265
74.1 2353065.27
74.2 2426458.186
74.3 2502140.253
74.4 2580182.869
74.5 2660659.661
74.6 2743646.552
74.7 2829221.832
74.8 2917466.235
74.9 3008463.012
75.0 3102298.009
75.1 3199059.752
75.2 3298839.527
75.3 3401731.468
75.4 3507832.644
75.5 3617243.152
75.6 3730066.211
75.7 3846408.261
75.8 3966379.059
75.9 4090091.787
76.0 4217663.158
76.1 4349213.525
76.2 4484866.992
76.3 4624751.538
76.4 4768999.131
76.5 4917745.855
76.6 5071132.042
76.7 5229302.396
76.8 5392406.139
76.9 5560597.143
77.0 5734034.082
77.1 5912880.58
77.2 6097305.361
77.3 6287482.415
77.4 6483591.156
77.5 6685816.597
77.6 6894349.518
77.7 7109386.654
77.8 7331130.871
77.9 7559791.368
78.0 7795583.863
78.1 8038730.808
78.2 8289461.59
78.3 8548012.751
78.4 8814628.212
78.5 9089559.501
78.6 9373065.992
78.7 9665415.147
78.8 9966882.774
78.9 10277753.279
79.0 10598319.943
79.1 10928885.191
79.2 11269760.883
79.3 11621268.606
79.4 11983739.975
79.5 12357516.951
79.6 12742952.16
79.7 13140409.225
79.8 13550263.113
79.9 13972900.485
80.0 14408720.063
80.1 14858133.003
80.2 15321563.287
80.3 15799448.122
80.4 16292238.349
80.5 16800398.872
80.6 17324409.098
80.7 17864763.383
80.8 18421971.504
80.9 18996559.138
81.0 19589068.359
81.1 20200058.146
81.2 20830104.914
81.3 21479803.059
81.4 22149765.512
81.5 22840624.325
81.6 23553031.262
81.7 24287658.417
81.8 25045198.846
81.9 25826367.222
82.0 26631900.508
82.1 27462558.655
82.2 28319125.315
82.3 29202408.584
82.4 30113241.763
82.5 31052484.142
82.6 32021021.815
82.7 33019768.511
82.8 34049666.46
82.9 35111687.281
83.0 36206832.897
83.1 37336136.481
83.2 38500663.434
83.3 39701512.383
83.4 40939816.224
83.5 42216743.189
83.6 43533497.945
83.7 44891322.735
83.8 46291498.548
83.9 47735346.327
84.0 49224228.215
84.1 50759548.842
84.2 52342756.648
84.3 53975345.251
84.4 55658854.854
84.5 57394873.701
84.6 59185039.574
84.7 61031041.337
84.8 62934620.531
84.9 64897573.015
85.0 66921750.663
85.1 69009063.108
85.2 71161479.548
85.3 73381030.597
85.4 75669810.208
85.5 78029977.643
85.6 80463759.513
85.7 82973451.878
85.8 85561422.411
85.9 88230112.637
86.0 90982040.229
86.1 93819801.391
86.2 96746073.301
86.3 99763616.638
86.4 102875278.192
86.5 106083993.541
86.6 109392789.826
86.7 112804788.607
86.8 116323208.805
86.9 119951369.74
87.0 123692694.264
87.1 127550711.988
87.2 131529062.613
87.3 135631499.364
87.4 139861892.53
87.5 144224233.115
87.6 148722636.605
87.7 153361346.849
87.8 158144740.063
87.9 163077328.958
88.0 168163766.999
88.1 173408852.794
88.2 178817534.621
88.3 184394915.096
88.4 190146255.989
88.5 196076983.184
88.6 202192691.803
88.7 208499151.48
88.8 215002311.805
88.9 221708307.94
89.0 228623466.403
89.1 235754311.04
89.2 243107569.176
89.3 250690177.966
89.4 258509290.934
89.5 266572284.728
89.6 274886766.075
89.7 283460578.958
89.8 292301812.017
89.9 301418806.179
90.0 310820162.529
90.1 320514750.42
90.2 330511715.845
90.3 340820490.064
90.4 351450798.501
90.5 362412669.918
90.6 373716445.878
90.7 385372790.503
90.8 397392700.531
90.9 409787515.691
91.0 422568929.404
91.1 435748999.811
91.2 449340161.152
91.3 463355235.495
91.4 477807444.833
91.5 492710423.556
91.6 508078231.317
91.7 523925366.294
91.8 540266778.866
91.9 557117885.724
92.0 574494584.407
92.1 592413268.305
92.2 610890842.123
92.3 629944737.831
92.4 649592931.107
92.5 669853958.296
92.6 690746933.9
92.7 712291568.606
92.8 734508187.887
92.9 757417751.174
93.0 781041871.627
93.1 805402836.532
93.2 830523628.32
93.3 856427946.253
93.4 883140228.783
93.5 910685676.601
93.6 939090276.422
93.7 968380825.492
93.8 998584956.872
93.9 1029731165.51
94.0 1061848835.12
94.1 1094968265.903
94.2 1129120703.136
94.3 1164338366.646
94.4 1200654481.208
94.5 1238103307.886
94.6 1276720176.363
94.7 1316541518.265
94.8 1357604901.531
94.9 1399949065.861
95.0 1443613959.256
95.1 1488640775.711
95.2 1535071994.075
95.3 1582951418.127
95.4 1632324217.9
95.5 1683236972.299
95.6 1735737713.038
95.7 1789875969.957
95.8 1845702817.751
95.9 1903270924.15
96.0 1962634599.609
96.1 2023849848.545
96.2 2086974422.174
96.3 2152067872.99
96.4 2219191610.949
96.5 2288408961.407
96.6 2359785224.859
96.7 2433387738.545
96.8 2509285939.975
96.9 2587551432.441
97.0 2668258052.565
97.1 2751481939.96
97.2 2837301609.059
97.3 2925798023.186
97.4 3017054670.941
97.5 3111157644.961
97.6 3208195723.142
97.7 3308260452.394
97.8 3411446235.005
97.9 3517850417.705
98.0 3627573383.501
98.1 3740718646.38
98.2 3857392948.966
98.3 3977706363.223
98.4 4101772394.297
98.5 4229708087.599
98.6 4361634139.225
98.7 4497675009.827
98.8 4637959042.025
98.9 4782618581.489
99.0 4931790101.798
99.1 5085614333.189
99.2 5244236395.322
99.3 5407805934.189
99.4 5576477263.294
99.5 5750409509.231
99.6 5929766761.806
99.7 6114718228.847
99.8 6305438395.826
99.9 6502107190.483
