0.0 0.0
0.1 0.0
0.2 0.0
0.3 0.0
0.4 0.0
0.5 0.0
0.6 0.0
0.7 0.0
0.8 0.0
0.9 0.0
1.0 0.0
1.1 0.0
1.2 0.0
1.3 0.0
1.4 0.0
1.5 0.0
1.6 0.0
1.7 0.0
1.8 0.0
1.9 0.0
2.0 0.0
2.1 0.0
2.2 0.0
2.3 0.0
2.4 0.0
2.5 0.001
2.6 0.001
2.7 0.001
2.8 0.001
2.9 0.001
3.0 0.001
3.1 0.001
3.2 0.001
3.3 0.001
3.4 0.001
3.5 0.001
3.6 0.001
3.7 0.001
3.8 0.001
3.9 0.001
4.0 0.001
4.1 0.001
4.2 0.001
4.3 0.001
4.4 0.001
4.5 0.001
4.6 0.001
4.7 0.001
4.8 0.001
4.9 0.001
5.0 0.001
5.1 0.001
5.2 0.001
5.3 0.001
5.4 0.001
5.5 0.001
5.6 0.001
5.7 0.001
5.8 0.001
5.9 0.001
6.0 0.001
6.1 0.001
6.2 0.001
6.3 0.001
6.4 0.001
6.5 0.001
6.6 0.001
6.7 0.001
6.8 0.001
6.9 0.001
7.0 0.001
7.1 0.001
7.2 0.001
7.3 0.001
7.4 0.001
7.5 0.001
7.6 0.001
7.7 0.001
7.8 0.001
7.9 0.001
8.0 0.001
8.1 0.002
8.2 0.002
8.3 0.002
8.4 0.002
8.5 0.002
8.6 0.002
8.7 0.002
8.8 0.002
8.9 0.002
9.0 0.002
9.1 0.002
9.2 0.002
9.3 0.002
9.4 0.002
9.5 0.002
9.6 0.002
9.7 0.002
9.8 0.002
9.9 0.002
10.0 0.002
10.1 0.002
10.2 0.002
10.3 0.002
10.4 0.002
10.5 0.002
10.6 0.002
10.7 0.003
10.8 0.003
10.9 0.003
11.0 0.003
11.1 0.003
11.2 0.003
11.3 0.003
11.4 0.003
11.5 0.003
11.6 0.003
11.7 0.003
11.8 0.003
11.9 0.003
12.0 0.003
12.1 0.003
12.2 0.003
12.3 0.003
12.4 0.004
12.5 0.004
12.6 0.004
12.7 0.004
12.8 0.004
12.9 0.004
13.0 0.004
13.1 0.004
13.2 0.004
13.3 0.004
13.4 0.004
13.5 0.004
13.6 0.005
13.7 0.005
13.8 0.005
13.9 0.005
14.0 0.005
14.1 0.005
14.2 0.005
14.3 0.005
14.4 0.005
14.5 0.005
14.6 0.005
14.7 0.006
14.8 0.006
14.9 0.006
15.0 0.006
15.1 0.006
15.2 0.006
15.3 0.006
15.4 0.006
15.5 0.007
15.6 0.007
15.7 0.007
15.8 0.007
15.9 0.007
16.0 0.007
16.1 0.007
16.2 0.008
16.3 0.008
16.4 0.008
16.5 0.008
16.6 0.008
16.7 0.008
16.8 0.008
16.9 0.009
17.0 0.009
17.1 0.009
17.2 0.009
17.3 0.009
17.4 0.01
17.5 0.01
17.6 0.01
17.7 0.01
17.8 0.01
17.9 0.011
18.0 0.011
18.1 0.011
18.2 0.011
18.3 0.011
18.4 0.012
18.5 0.012
18.6 0.012
18.7 0.012
18.8 0.013
18.9 0.013
19.0 0.013
19.1 0.013
19.2 0.014
19.3 0.014
19.4 0.014
19.5 0.014
19.6 0.015
19.7 0.015
19.8 0.015
19.9 0.016
20.0 0.016
20.1 0.016
20.2 0.017
20.3 0.017
20.4 0.017
20.5 0.018
20.6 0.018
20.7 0.018
20.8 0.019
20.9 0.019
21.0 0.019
21.1 0.02
21.2 0.02
21.3 0.021
21.4 0.021
21.5 0.022
21.6 0.022
21.7 0.022
21.8 0.023
21.9 0.023
22.0 0.024
22.1 0.024
22.2 0.025
22.3 0.025
22.4 0.026
22.5 0.026
22.6 0.027
22.7 0.027
22.8 0.028
22.9 0.028
23.0 0.029
23.1 0.03
23.2 0.03
23.3 0.031
23.4 0.031
23.5 0.032
23.6 0.033
23.7 0.033
23.8 0.034
23.9 0.035
24.0 0.035
24.1 0.036
24.2 0.037
24.3 0.037
24.4 0.038
24.5 0.039
24.6 0.04
24.7 0.041
24.8 0.041
24.9 0.042
25.0 0.043
25.1 0.044
25.2 0.045
25.3 0.046
25.4 0.047
25.5 0.047
25.6 0.048
25.7 0.049
25.8 0.05
25.9 0.051
26.0 0.052
26.1 0.053
26.2 0.055
26.3 0.056
26.4 0.057
26.5 0.058
26.6 0.059
26.7 0.06
26.8 0.061
26.9 0.063
27.0 0.064
27.1 0.065
27.2 0.066
27.3 0.068
27.4 0.069
27.5 0.071
27.6 0.072
27.7 0.073
27.8 0.075
27.9 0.076
28.0 0.078
28.1 0.079
28.2 0.081
28.3 0.083
28.4 0.084
28.5 0.086
28.6 0.088
28.7 0.089
28.8 0.091
28.9 0.093
29.0 0.095
29.1 0.097
29.2 0.099
29.3 0.101
29.4 0.103
29.5 0.105
29.6 0.107
29.7 0.109
29.8 0.111
29.9 0.113
30.0 0.116
30.1 0.118
30.2 0.12
30.3 0.123
30.4 0.125
30.5 0.128
30.6 0.13
30.7 0.133
30.8 0.136
30.9 0.138
31.0 0.141
31.1 0.144
31.2 0.147
31.3 0.15
31.4 0.153
31.5 0.156
31.6 0.159
31.7 0.162
31.8 0.165
31.9 0.168
32.0 0.172
32.1 0.175
32.2 0.179
32.3 0.182
32.4 0.186
32.5 0.19
32.6 0.194
32.7 0.197
32.8 0.201
32.9 0.205
33.0 0.209
33.1 0.214
33.2 0.218
33.3 0.222
33.4 0.227
33.5 0.231
33.6 0.236
33.7 0.241
33.8 0.245
33.9 0.25
34.0 0.255
34.1 0.26
34.2 0.266
34.3 0.271
34.4 0.276
34.5 0.282
34.6 0.287
34.7 0.293
34.8 0.299
34.9 0.305
35.0 0.311
35.1 0.317
35.2 0.324
35.3 0.33
35.4 0.337
35.5 0.343
35.6 0.35
35.7 0.357
35.8 0.365
35.9 0.372
36.0 0.379
36.1 0.387
36.2 0.395
36.3 0.402
36.4 0.41
36.5 0.419
36.6 0.427
36.7 0.436
36.8 0.444
36.9 0.453
37.0 0.462
37.1 0.471
37.2 0.481
37.3 0.49
37.4 0.5
37.5 0.51
37.6 0.52
37.7 0.531
37.8 0.541
37.9 0.552
38.0 0.563
38.1 0.575
38.2 0.586
38.3 0.598
38.4 0.61
38.5 0.622
38.6 0.634
38.7 0.647
38.8 0.66
38.9 0.673
39.0 0.687
39.1 0.7
39.2 0.714
39.3 0.729
39.4 0.743
39.5 0.758
39.6 0.773
39.7 0.789
39.8 0.804
39.9 0.82
40.0 0.837
40.1 0.853
40.2 0.871
40.3 0.888
40.4 0.906
40.5 0.924
40.6 0.942
40.7 0.961
40.8 0.98
40.9 1.0
41.0 1.02
41.1 1.04
41.2 1.061
41.3 1.082
41.4 1.104
41.5 1.126
41.6 1.148
41.7 1.171
41.8 1.195
41.9 1.219
42.0 1.243
42.1 1.268
42.2 1.293
42.3 1.319
42.4 1.345
42.5 1.372
42.6 1.4
42.7 1.428
42.8 1.456
42.9 1.485
43.0 1.515
43.1 1.545
43.2 1.576
43.3 1.608
43.4 1.64
43.5 1.672
43.6 1.706
43.7 1.74
43.8 1.775
43.9 1.81
44.0 1.846
44.1 1.883
44.2 1.921
44.3 1.959
44.4 1.998
44.5 2.038
44.6 2.079
44.7 2.121
44.8 2.163
44.9 2.206
45.0 2.25
45.1 2.295
45.2 2.341
45.3 2.388
45.4 2.436
45.5 2.484
45.6 2.534
45.7 2.585
45.8 2.636
45.9 2.689
46.0 2.743
46.1 2.797
46.2 2.853
46.3 2.91
46.4 2.968
46.5 3.028
46.6 3.088
46.7 3.15
46.8 3.213
46.9 3.277
47.0 3.343
47.1 3.409
47.2 3.478
47.3 3.547
47.4 3.618
47.5 3.69
47.6 3.764
47.7 3.839
47.8 3.916
47.9 3.994
48.0 4.074
48.1 4.155
48.2 4.238
48.3 4.323
48.4 4.409
48.5 4.498
48.6 4.587
48.7 4.679
48.8 4.773
48.9 4.868
49.0 4.965
49.1 5.065
49.2 5.166
49.3 5.269
49.4 5.374
49.5 5.482
49.6 5.591
49.7 5.703
49.8 5.817
49.9 5.933
50.0 6.052
50.1 6.173
50.2 6.296
50.3 6.422
50.4 6.55
50.5 6.681
50.6 6.814
50.7 6.951
50.8 7.089
50.9 7.231
51.0 7.376
51.1 7.523
51.2 7.673
51.3 7.827
51.4 7.983
51.5 8.143
51.6 8.305
51.7 8.471
51.8 8.641
51.9 8.813
52.0 8.989
52.1 9.169
52.2 9.352
52.3 9.539
52.4 9.73
52.5 9.924
52.6 10.122
52.7 10.325
52.8 10.531
52.9 10.741
53.0 10.956
53.1 11.175
53.2 11.398
53.3 11.626
53.4 11.858
53.5 12.095
53.6 12.337
53.7 12.584
53.8 12.835
53.9 13.091
54.0 13.353
54.1 13.62
54.2 13.892
54.3 14.17
54.4 14.453
54.5 14.742
54.6 15.036
54.7 15.337
54.8 15.643
54.9 15.956
55.0 16.275
55.1 16.6
55.2 16.931
55.3 17.27
55.4 17.615
55.5 17.967
55.6 18.326
55.7 18.692
55.8 19.066
55.9 19.447
56.0 19.835
56.1 20.232
56.2 20.636
56.3 21.048
56.4 21.469
56.5 21.898
56.6 22.335
56.7 22.782
56.8 23.237
56.9 23.701
57.0 24.175
57.1 24.658
57.2 25.151
57.3 25.653
57.4 26.166
57.5 26.689
57.6 27.222
57.7 27.766
57.8 28.321
57.9 28.887
58.0 29.464
58.1 30.053
58.2 30.653
58.3 31.266
58.4 31.891
58.5 32.528
58.6 33.178
58.7 33.841
58.8 34.517
58.9 35.207
59.0 35.91
59.1 36.628
59.2 37.36
59.3 38.106
59.4 38.868
59.5 39.644
59.6 40.437
59.7 41.245
59.8 42.069
59.9 42.909
60.0 43.767
60.1 44.641
60.2 45.533
60.3 46.443
60.4 47.371
60.5 48.318
60.6 49.284
60.7 50.268
60.8 51.273
60.9 52.297
61.0 53.342
61.1 54.408
61.2 55.496
61.3 56.605
61.4 57.736
61.5 58.889
61.6 60.066
61.7 61.266
61.8 62.491
61.9 63.739
62.0 65.013
62.1 66.312
62.2 67.637
62.3 68.989
62.4 70.367
62.5 71.773
62.6 73.208
62.7 74.671
62.8 76.163
62.9 77.685
63.0 79.237
63.1 80.82
63.2 82.435
63.3 84.083
63.4 85.763
63.5 87.477
63.6 89.225
63.7 91.007
63.8 92.826
63.9 94.681
64.0 96.573
64.1 98.503
64.2 100.471
64.3 102.479
64.4 104.526
64.5 106.615
64.6 108.746
64.7 110.919
64.8 113.135
64.9 115.396
65.0 117.702
65.1 120.054
65.2 122.453
65.3 124.9
65.4 127.395
65.5 129.941
65.6 132.538
65.7 135.186
65.8 137.887
65.9 140.643
66.0 143.453
66.1 146.32
66.2 149.244
66.3 152.226
66.4 155.268
66.5 158.37
66.6 161.535
66.7 164.763
66.8 168.055
66.9 171.413
67.0 174.839
67.1 178.332
67.2 181.896
67.3 185.531
67.4 189.238
67.5 193.019
67.6 196.877
67.7 200.811
67.8 204.823
67.9 208.916
68.0 213.091
68.1 217.349
68.2 221.692
68.3 226.122
68.4 230.641
68.5 235.249
68.6 239.95
68.7 244.745
68.8 249.636
68.9 254.624
69.0 259.712
69.1 264.902
69.2 270.195
69.3 275.594
69.4 281.102
69.5 286.719
69.6 292.448
69.7 298.292
69.8 304.253
69.9 310.332
70.0 316.534
70.1 322.859
70.2 329.31
70.3 335.891
70.4 342.603
70.5 349.449
70.6 356.432
70.7 363.554
70.8 370.819
70.9 378.229
71.0 385.787
71.1 393.496
71.2 401.359
71.3 409.379
71.4 417.559
71.5 425.903
71.6 434.414
71.7 443.094
71.8 451.949
71.9 460.98
72.0 470.191
72.1 479.587
72.2 489.17
72.3 498.945
72.4 508.915
72.5 519.085
72.6 529.457
72.7 540.037
72.8 550.829
72.9 561.836
73.0 573.062
73.1 584.514
73.2 596.194
73.3 608.107
73.4 620.259
73.5 632.653
73.6 645.295
73.7 658.19
73.8 671.342
73.9 684.757
74.0 698.44
74.1 712.397
74.2 726.633
74.3 741.153
74.4 755.963
74.5 771.069
74.6 786.477
74.7 802.192
74.8 818.222
74.9 834.572
75.0 851.249
75.1 868.259
75.2 885.61
75.3 903.306
75.4 921.357
75.5 939.768
75.6 958.547
75.7 977.701
75.8 997.238
75.9 1017.165
76.0 1037.491
76.1 1058.222
76.2 1079.368
76.3 1100.937
76.4 1122.936
76.5 1145.376
76.6 1168.263
76.7 1191.608
76.8 1215.419
76.9 1239.707
77.0 1264.479
77.1 1289.747
77.2 1315.519
77.3 1341.806
77.4 1368.619
77.5 1395.968
77.6 1423.863
77.7 1452.315
77.8 1481.336
77.9 1510.937
78.0 1541.129
78.1 1571.925
78.2 1603.336
78.3 1635.375
78.4 1668.054
78.5 1701.386
78.6 1735.384
78.7 1770.061
78.8 1805.431
78.9 1841.509
79.0 1878.307
79.1 1915.84
79.2 1954.123
79.3 1993.172
79.4 2033.0
79.5 2073.625
79.6 2115.061
79.7 2157.325
79.8 2200.434
79.9 2244.405
80.0 2289.254
80.1 2334.999
80.2 2381.658
80.3 2429.249
80.4 2477.792
80.5 2527.305
80.6 2577.807
80.7 2629.318
80.8 2681.858
80.9 2735.449
81.0 2790.11
81.1 2845.863
81.2 2902.731
81.3 2960.735
81.4 3019.898
81.5 3080.243
81.6 3141.794
81.7 3204.575
81.8 3268.611
81.9 3333.926
82.0 3400.547
82.1 3468.498
82.2 3537.808
82.3 3608.502
82.4 3680.609
82.5 3754.157
82.6 3829.175
82.7 3905.691
82.8 3983.737
82.9 4063.342
83.0 4144.538
83.1 4227.357
83.2 4311.83
83.3 4397.991
83.4 4485.875
83.5 4575.514
83.6 4666.944
83.7 4760.202
83.8 4855.323
83.9 4952.344
84.0 5051.305
84.1 5152.243
84.2 5255.198
84.3 5360.21
84.4 5467.321
84.5 5576.572
84.6 5688.006
84.7 5801.667
84.8 5917.599
84.9 6035.847
85.0 6156.459
85.1 6279.481
85.2 6404.961
85.3 6532.948
85.4 6663.493
85.5 6796.647
85.6 6932.461
85.7 7070.989
85.8 7212.286
85.9 7356.406
86.0 7503.405
86.1 7653.343
86.2 7806.276
86.3 7962.265
86.4 8121.372
86.5 8283.657
86.6 8449.186
86.7 8618.022
86.8 8790.232
86.9 8965.883
87.0 9145.045
87.1 9327.786
87.2 9514.179
87.3 9704.297
87.4 9898.213
87.5 10096.005
87.6 10297.749
87.7 10503.524
87.8 10713.411
87.9 10927.492
88.0 11145.851
88.1 11368.574
88.2 11595.747
88.3 11827.46
88.4 12063.803
88.5 12304.868
88.6 12550.751
88.7 12801.547
88.8 13057.354
88.9 13318.274
89.0 13584.407
89.1 13855.858
89.2 14132.733
89.3 14415.141
89.4 14703.192
89.5 14997.0
89.6 15296.678
89.7 15602.345
89.8 15914.119
89.9 16232.124
90.0 16556.483
90.1 16887.324
90.2 17224.776
90.3 17568.971
90.4 17920.043
90.5 18278.132
90.6 18643.375
90.7 19015.918
90.8 19395.904
90.9 19783.484
91.0 20178.808
91.1 20582.032
91.2 20993.314
91.3 21412.814
91.4 21840.696
91.5 22277.129
91.6 22722.283
91.7 23176.332
91.8 23639.454
91.9 24111.831
92.0 24593.647
92.1 25085.091
92.2 25586.355
92.3 26097.635
92.4 26619.133
92.5 27151.051
92.6 27693.598
92.7 28246.987
92.8 28811.433
92.9 29387.159
93.0 29974.39
93.1 30573.355
93.2 31184.288
93.3 31807.43
93.4 32443.023
93.5 33091.318
93.6 33752.567
93.7 34427.029
93.8 35114.969
93.9 35816.655
94.0 36532.364
94.1 37262.373
94.2 38006.971
94.3 38766.447
94.4 39541.099
94.5 40331.231
94.6 41137.152
94.7 41959.177
94.8 42797.629
94.9 43652.834
95.0 44525.129
95.1 45414.855
95.2 46322.36
95.3 47247.999
95.4 48192.134
95.5 49155.136
95.6 50137.381
95.7 51139.254
95.8 52161.146
95.9 53203.459
96.0 54266.6
96.1 55350.985
96.2 56457.039
96.3 57585.194
96.4 58735.893
96.5 59909.586
96.6 61106.733
96.7 62327.801
96.8 63573.269
96.9 64843.625
97.0 66139.366
97.1 67461.0
97.2 68809.042
97.3 70184.023
97.4 71586.478
97.5 73016.959
97.6 74476.024
97.7 75964.245
97.8 77482.204
97.9 79030.496
98.0 80609.727
98.1 82220.515
98.2 83863.49
98.3 85539.297
98.4 87248.59
98.5 88992.04
98.6 90770.327
98.7 92584.15
98.8 94434.218
98.9 96321.254
99.0 98245.998
99.1 100209.204
99.2 102211.639
99.3 104254.089
99.4 106337.351
99.5 108462.243
99.6 110629.595
99.7 112840.256
99.8 115095.092
99.9 117394.986
