0.0 0.0
0.1 0.0
0.2 0.0
0.3 0.0
0.4 0.0
0.5 0.0
0.6 0.0
0.7 0.0
0.8 0.0
0.9 0.0
1.0 0.0
1.1 0.001
1.2 0.001
1.3 0.001
1.4 0.001
1.5 0.001
1.6 0.001
1.7 0.001
1.8 0.001
1.9 0.001
2.0 0.001
2.1 0.001
2.2 0.001
2.3 0.001
2.4 0.001
2.5 0.001
2.6 0.001
2.7 0.001
2.8 0.001
2.9 0.001
3.0 0.001
3.1 0.001
3.2 0.001
3.3 0.001
3.4 0.001
3.5 0.002
3.6 0.002
3.7 0.002
3.8 0.002
3.9 0.002
4.0 0.002
4.1 0.002
4.2 0.002
4.3 0.002
4.4 0.002
4.5 0.002
4.6 0.003
4.7 0.003
4.8 0.003
4.9 0.003
5.0 0.003
5.1 0.003
5.2 0.003
5.3 0.004
5.4 0.004
5.5 0.004
5.6 0.004
5.7 0.004
5.8 0.004
5.9 0.005
6.0 0.005
6.1 0.005
6.2 0.005
6.3 0.006
6.4 0.006
6.5 0.006
6.6 0.006
6.7 0.007
6.8 0.007
6.9 0.007
7.0 0.008
7.1 0.008
7.2 0.008
7.3 0.009
7.4 0.009
7.5 0.01
7.6 0.01
7.7 0.01
7.8 0.011
7.9 0.011
8.0 0.012
8.1 0.013
8.2 0.013
8.3 0.014
8.4 0.014
8.5 0.015
8.6 0.016
8.7 0.017
8.8 0.017
8.9 0.018
9.0 0.019
9.1 0.02
9.2 0.021
9.3 0.022
9.4 0.023
9.5 0.024
9.6 0.025
9.7 0.026
9.8 0.027
9.9 0.029
10.0 0.03
10.1 0.031
10.2 0.033
10.3 0.034
10.4 0.036
10.5 0.038
10.6 0.039
10.7 0.041
10.8 0.043
10.9 0.045
11.0 0.047
11.1 0.049
11.2 0.052
11.3 0.054
11.4 0.057
11.5 0.059
11.6 0.062
11.7 0.065
11.8 0.068
11.9 0.071
12.0 0.075
12.1 0.078
12.2 0.082
12.3 0.085
12.4 0.089
12.5 0.094
12.6 0.098
12.7 0.103
12.8 0.107
12.9 0.112
13.0 0.118
13.1 0.123
13.2 0.129
13.3 0.135
13.4 0.141
13.5 0.148
13.6 0.155
13.7 0.162
13.8 0.169
13.9 0.177
14.0 0.186
14.1 0.194
14.2 0.203
14.3 0.213
14.4 0.223
14.5 0.233
14.6 0.244
14.7 0.256
14.8 0.267
14.9 0.28
15.0 0.293
15.1 0.307
15.2 0.321
15.3 0.336
15.4 0.352
15.5 0.368
15.6 0.385
15.7 0.403
15.8 0.422
15.9 0.442
16.0 0.462
16.1 0.484
16.2 0.507
16.3 0.53
16.4 0.555
16.5 0.581
16.6 0.608
16.7 0.636
16.8 0.666
16.9 0.697
17.0 0.73
17.1 0.764
17.2 0.799
17.3 0.837
17.4 0.876
17.5 0.917
17.6 0.959
17.7 1.004
17.8 1.051
17.9 1.1
18.0 1.151
18.1 1.205
18.2 1.261
18.3 1.32
18.4 1.382
18.5 1.446
18.6 1.514
18.7 1.584
18.8 1.658
18.9 1.736
19.0 1.817
19.1 1.902
19.2 1.99
19.3 2.083
19.4 2.181
19.5 2.282
19.6 2.389
19.7 2.5
19.8 2.617
19.9 2.739
20.0 2.867
20.1 3.001
20.2 3.141
20.3 3.287
20.4 3.441
20.5 3.602
20.6 3.77
20.7 3.946
20.8 4.13
20.9 4.322
21.0 4.524
21.1 4.735
21.2 4.956
21.3 5.188
21.4 5.43
21.5 5.683
21.6 5.949
21.7 6.226
21.8 6.517
21.9 6.821
22.0 7.139
22.1 7.473
22.2 7.821
22.3 8.186
22.4 8.568
22.5 8.968
22.6 9.387
22.7 9.825
22.8 10.284
22.9 10.764
23.0 11.266
23.1 11.792
23.2 12.342
23.3 12.918
23.4 13.521
23.5 14.152
23.6 14.813
23.7 15.504
23.8 16.228
23.9 16.985
24.0 17.778
24.1 18.608
24.2 19.476
24.3 20.385
24.4 21.337
24.5 22.333
24.6 23.375
24.7 24.466
24.8 25.608
24.9 26.803
25.0 28.054
25.1 29.363
25.2 30.734
25.3 32.168
25.4 33.67
25.5 35.241
25.6 36.886
25.7 38.608
25.8 40.41
25.9 42.296
26.0 44.27
26.1 46.336
26.2 48.499
26.3 50.763
26.4 53.132
26.5 55.612
26.6 58.207
26.7 60.924
26.8 63.768
26.9 66.744
27.0 69.859
27.1 73.12
27.2 76.532
27.3 80.104
27.4 83.843
27.5 87.757
27.6 91.852
27.7 96.14
27.8 100.627
27.9 105.323
28.0 110.239
28.1 115.385
28.2 120.77
28.3 126.407
28.4 132.307
28.5 138.482
28.6 144.945
28.7 151.71
28.8 158.791
28.9 166.203
29.0 173.96
29.1 182.079
29.2 190.578
29.3 199.473
29.4 208.783
29.5 218.528
29.6 228.727
29.7 239.403
29.8 250.576
29.9 262.272
30.0 274.513
30.1 287.326
30.2 300.736
30.3 314.773
30.4 329.464
30.5 344.842
30.6 360.937
30.7 377.783
30.8 395.415
30.9 413.871
31.0 433.188
31.1 453.406
31.2 474.569
31.3 496.719
31.4 519.902
31.5 544.168
31.6 569.566
31.7 596.15
31.8 623.975
31.9 653.098
32.0 683.581
32.1 715.486
32.2 748.88
32.3 783.833
32.4 820.418
32.5 858.71
32.6 898.789
32.7 940.739
32.8 984.647
32.9 1030.604
33.0 1078.706
33.1 1129.053
33.2 1181.75
33.3 1236.907
33.4 1294.638
33.5 1355.064
33.6 1418.31
33.7 1484.508
33.8 1553.795
33.9 1626.317
34.0 1702.223
34.1 1781.672
34.2 1864.83
34.3 1951.868
34.4 2042.969
34.5 2138.322
34.6 2238.126
34.7 2342.588
34.8 2451.925
34.9 2566.366
35.0 2686.147
35.1 2811.52
35.2 2942.744
35.3 3080.093
35.4 3223.853
35.5 3374.322
35.6 3531.814
35.7 3696.657
35.8 3869.194
35.9 4049.784
36.0 4238.803
36.1 4436.644
36.2 4643.719
36.3 4860.459
36.4 5087.314
36.5 5324.758
36.6 5573.285
36.7 5833.411
36.8 6105.678
36.9 6390.653
37.0 6688.929
37.1 7001.127
37.2 7327.896
37.3 7669.916
37.4 8027.9
37.5 8402.592
37.6 8794.773
37.7 9205.258
37.8 9634.902
37.9 10084.599
38.0 10555.285
38.1 11047.94
38.2 11563.589
38.3 12103.305
38.4 12668.212
38.5 13259.485
38.6 13878.355
38.7 14526.11
38.8 15204.099
38.9 15913.731
39.0 16656.485
39.1 17433.906
39.2 18247.612
39.3 19099.296
39.4 19990.732
39.5 20923.775
39.6 21900.366
39.7 22922.539
39.8 23992.42
39.9 25112.236
40.0 26284.319
40.1 27511.107
40.2 28795.154
40.3 30139.132
40.4 31545.839
40.5 33018.202
40.6 34559.285
40.7 36172.297
40.8 37860.594
40.9 39627.691
41.0 41477.264
41.1 43413.164
41.2 45439.42
41.3 47560.249
41.4 49780.064
41.5 52103.487
41.6 54535.353
41.7 57080.723
41.8 59744.895
41.9 62533.414
42.0 65452.084
42.1 68506.979
42.2 71704.457
42.3 75051.174
42.4 78554.095
42.5 82220.51
42.6 86058.051
42.7 90074.704
42.8 94278.829
42.9 98679.176
43.0 103284.905
43.1 108105.6
43.2 113151.295
43.3 118432.492
43.4 123960.182
43.5 129745.87
43.6 135801.598
43.7 142139.969
43.8 148774.176
43.9 155718.027
44.0 162985.973
44.1 170593.141
44.2 178555.365
44.3 186889.216
44.4 195612.039
44.5 204741.989
44.6 214298.067
44.7 224300.164
44.8 234769.097
44.9 245726.654
45.0 257195.641
45.1 269199.93
45.2 281764.503
45.3 294915.513
45.4 308680.329
45.5 323087.601
45.6 338167.315
45.7 353950.856
45.8 370471.074
45.9 387762.353
46.0 405860.681
46.1 424803.726
46.2 444630.914
46.3 465383.512
46.4 487104.711
46.5 509839.721
46.6 533635.859
46.7 558542.652
46.8 584611.939
46.9 611897.977
47.0 640457.558
47.1 670350.122
47.2 701637.884
47.3 734385.964
47.4 768662.52
47.5 804538.892
47.6 842089.749
47.7 881393.245
47.8 922531.184
47.9 965589.185
48.0 1010656.865
48.1 1057828.024
48.2 1107200.837
48.3 1158878.066
48.4 1212967.266
48.5 1269581.011
48.6 1328837.134
48.7 1390858.962
48.8 1455775.583
48.9 1523722.106
49.0 1594839.95
49.1 1669277.13
49.2 1747188.574
49.3 1828736.438
49.4 1914090.448
49.5 2003428.251
49.6 2096935.785
49.7 2194807.667
49.8 2297247.598
49.9 2404468.786
50.0 2516694.391
50.1 2634157.987
50.2 2757104.05
50.3 2885788.469
50.4 3020479.074
50.5 3161456.197
50.6 3309013.252
50.7 3463457.349
50.8 3625109.934
50.9 3794307.454
51.0 3971402.058
51.1 4156762.333
51.2 4350774.07
51.3 4553841.065
51.4 4766385.96
51.5 4988851.125
51.6 5221699.577
51.7 5465415.942
51.8 5720507.466
51.9 5987505.072
52.0 6266964.46
52.1 6559467.269
52.2 6865622.285
52.3 7186066.708
52.4 7521467.477
52.5 7872522.662
52.6 8239962.913
52.7 8624552.983
52.8 9027093.319
52.9 9448421.726
53.0 9889415.116
53.1 10350991.326
53.2 10834111.035
53.3 11339779.758
53.4 11869049.942
53.5 12423023.158
53.6 13002852.387
53.7 13609744.428
53.8 14244962.404
53.9 14909828.393
54.0 15605726.179
54.1 16334104.133
54.2 17096478.226
54.3 17894435.187
54.4 18729635.801
54.5 19603818.37
54.6 20518802.328
54.7 21476492.03
54.8 22478880.713
54.9 23528054.648
55.0 24626197.478
55.1 25775594.764
55.2 26978638.747
55.3 28237833.318
55.4 29555799.238
55.5 30935279.585
55.6 32379145.47
55.7 33890402.009
55.8 35472194.575
55.9 37127815.352
56.0 38860710.18
56.1 40674485.729
56.2 42572917.006
56.3 44559955.214
56.4 46639735.971
56.5 48816587.92
56.6 51095041.739
56.7 53479839.571
56.8 55975944.89
56.9 58588552.835
57.0 61323101.022
57.1 64185280.861
57.2 67181049.401
57.3 70316641.73
57.4 73598583.95
57.5 77033706.761
57.6 80629159.678
57.7 84392425.909
57.8 88331337.934
57.9 92454093.802
58.0 96769274.197
58.1 101285860.296
58.2 106013252.462
58.3 110961289.805
58.4 116140270.667
58.5 121560974.051
58.6 127234682.056
58.7 133173203.359
58.8 139388897.794
58.9 145894702.073
59.0 152704156.715
59.1 159831434.224
59.2 167291368.589
59.3 175099486.157
59.4 183272037.948
59.5 191826033.479
59.6 200779276.164
59.7 210150400.369
59.8 219958910.198
59.9 230225220.082
60.0 240970697.274
60.1 252217706.314
60.2 263989655.58
60.3 276311046.007
60.4 289207522.083
60.5 302705925.216
60.6 316834349.609
60.7 331622200.723
60.8 347100256.485
60.9 363300731.341
61.0 380257343.31
61.1 398005384.155
61.2 416581792.839
61.3 436025232.406
61.4 456376170.449
61.5 477676963.336
61.6 499971944.367
61.7 523307516.043
61.8 547732246.643
61.9 573296971.313
62.0 600054897.865
62.1 628061717.519
62.2 657375720.817
62.3 688057918.935
62.4 720172170.675
62.5 753785315.366
62.6 788967311.981
62.7 825791384.743
62.8 864334175.523
62.9 904675903.357
63.0 946900531.406
63.1 991095941.707
63.2 1037354118.081
63.3 1085771337.583
63.4 1136448370.878
63.5 1189490691.978
63.6 1245008697.763
63.7 1303117937.753
63.8 1363939354.595
63.9 1427599535.789
64.0 1494230977.145
64.1 1563972358.556
64.2 1636968832.624
64.3 1713372326.768
64.4 1793341859.436
64.5 1877043871.061
64.6 1964652570.478
64.7 2056350297.504
64.8 2152327902.443
64.9 2252785143.299
65.0 2357931101.533
65.1 2467984617.226
65.2 2583174744.548
65.3 2703741228.489
65.4 2829935003.84
65.5 2962018717.462
65.6 3100267274.934
65.7 3244968412.712
65.8 3396423296.996
65.9 3554947150.544
66.0 3720869908.747
66.1 3894536906.323
66.2 4076309596.059
66.3 4266566301.103
66.4 4465703002.37
66.5 4674134162.692
66.6 4892293589.441
66.7 5120635337.413
66.8 5359634653.846
66.9 5609788967.559
67.0 5871618924.242
67.1 6145669470.079
67.2 6432510985.944
67.3 6732740474.531
67.4 7046982802.897
67.5 7375892002.993
67.6 7720152632.904
67.7 8080481201.616
67.8 8457627660.285
67.9 8852376963.109
68.0 9265550701.051
68.1 9698008811.815
68.2 10150651369.636
68.3 10624420458.595
68.4 11120302133.385
68.5 11639328471.581
68.6 12182579721.701
68.7 12751186551.523
68.8 13346332401.349
68.9 13969255947.088
69.0 14621253678.316
69.1 15303682596.656
69.2 16017963040.099
69.3 16765581639.157
69.4 17548094410.979
69.5 18367129997.89
69.6 19224393057.08
69.7 20121667808.5
69.8 21060821748.364
69.9 22043809535.956
70.0 23072677061.865
70.1 24149565706.091
70.2 25276716794.893
70.3 26456476265.662
70.4 27691299549.511
70.5 28983756681.761
70.6 30336537650.952
70.7 31752457997.509
70.8 33234464673.721
70.9 34785642177.227
71.0 36409218970.779
71.1 38108574201.627
71.2 39887244734.54
71.3 41748932513.071
71.4 43697512264.407
71.5 45737039563.83
71.6 47871759275.579
71.7 50106114387.677
71.8 52444755259.114
71.9 54892549298.63
72.0 57454591095.245
72.1 60136213021.612
72.2 62942996332.281
72.3 65880782779.949
72.4 68955686773.888
72.5 72174108105.859
72.6 75542745269.977
72.7 79068609404.283
72.8 82759038883.007
72.9 86621714589.911
73.0 90664675904.504
73.1 94896337434.38
73.2 99325506528.528
73.3 103961401608.051
73.4 108813671352.446
73.5 113892414781.383
73.6 119208202273.776
73.7 124772097567.892
73.8 130595680788.286
73.9 136691072547.496
74.0 143070959172.646
74.1 149748619109.477
74.2 156737950558.752
74.3 164053500402.548
74.4 171710494480.663
74.5 179724869280.117
74.6 188113305103.742
74.7 196893260786.854
74.8 206083010034.302
74.9 215701679453.49
75.0 225769288362.547
75.1 236306790456.499
75.2 247336117418.154
75.3 258880224564.466
75.4 270963138623.398
75.5 283610007740.702
75.6 296847153820.706
75.7 310702127310.043
75.8 325203764538.343
75.9 340382247735.23
76.0 356269167848.539
76.1 372897590294.492
76.2 390302123776.69
76.3 408518992317.138
76.4 427586110649.232
76.5 447543163129.62
76.6 468431686333.181
76.7 490295155503.014
76.8 513179075035.379
76.9 537131073187.91
77.0 562201001208.215
77.1 588441037089.183
77.2 615905794166.938
77.3 644652434787.471
77.4 674740789278.522
77.5 706233480474.323
77.6 739196054052.387
77.7 773697114953.594
77.8 809808470169.528
77.9 847605278194.226
78.0 887166205451.41
78.1 928573590022.762
78.2 971913613018.011
78.3 1017276477943.519
78.4 1064756598442.658
78.5 1114452794798.745
78.6 1166468499609.512
78.7 1220911973061.165
78.8 1277896528250.108
78.9 1337540767021.266
79.0 1399968826813.882
79.1 1465310639028.527
79.2 1533702199453.073
79.3 1605285851310.47
79.4 1680210581517.408
79.5 1758632330770.518
79.6 1840714318105.431
79.7 1926627380604.246
79.8 2016550328958.42
79.9 2110670319627.112
80.0 2209183244365.568
80.1 2312294137934.246
80.2 2420217604837.28
80.3 2533178265978.4
80.4 2651411226164.012
80.5 2775162563426.354
80.6 2904689841185.25
80.7 3040262644314.347
80.8 3182163140227.602
80.9 3330686666153.77
81.0 3486142343821.21
81.1 3648853722832.346
81.2 3819159454066.83
81.3 3997413994514.964
81.4 4183988345008.352
81.5 4379270822383.218
81.6 4583667867683.484
81.7 4797604892085.74
81.8 5021527162306.692
81.9 5255900727335.94
82.0 5501213388422.829
82.1 5757975714336.251
82.2 6026722104010.444
82.3 6308011898788.463
82.4 6602430546578.238
82.5 6910590820344.176
82.6 7233134093470.363
82.7 7570731674649.734
82.8 7924086205077.571
82.9 8293933120857.27
83.0 8681042183662.089
83.1 9086219082838.627
83.2 9510307112286.512
83.3 9954188925604.377
83.4 10418788373155.084
83.5 10905072424873.713
83.6 11414053182820.21
83.7 11946789987665.48
83.8 12504391623495.059
83.9 13088018625519.307
84.0 13698885695493.113
84.1 14338264229872.29
84.2 15007484965968.6
84.3 15707940751610.744
84.4 16441089444075.865
84.5 17208456944325.076
84.6 18011640372858.223
84.7 18852311393797.66
84.8 19732219694119.62
84.9 20653196625274.32
85.0 21617159014774.188
85.1 22626113155683.266
85.2 23682158982311.176
85.3 24787494440802.246
85.4 25944420063716.7
85.5 27155343758124.51
85.6 28422785817177.875
85.7 29749384165592.4
85.8 31137899849954.785
85.9 32591222785283.742
86.0 34112377769804.543
86.1 35704530780455.77
86.2 37370995562231.02
86.3 39115240525069.94
86.4 40940895962653.17
86.5 42851761608125.59
86.6 44851814542473.63
86.7 46945217472016.14
86.8 49136327392237.21
86.9 51429704655992.34
87.0 53830122464962.086
87.1 56342576804107.54
87.2 58972296839804.2
87.3 61724755803295.875
87.4 64605682382120.305
87.5 67621072643215.56
87.6 70777202512522.48
87.7 74080640837057.4
87.8 77538263056640.66
87.9 81157265513736.28
88.0 84945180431185.84
88.1 88909891589009.1
88.2 93059650732900.27
88.3 97403094748570.5
88.4 101949263637681.4
88.5 106707619332783.19
88.6 111688065390416.36
88.7 116900967603365.31
88.8 122357175574962.5
88.9 128068045300347.06
89.0 134045462801675.78
89.1 140301868866477.94
89.2 146850284940642.44
89.3 153704340229928.03
89.4 160878300066403.06
89.5 168387095598853.7
89.6 176246354868954.94
89.7 184472435337883.75
89.8 193082457931071.72
89.9 202094342671953.5
90.0 211526845978877.75
90.1 221399599702804.5
90.2 231733151987037.9
90.3 242549010034038.47
90.4 253869684868321.22
90.5 265718738188608.12
90.6 278120831406745.62
90.7 291101776975454.75
90.8 304688592111738.1
90.9 318909555027762.0
91.0 333794263786245.2
91.1 349373697902849.25
91.2 365680282823785.5
91.3 382747957412833.25
91.4 400612244588231.4
91.5 419310325256460.06
91.6 438881115696790.06
91.7 459365348557659.25
91.8 480805657633455.7
91.9 503246666598151.1
92.0 526735081880467.94
92.1 551319789873880.1
92.2 577051958683768.9
92.3 603985144623501.8
92.4 632175403681084.9
92.5 661681408188383.0
92.6 692564568935729.5
92.7 724889162986087.8
92.8 758722467454777.4
92.9 794134899533205.1
93.0 831200163048028.1
93.1 869995401860790.1
93.2 910601360427287.9
93.3 953102551850852.8
93.4 997587433779310.4
93.5 1044148592511713.8
93.6 1092882935698025.5
93.7 1143891894032827.0
93.8 1197281632362825.0
93.9 1253163270647544.0
94.0 1311653115233082.2
94.1 1372872900920287.0
94.2 1436950044331162.5
94.3 1504017909100836.0
94.4 1574216083447038.5
94.5 1647690670694791.5
94.6 1724594593360974.0
94.7 1805087911431667.2
94.8 1889338155494691.8
94.9 1977520675420694.0
95.0 2069819005318504.8
95.1 2166425245524312.5
95.2 2267540462419735.0
95.3 2373375106910884.5
95.4 2484149452439439.5
95.5 2600094053437326.0
95.6 2721450225179214.5
95.7 2848470546031547.5
95.8 2981419383143392.5
95.9 3120573442673290.0
96.0 3266222345697240.0
96.1 3418669230996494.0
96.2 3578231385979718.5
96.3 3745240907052662.0
96.4 3920045390809766.0
96.5 4103008657486296.0
96.6 4294511508176678.0
96.7 4494952517395106.0
96.8 4704748862627887.0
96.9 4924337192604156.0
97.0 5154174536092026.0
97.1 5394739253111690.0
97.2 5646532030545197.0
97.3 5910076924215114.0
97.4 6185922449600880.0
97.5 6474642723463032.0
97.6 6776838658751301.0
97.7 7093139215283582.0
97.8 7424202708798794.0
97.9 7770718181108150.0
98.0 8133406834196565.0
98.1 8513023531258943.0
98.2 8910358367795507.0
98.3 9326238316036014.0
98.4 9761528946115502.0
98.5 1.02171362275837e+16
98.6 1.0694008414997748e+16
98.7 1.1193138021522564e+16
98.8 1.1715563884646568e+16
98.9 1.2262373328312152e+16
99.0 1.283470442596092e+16
99.1 1.343374836920374e+16
99.2 1.4060751947045542e+16
99.3 1.4717020140824908e+16
99.4 1.5403918840269144e+16
99.5 1.6122877686318012e+16
99.6 1.6875393046632628e+16
99.7 1.7663031129982604e+16
99.8 1.8487431245993324e+16
99.9 1.9350309217037936e+16
