0.0 0.0
0.1 0.0
0.2 0.0
0.3 0.0
0.4 0.0
0.5 0.0
0.6 0.0
0.7 0.0
0.8 0.0
0.9 0.0
1.0 0.0
1.1 0.0
1.2 0.0
1.3 0.0
1.4 0.0
1.5 0.0
1.6 0.0
1.7 0.0
1.8 0.0
1.9 0.0
2.0 0.0
2.1 0.0
2.2 0.0
2.3 0.0
2.4 0.001
2.5 0.001
2.6 0.001
2.7 0.001
2.8 0.001
2.9 0.001
3.0 0.001
3.1 0.001
3.2 0.001
3.3 0.001
3.4 0.001
3.5 0.001
3.6 0.001
3.7 0.001
3.8 0.001
3.9 0.001
4.0 0.001
4.1 0.001
4.2 0.001
4.3 0.001
4.4 0.001
4.5 0.001
4.6 0.001
4.7 0.001
4.8 0.001
4.9 0.001
5.0 0.001
5.1 0.001
5.2 0.001
5.3 0.001
5.4 0.001
5.5 0.001
5.6 0.001
5.7 0.001
5.8 0.001
5.9 0.001
6.0 0.001
6.1 0.001
6.2 0.001
6.3 0.001
6.4 0.001
6.5 0.001
6.6 0.001
6.7 0.001
6.8 0.001
6.9 0.001
7.0 0.001
7.1 0.001
7.2 0.001
7.3 0.001
7.4 0.001
7.5 0.001
7.6 0.001
7.7 0.001
7.8 0.001
7.9 0.001
8.0 0.001
8.1 0.001
8.2 0.002
8.3 0.002
8.4 0.002
8.5 0.002
8.6 0.002
8.7 0.002
8.8 0.002
8.9 0.002
9.0 0.002
9.1 0.002
9.2 0.002
9.3 0.002
9.4 0.002
9.5 0.002
9.6 0.002
9.7 0.002
9.8 0.002
9.9 0.002
10.0 0.002
10.1 0.002
10.2 0.002
10.3 0.002
10.4 0.002
10.5 0.002
10.6 0.002
10.7 0.002
10.8 0.002
10.9 0.003
11.0 0.003
11.1 0.003
11.2 0.003
11.3 0.003
11.4 0.003
11.5 0.003
11.6 0.003
11.7 0.003
11.8 0.003
11.9 0.003
12.0 0.003
12.1 0.003
12.2 0.003
12.3 0.003
12.4 0.003
12.5 0.003
12.6 0.003
12.7 0.004
12.8 0.004
12.9 0.004
13.0 0.004
13.1 0.004
13.2 0.004
13.3 0.004
13.4 0.004
13.5 0.004
13.6 0.004
13.7 0.004
13.8 0.004
13.9 0.004
14.0 0.005
14.1 0.005
14.2 0.005
14.3 0.005
14.4 0.005
14.5 0.005
14.6 0.005
14.7 0.005
14.8 0.005
14.9 0.005
15.0 0.005
15.1 0.006
15.2 0.006
15.3 0.006
15.4 0.006
15.5 0.006
15.6 0.006
15.7 0.006
15.8 0.006
15.9 0.006
16.0 0.007
16.1 0.007
16.2 0.007
16.3 0.007
16.4 0.007
16.5 0.007
16.6 0.007
16.7 0.008
16.8 0.008
16.9 0.008
17.0 0.008
17.1 0.008
17.2 0.008
17.3 0.008
17.4 0.009
17.5 0.009
17.6 0.009
17.7 0.009
17.8 0.009
17.9 0.009
18.0 0.01
18.1 0.01
18.2 0.01
18.3 0.01
18.4 0.01
18.5 0.011
18.6 0.011
18.7 0.011
18.8 0.011
18.9 0.011
19.0 0.012
19.1 0.012
19.2 0.012
19.3 0.012
19.4 0.012
19.5 0.013
19.6 0.013
19.7 0.013
19.8 0.013
19.9 0.014
20.0 0.014
20.1 0.014
20.2 0.015
20.3 0.015
20.4 0.015
20.5 0.015
20.6 0.016
20.7 0.016
20.8 0.016
20.9 0.017
21.0 0.017
21.1 0.017
21.2 0.018
21.3 0.018
21.4 0.018
21.5 0.019
21.6 0.019
21.7 0.019
21.8 0.02
21.9 0.02
22.0 0.02
22.1 0.021
22.2 0.021
22.3 0.022
22.4 0.022
22.5 0.022
22.6 0.023
22.7 0.023
22.8 0.024
22.9 0.024
23.0 0.025
23.1 0.025
23.2 0.026
23.3 0.026
23.4 0.027
23.5 0.027
23.6 0.028
23.7 0.028
23.8 0.029
23.9 0.029
24.0 0.03
24.1 0.03
24.2 0.031
24.3 0.031
24.4 0.032
24.5 0.033
24.6 0.033
24.7 0.034
24.8 0.035
24.9 0.035
25.0 0.036
25.1 0.037
25.2 0.037
25.3 0.038
25.4 0.039
25.5 0.039
25.6 0.04
25.7 0.041
25.8 0.042
25.9 0.043
26.0 0.043
26.1 0.044
26.2 0.045
26.3 0.046
26.4 0.047
26.5 0.048
26.6 0.049
26.7 0.05
26.8 0.05
26.9 0.051
27.0 0.052
27.1 0.053
27.2 0.054
27.3 0.055
27.4 0.057
27.5 0.058
27.6 0.059
27.7 0.06
27.8 0.061
27.9 0.062
28.0 0.063
28.1 0.064
28.2 0.066
28.3 0.067
28.4 0.068
28.5 0.07
28.6 0.071
28.7 0.072
28.8 0.074
28.9 0.075
29.0 0.076
29.1 0.078
29.2 0.079
29.3 0.081
29.4 0.082
29.5 0.084
29.6 0.086
29.7 0.087
29.8 0.089
29.9 0.091
30.0 0.092
30.1 0.094
30.2 0.096
30.3 0.098
30.4 0.1
30.5 0.101
30.6 0.103
30.7 0.105
30.8 0.107
30.9 0.109
31.0 0.111
31.1 0.114
31.2 0.116
31.3 0.118
31.4 0.12
31.5 0.122
31.6 0.125
31.7 0.127
31.8 0.13
31.9 0.132
32.0 0.135
32.1 0.137
32.2 0.14
32.3 0.142
32.4 0.145
32.5 0.148
32.6 0.151
32.7 0.154
32.8 0.157
32.9 0.16
33.0 0.163
33.1 0.166
33.2 0.169
33.3 0.172
33.4 0.175
33.5 0.179
33.6 0.182
33.7 0.186
33.8 0.189
33.9 0.193
34.0 0.196
34.1 0.2
34.2 0.204
34.3 0.208
34.4 0.212
34.5 0.216
34.6 0.22
34.7 0.224
34.8 0.228
34.9 0.233
35.0 0.237
35.1 0.242
35.2 0.246
35.3 0.251
35.4 0.256
35.5 0.261
35.6 0.266
35.7 0.271
35.8 0.276
35.9 0.281
36.0 0.286
36.1 0.292
36.2 0.297
36.3 0.303
36.4 0.309
36.5 0.315
36.6 0.321
36.7 0.327
36.8 0.333
36.9 0.339
37.0 0.346
37.1 0.352
37.2 0.359
37.3 0.366
37.4 0.373
37.5 0.38
37.6 0.387
37.7 0.395
37.8 0.402
37.9 0.41
38.0 0.418
38.1 0.426
38.2 0.434
38.3 0.442
38.4 0.45
38.5 0.459
38.6 0.468
38.7 0.477
38.8 0.486
38.9 0.495
39.0 0.504
39.1 0.514
39.2 0.524
39.3 0.534
39.4 0.544
39.5 0.554
39.6 0.565
39.7 0.576
39.8 0.587
39.9 0.598
40.0 0.609
40.1 0.621
40.2 0.633
40.3 0.645
40.4 0.657
40.5 0.669
40.6 0.682
40.7 0.695
40.8 0.708
40.9 0.722
41.0 0.736
41.1 0.75
41.2 0.764
41.3 0.778
41.4 0.793
41.5 0.808
41.6 0.824
41.7 0.839
41.8 0.855
41.9 0.872
42.0 0.888
42.1 0.905
42.2 0.922
42.3 0.94
42.4 0.958
42.5 0.976
42.6 0.995
42.7 1.014
42.8 1.033
42.9 1.053
43.0 1.073
43.1 1.093
43.2 1.114
43.3 1.135
43.4 1.157
43.5 1.179
43.6 1.201
43.7 1.224
43.8 1.248
43.9 1.271
44.0 1.296
44.1 1.32
44.2 1.345
44.3 1.371
44.4 1.397
44.5 1.424
44.6 1.451
44.7 1.479
44.8 1.507
44.9 1.535
45.0 1.565
45.1 1.594
45.2 1.625
45.3 1.656
45.4 1.687
45.5 1.719
45.6 1.752
45.7 1.786
45.8 1.82
45.9 1.854
46.0 1.89
46.1 1.926
46.2 1.962
46.3 2.0
46.4 2.038
46.5 2.076
46.6 2.116
46.7 2.156
46.8 2.197
46.9 2.239
47.0 2.282
47.1 2.325
47.2 2.37
47.3 2.415
47.4 2.461
47.5 2.508
47.6 2.555
47.7 2.604
47.8 2.654
47.9 2.704
48.0 2.756
48.1 2.808
48.2 2.862
48.3 2.916
48.4 2.972
48.5 3.028
48.6 3.086
48.7 3.145
48.8 3.205
48.9 3.266
49.0 3.328
49.1 3.391
49.2 3.456
49.3 3.522
49.4 3.589
49.5 3.657
49.6 3.727
49.7 3.798
49.8 3.87
49.9 3.944
50.0 4.019
50.1 4.096
50.2 4.174
50.3 4.253
50.4 4.334
50.5 4.417
50.6 4.501
50.7 4.587
50.8 4.674
50.9 4.763
51.0 4.854
51.1 4.946
51.2 5.041
51.3 5.137
51.4 5.234
51.5 5.334
51.6 5.436
51.7 5.539
51.8 5.645
51.9 5.752
52.0 5.862
52.1 5.973
52.2 6.087
52.3 6.203
52.4 6.321
52.5 6.442
52.6 6.564
52.7 6.689
52.8 6.817
52.9 6.947
53.0 7.079
53.1 7.214
53.2 7.351
53.3 7.491
53.4 7.634
53.5 7.779
53.6 7.928
53.7 8.079
53.8 8.233
53.9 8.389
54.0 8.549
54.1 8.712
54.2 8.878
54.3 9.047
54.4 9.219
54.5 9.395
54.6 9.574
54.7 9.756
54.8 9.942
54.9 10.132
55.0 10.325
55.1 10.521
55.2 10.722
55.3 10.926
55.4 11.134
55.5 11.346
55.6 11.562
55.7 11.782
55.8 12.007
55.9 12.235
56.0 12.469
56.1 12.706
56.2 12.948
56.3 13.195
56.4 13.446
56.5 13.702
56.6 13.963
56.7 14.229
56.8 14.5
56.9 14.776
57.0 15.058
57.1 15.345
57.2 15.637
57.3 15.935
57.4 16.238
57.5 16.548
57.6 16.863
57.7 17.184
57.8 17.511
57.9 17.845
58.0 18.185
58.1 18.531
58.2 18.884
58.3 19.244
58.4 19.61
58.5 19.984
58.6 20.365
58.7 20.753
58.8 21.148
58.9 21.551
59.0 21.961
59.1 22.379
59.2 22.806
59.3 23.24
59.4 23.683
59.5 24.134
59.6 24.594
59.7 25.062
59.8 25.539
59.9 26.026
60.0 26.522
60.1 27.027
60.2 27.542
60.3 28.066
60.4 28.601
60.5 29.146
60.6 29.701
60.7 30.267
60.8 30.843
60.9 31.431
61.0 32.029
61.1 32.639
61.2 33.261
61.3 33.895
61.4 34.54
61.5 35.198
61.6 35.869
61.7 36.552
61.8 37.248
61.9 37.958
62.0 38.681
62.1 39.417
62.2 40.168
62.3 40.933
62.4 41.713
62.5 42.508
62.6 43.317
62.7 44.142
62.8 44.983
62.9 45.84
63.0 46.713
63.1 47.603
63.2 48.51
63.3 49.434
63.4 50.375
63.5 51.335
63.6 52.313
63.7 53.309
63.8 54.325
63.9 55.359
64.0 56.414
64.1 57.489
64.2 58.584
64.3 59.699
64.4 60.837
64.5 61.995
64.6 63.176
64.7 64.38
64.8 65.606
64.9 66.856
65.0 68.129
65.1 69.427
65.2 70.749
65.3 72.097
65.4 73.47
65.5 74.87
65.6 76.296
65.7 77.749
65.8 79.23
65.9 80.739
66.0 82.277
66.1 83.844
66.2 85.441
66.3 87.069
66.4 88.727
66.5 90.417
66.6 92.14
66.7 93.895
66.8 95.683
66.9 97.506
67.0 99.363
67.1 101.256
67.2 103.185
67.3 105.15
67.4 107.153
67.5 109.194
67.6 111.274
67.7 113.393
67.8 115.553
67.9 117.754
68.0 119.997
68.1 122.283
68.2 124.612
68.3 126.986
68.4 129.405
68.5 131.87
68.6 134.381
68.7 136.941
68.8 139.55
68.9 142.208
69.0 144.917
69.1 147.677
69.2 150.49
69.3 153.356
69.4 156.278
69.5 159.254
69.6 162.288
69.7 165.379
69.8 168.529
69.9 171.739
70.0 175.011
70.1 178.344
70.2 181.741
70.3 185.203
70.4 188.731
70.5 192.326
70.6 195.989
70.7 199.722
70.8 203.527
70.9 207.403
71.0 211.354
71.1 215.38
71.2 219.482
71.3 223.663
71.4 227.924
71.5 232.265
71.6 236.689
71.7 241.198
71.8 245.792
71.9 250.474
72.0 255.245
72.1 260.107
72.2 265.061
72.3 270.11
72.4 275.255
72.5 280.498
72.6 285.841
72.7 291.286
72.8 296.834
72.9 302.488
73.0 308.25
73.1 314.122
73.2 320.105
73.3 326.202
73.4 332.416
73.5 338.748
73.6 345.2
73.7 351.776
73.8 358.476
73.9 365.304
74.0 372.263
74.1 379.354
74.2 386.579
74.3 393.943
74.4 401.447
74.5 409.094
74.6 416.886
74.7 424.827
74.8 432.919
74.9 441.165
75.0 449.568
75.1 458.132
75.2 466.858
75.3 475.751
75.4 484.813
75.5 494.048
75.6 503.458
75.7 513.048
75.8 522.821
75.9 532.779
76.0 542.928
76.1 553.269
76.2 563.808
76.3 574.548
76.4 585.492
76.5 596.644
76.6 608.009
76.7 619.59
76.8 631.392
76.9 643.419
77.0 655.675
77.1 668.164
77.2 680.891
77.3 693.861
77.4 707.077
77.5 720.546
77.6 734.271
77.7 748.257
77.8 762.51
77.9 777.034
78.0 791.835
78.1 806.918
78.2 822.288
78.3 837.951
78.4 853.912
78.5 870.177
78.6 886.753
78.7 903.643
78.8 920.856
78.9 938.396
79.0 956.271
79.1 974.486
79.2 993.048
79.3 1011.964
79.4 1031.239
79.5 1050.882
79.6 1070.9
79.7 1091.298
79.8 1112.085
79.9 1133.268
80.0 1154.855
80.1 1176.852
80.2 1199.269
80.3 1222.112
80.4 1245.391
80.5 1269.113
80.6 1293.287
80.7 1317.922
80.8 1343.026
80.9 1368.608
81.0 1394.677
81.1 1421.243
81.2 1448.314
81.3 1475.902
81.4 1504.015
81.5 1532.663
81.6 1561.857
81.7 1591.608
81.8 1621.924
81.9 1652.819
82.0 1684.302
82.1 1716.384
82.2 1749.078
82.3 1782.394
82.4 1816.345
82.5 1850.943
82.6 1886.2
82.7 1922.128
82.8 1958.741
82.9 1996.051
83.0 2034.071
83.1 2072.816
83.2 2112.299
83.3 2152.534
83.4 2193.536
83.5 2235.318
83.6 2277.896
83.7 2321.286
83.8 2365.501
83.9 2410.559
84.0 2456.476
84.1 2503.267
84.2 2550.949
84.3 2599.539
84.4 2649.055
84.5 2699.514
84.6 2750.934
84.7 2803.334
84.8 2856.732
84.9 2911.147
85.0 2966.598
85.1 3023.106
85.2 3080.69
85.3 3139.371
85.4 3199.17
85.5 3260.107
85.6 3322.206
85.7 3385.487
85.8 3449.974
85.9 3515.689
86.0 3582.656
86.1 3650.898
86.2 3720.44
86.3 3791.307
86.4 3863.524
86.5 3937.116
86.6 4012.11
86.7 4088.533
86.8 4166.411
86.9 4245.773
87.0 4326.646
87.1 4409.06
87.2 4493.043
87.3 4578.627
87.4 4665.84
87.5 4754.715
87.6 4845.283
87.7 4937.576
87.8 5031.626
87.9 5127.469
88.0 5225.137
88.1 5324.665
88.2 5426.089
88.3 5529.445
88.4 5634.77
88.5 5742.101
88.6 5851.476
88.7 5962.935
88.8 6076.517
88.9 6192.262
89.0 6310.212
89.1 6430.409
89.2 6552.895
89.3 6677.714
89.4 6804.911
89.5 6934.531
89.6 7066.62
89.7 7201.225
89.8 7338.393
89.9 7478.175
90.0 7620.619
90.1 7765.776
90.2 7913.699
90.3 8064.438
90.4 8218.05
90.5 8374.587
90.6 8534.106
90.7 8696.663
90.8 8862.317
90.9 9031.126
91.0 9203.151
91.1 9378.452
91.2 9557.093
91.3 9739.136
91.4 9924.647
91.5 10113.691
91.6 10306.337
91.7 10502.651
91.8 10702.706
91.9 10906.57
92.0 11114.319
92.1 11326.024
92.2 11541.762
92.3 11761.609
92.4 11985.644
92.5 12213.946
92.6 12446.597
92.7 12683.679
92.8 12925.278
92.9 13171.478
93.0 13422.368
93.1 13678.037
93.2 13938.576
93.3 14204.077
93.4 14474.636
93.5 14750.349
93.6 15031.313
93.7 15317.629
93.8 15609.399
93.9 15906.726
94.0 16209.717
94.1 16518.479
94.2 16833.123
94.3 17153.76
94.4 17480.504
94.5 17813.472
94.6 18152.783
94.7 18498.557
94.8 18850.917
94.9 19209.988
95.0 19575.9
95.1 19948.781
95.2 20328.765
95.3 20715.987
95.4 21110.584
95.5 21512.698
95.6 21922.471
95.7 22340.05
95.8 22765.583
95.9 23199.221
96.0 23641.119
96.1 24091.434
96.2 24550.327
96.3 25017.961
96.4 25494.503
96.5 25980.121
96.6 26474.99
96.7 26979.285
96.8 27493.186
96.9 28016.875
97.0 28550.54
97.1 29094.37
97.2 29648.559
97.3 30213.304
97.4 30788.806
97.5 31375.27
97.6 31972.905
97.7 32581.925
97.8 33202.544
97.9 33834.985
98.0 34479.473
98.1 35136.237
98.2 35805.511
98.3 36487.534
98.4 37182.548
98.5 37890.8
98.6 38612.543
98.7 39348.033
98.8 40097.534
98.9 40861.31
99.0 41639.636
99.1 42432.786
99.2 43241.045
99.3 44064.699
99.4 44904.042
99.5 45759.373
99.6 46630.997
99.7 47519.223
99.8 48424.368
99.9 49346.754
