0.0 0.0
0.1 0.0
0.2 0.0
0.3 0.0
0.4 0.0
0.5 0.0
0.6 0.0
0.7 0.0
0.8 0.0
0.9 0.0
1.0 0.0
1.1 0.0
1.2 0.001
1.3 0.001
1.4 0.001
1.5 0.001
1.6 0.001
1.7 0.001
1.8 0.001
1.9 0.001
2.0 0.001
2.1 0.001
2.2 0.001
2.3 0.001
2.4 0.001
2.5 0.001
2.6 0.001
2.7 0.001
2.8 0.001
2.9 0.001
3.0 0.001
3.1 0.001
3.2 0.001
3.3 0.001
3.4 0.001
3.5 0.001
3.6 0.001
3.7 0.001
3.8 0.001
3.9 0.001
4.0 0.001
4.1 0.002
4.2 0.002
4.3 0.002
4.4 0.002
4.5 0.002
4.6 0.002
4.7 0.002
4.8 0.002
4.9 0.002
5.0 0.002
5.1 0.002
5.2 0.002
5.3 0.002
5.4 0.002
5.5 0.003
5.6 0.003
5.7 0.003
5.8 0.003
5.9 0.003
6.0 0.003
6.1 0.003
6.2 0.003
6.3 0.004
6.4 0.004
6.5 0.004
6.6 0.004
6.7 0.004
6.8 0.004
6.9 0.004
7.0 0.005
7.1 0.005
7.2 0.005
7.3 0.005
7.4 0.005
7.5 0.006
7.6 0.006
7.7 0.006
7.8 0.006
7.9 0.006
8.0 0.007
8.1 0.007
8.2 0.007
8.3 0.008
8.4 0.008
8.5 0.008
8.6 0.008
8.7 0.009
8.8 0.009
8.9 0.009
9.0 0.01
9.1 0.01
9.2 0.011
9.3 0.011
9.4 0.011
9.5 0.012
9.6 0.012
9.7 0.013
9.8 0.013
9.9 0.014
10.0 0.014
10.1 0.015
10.2 0.015
10.3 0.016
10.4 0.017
10.5 0.017
10.6 0.018
10.7 0.019
10.8 0.019
10.9 0.02
11.0 0.021
11.1 0.022
11.2 0.023
11.3 0.024
11.4 0.024
11.5 0.025
11.6 0.026
11.7 0.027
11.8 0.028
11.9 0.03
12.0 0.031
12.1 0.032
12.2 0.033
12.3 0.034
12.4 0.036
12.5 0.037
12.6 0.039
12.7 0.04
12.8 0.042
12.9 0.043
13.0 0.045
13.1 0.047
13.2 0.049
13.3 0.05
13.4 0.052
13.5 0.054
13.6 0.057
13.7 0.059
13.8 0.061
13.9 0.063
14.0 0.066
14.1 0.068
14.2 0.071
14.3 0.074
14.4 0.077
14.5 0.08
14.6 0.083
14.7 0.086
14.8 0.089
14.9 0.093
15.0 0.096
15.1 0.1
15.2 0.104
15.3 0.108
15.4 0.112
15.5 0.117
15.6 0.121
15.7 0.126
15.8 0.131
15.9 0.136
16.0 0.141
16.1 0.146
16.2 0.152
16.3 0.158
16.4 0.164
16.5 0.171
16.6 0.177
16.7 0.184
16.8 0.191
16.9 0.199
17.0 0.206
17.1 0.214
17.2 0.223
17.3 0.231
17.4 0.24
17.5 0.249
17.6 0.259
17.7 0.269
17.8 0.28
17.9 0.291
18.0 0.302
18.1 0.314
18.2 0.326
18.3 0.338
18.4 0.351
18.5 0.365
18.6 0.379
18.7 0.394
18.8 0.409
18.9 0.425
19.0 0.442
19.1 0.459
19.2 0.477
19.3 0.495
19.4 0.514
19.5 0.534
19.6 0.555
19.7 0.576
19.8 0.599
19.9 0.622
20.0 0.646
20.1 0.671
20.2 0.697
20.3 0.724
20.4 0.752
20.5 0.782
20.6 0.812
20.7 0.843
20.8 0.876
20.9 0.91
21.0 0.945
21.1 0.982
21.2 1.02
21.3 1.06
21.4 1.101
21.5 1.144
21.6 1.188
21.7 1.234
21.8 1.282
21.9 1.332
22.0 1.383
22.1 1.437
22.2 1.493
22.3 1.551
22.4 1.611
22.5 1.673
22.6 1.738
22.7 1.806
22.8 1.876
22.9 1.949
23.0 2.024
23.1 2.103
23.2 2.184
23.3 2.269
23.4 2.357
23.5 2.449
23.6 2.544
23.7 2.642
23.8 2.745
23.9 2.851
24.0 2.962
24.1 3.077
24.2 3.196
24.3 3.32
24.4 3.449
24.5 3.583
24.6 3.722
24.7 3.866
24.8 4.016
24.9 4.172
25.0 4.334
25.1 4.502
25.2 4.677
25.3 4.858
25.4 5.047
25.5 5.243
25.6 5.446
25.7 5.657
25.8 5.877
25.9 6.105
26.0 6.342
26.1 6.588
26.2 6.843
26.3 7.109
26.4 7.385
26.5 7.671
26.6 7.969
26.7 8.278
26.8 8.599
26.9 8.933
27.0 9.279
27.1 9.639
27.2 10.013
27.3 10.402
27.4 10.806
27.5 11.225
27.6 11.66
27.7 12.113
27.8 12.583
27.9 13.071
28.0 13.578
28.1 14.105
28.2 14.652
28.3 15.22
28.4 15.811
28.5 16.424
28.6 17.062
28.7 17.724
28.8 18.411
28.9 19.126
29.0 19.868
29.1 20.638
29.2 21.439
29.3 22.271
29.4 23.135
29.5 24.033
29.6 24.965
29.7 25.934
29.8 26.94
29.9 27.985
30.0 29.071
30.1 30.199
30.2 31.37
30.3 32.587
30.4 33.852
30.5 35.165
30.6 36.529
30.7 37.947
30.8 39.419
30.9 40.948
31.0 42.537
31.1 44.187
31.2 45.902
31.3 47.683
31.4 49.533
31.5 51.455
31.6 53.451
31.7 55.525
31.8 57.679
31.9 59.917
32.0 62.241
32.1 64.656
32.2 67.165
32.3 69.771
32.4 72.478
32.5 75.29
32.6 78.211
32.7 81.245
32.8 84.397
32.9 87.672
33.0 91.073
33.1 94.607
33.2 98.278
33.3 102.09
33.4 106.051
33.5 110.166
33.6 114.44
33.7 118.88
33.8 123.493
33.9 128.284
34.0 133.261
34.1 138.431
34.2 143.802
34.3 149.382
34.4 155.177
34.5 161.198
34.6 167.452
34.7 173.949
34.8 180.698
34.9 187.709
35.0 194.991
35.1 202.557
35.2 210.415
35.3 218.579
35.4 227.06
35.5 235.869
35.6 245.02
35.7 254.527
35.8 264.402
35.9 274.66
36.0 285.317
36.1 296.386
36.2 307.886
36.3 319.831
36.4 332.24
36.5 345.13
36.6 358.521
36.7 372.431
36.8 386.88
36.9 401.89
37.0 417.483
37.1 433.681
37.2 450.507
37.3 467.985
37.4 486.142
37.5 505.004
37.6 524.597
37.7 544.951
37.8 566.094
37.9 588.057
38.0 610.873
38.1 634.573
38.2 659.194
38.3 684.769
38.4 711.337
38.5 738.935
38.6 767.605
38.7 797.386
38.8 828.324
38.9 860.461
39.0 893.845
39.1 928.525
39.2 964.55
39.3 1001.973
39.4 1040.847
39.5 1081.23
39.6 1123.18
39.7 1166.758
39.8 1212.026
39.9 1259.05
40.0 1307.899
40.1 1358.643
40.2 1411.356
40.3 1466.114
40.4 1522.996
40.5 1582.086
40.6 1643.468
40.7 1707.231
40.8 1773.469
40.9 1842.276
41.0 1913.753
41.1 1988.003
41.2 2065.134
41.3 2145.258
41.4 2228.49
41.5 2314.951
41.6 2404.767
41.7 2498.068
41.8 2594.988
41.9 2695.669
42.0 2800.256
42.1 2908.901
42.2 3021.761
42.3 3138.999
42.4 3260.787
42.5 3387.299
42.6 3518.72
42.7 3655.24
42.8 3797.057
42.9 3944.376
43.0 4097.41
43.1 4256.383
43.2 4421.522
43.3 4593.069
43.4 4771.272
43.5 4956.389
43.6 5148.688
43.7 5348.447
43.8 5555.957
43.9 5771.518
44.0 5995.443
44.1 6228.055
44.2 6469.692
44.3 6720.704
44.4 6981.455
44.5 7252.323
44.6 7533.7
44.7 7825.993
44.8 8129.628
44.9 8445.042
45.0 8772.695
45.1 9113.059
45.2 9466.629
45.3 9833.917
45.4 10215.455
45.5 10611.796
45.6 11023.514
45.7 11451.207
45.8 11895.493
45.9 12357.016
46.0 12836.446
46.1 13334.476
46.2 13851.83
46.3 14389.255
46.4 14947.532
46.5 15527.469
46.6 16129.906
46.7 16755.717
46.8 17405.808
46.9 18081.122
47.0 18782.637
47.1 19511.369
47.2 20268.374
47.3 21054.75
47.4 21871.636
47.5 22720.215
47.6 23601.718
47.7 24517.422
47.8 25468.653
47.9 26456.79
48.0 27483.265
48.1 28549.565
48.2 29657.236
48.3 30807.883
48.4 32003.173
48.5 33244.837
48.6 34534.676
48.7 35874.559
48.8 37266.426
48.9 38712.295
49.0 40214.261
49.1 41774.501
49.2 43395.276
49.3 45078.933
49.4 46827.913
49.5 48644.751
49.6 50532.078
49.7 52492.63
49.8 54529.249
49.9 56644.884
50.0 58842.602
50.1 61125.587
50.2 63497.148
50.3 65960.722
50.4 68519.877
50.5 71178.323
50.6 73939.912
50.7 76808.646
50.8 79788.681
50.9 82884.336
51.0 86100.096
51.1 89440.623
51.2 92910.756
51.3 96515.523
51.4 100260.149
51.5 104150.06
51.6 108190.892
51.7 112388.501
51.8 116748.969
51.9 121278.616
52.0 125984.004
52.1 130871.954
52.2 135949.546
52.3 141224.14
52.4 146703.379
52.5 152395.202
52.6 158307.857
52.7 164449.913
52.8 170830.269
52.9 177458.171
53.0 184343.224
53.1 191495.405
53.2 198925.076
53.3 206643.006
53.4 214660.377
53.5 222988.807
53.6 231640.366
53.7 240627.589
53.8 249963.499
53.9 259661.626
54.0 269736.023
54.1 280201.288
54.2 291072.586
54.3 302365.67
54.4 314096.906
54.5 326283.292
54.6 338942.487
54.7 352092.837
54.8 365753.395
54.9 379943.959
55.0 394685.09
55.1 409998.151
55.2 425905.33
55.3 442429.678
55.4 459595.141
55.5 477426.593
55.6 495949.873
55.7 515191.822
55.8 535180.323
55.9 555944.342
56.0 577513.966
56.1 599920.453
56.2 623196.27
56.3 647375.147
56.4 672492.12
56.5 698583.585
56.6 725687.352
56.7 753842.695
56.8 783090.414
56.9 813472.892
57.0 845034.153
57.1 877819.935
57.2 911877.744
57.3 947256.934
57.4 984008.773
57.5 1022186.515
57.6 1061845.484
57.7 1103043.149
57.8 1145839.208
57.9 1190295.675
58.0 1236476.973
58.1 1284450.02
58.2 1334284.334
58.3 1386052.128
58.4 1439828.418
58.5 1495691.13
58.6 1553721.213
58.7 1614002.757
58.8 1676623.115
58.9 1741673.028
59.0 1809246.759
59.1 1879442.228
59.2 1952361.152
59.3 2028109.198
59.4 2106796.129
59.5 2188535.969
59.6 2273447.166
59.7 2361652.762
59.8 2453280.574
59.9 2548463.378
60.0 2647339.101
60.1 2750051.021
60.2 2856747.975
60.3 2967584.577
60.4 3082721.437
60.5 3202325.396
60.6 3326569.77
60.7 3455634.599
60.8 3589706.907
60.9 3728980.976
61.0 3873658.625
61.1 4023949.501
61.2 4180071.39
61.3 4342250.522
61.4 4510721.908
61.5 4685729.676
61.6 4867527.426
61.7 5056378.597
61.8 5252556.847
61.9 5456346.456
62.0 5668042.729
62.1 5887952.43
62.2 6116394.226
62.3 6353699.147
62.4 6600211.064
62.5 6856287.194
62.6 7122298.609
62.7 7398630.782
62.8 7685684.138
62.9 7983874.639
63.0 8293634.388
63.1 8615412.248
63.2 8949674.501
63.3 9296905.52
63.4 9657608.467
63.5 10032306.029
63.6 10421541.173
63.7 10825877.928
63.8 11245902.211
63.9 11682222.669
64.0 12135471.563
64.1 12606305.687
64.2 13095407.313
64.3 13603485.19
64.4 14131275.559
64.5 14679543.231
64.6 15249082.687
64.7 15840719.232
64.8 16455310.195
64.9 17093746.164
65.0 17756952.282
65.1 18445889.586
65.2 19161556.398
65.3 19904989.775
65.4 20677267.009
65.5 21479507.188
65.6 22312872.821
65.7 23178571.517
65.8 24077857.741
65.9 25012034.627
66.0 25982455.869
66.1 26990527.683
66.2 28037710.841
66.3 29125522.792
66.4 30255539.86
66.5 31429399.525
66.6 32648802.8
66.7 33915516.694
66.8 35231376.772
66.9 36598289.818
67.0 38018236.592
67.1 39493274.706
67.2 41025541.604
67.3 42617257.658
67.4 44270729.386
67.5 45988352.797
67.6 47772616.857
67.7 49626107.103
67.8 51551509.384
67.9 53551613.755
68.0 55629318.521
68.1 57787634.436
68.2 60029689.065
68.3 62358731.317
68.4 64778136.153
68.5 67291409.475
68.6 69902193.211
68.7 72614270.585
68.8 75431571.606
68.9 78358178.758
69.0 81398332.921
69.1 84556439.511
69.2 87837074.866
69.3 91244992.878
69.4 94785131.883
69.5 98462621.812
69.6 102282791.631
69.7 106251177.059
69.8 110373528.591
69.9 114655819.831
70.0 119104256.145
70.1 123725283.661
70.2 128525598.601
70.3 133512156.99
70.4 138692184.733
70.5 144073188.088
70.6 149662964.541
70.7 155469614.107
70.8 161501551.067
70.9 167767516.159
71.0 174276589.247
71.1 181038202.479
71.2 188062153.949
71.3 195358621.903
71.4 202938179.481
71.5 210811810.044
71.6 218990923.087
71.7 227487370.771
71.8 236313465.101
71.9 245481995.765
72.0 255006248.665
72.1 264900025.176
72.2 275177662.138
72.3 285854052.635
72.4 296944667.577
72.5 308465578.113
72.6 320433478.928
72.7 332865712.427
72.8 345780293.87
72.9 359195937.476
73.0 373132083.541
73.1 387608926.611
73.2 402647444.739
73.3 418269429.894
73.4 434497519.528
73.5 451355229.389
73.6 468866987.591
73.7 487058170.015
73.8 505955137.078
73.9 525585271.935
74.0 545977020.158
74.1 567159930.952
74.2 589164699.981
74.3 612023213.842
74.4 635768596.274
74.5 660435256.159
74.6 686058937.376
74.7 712676770.607
74.8 740327327.132
74.9 769050674.727
75.0 798888435.728
75.1 829883847.337
75.2 862081824.283
75.3 895529023.903
75.4 930273913.755
75.5 966366841.849
75.6 1003860109.606
75.7 1042808047.645
75.8 1083267094.516
75.9 1125295878.481
76.0 1168955302.47
76.1 1214308632.336
76.2 1261421588.534
76.3 1310362441.35
76.4 1361202109.832
76.5 1414014264.559
76.6 1468875434.393
76.7 1525865117.376
76.8 1585065895.93
76.9 1646563556.523
77.0 1710447213.98
77.1 1776809440.621
77.2 1845746400.401
77.3 1917357988.262
77.4 1991747974.886
77.5 2069024157.068
77.6 2149298513.924
77.7 2232687369.151
77.8 2319311559.596
77.9 2409296610.354
78.0 2502772916.664
78.1 2599875932.863
78.2 2700746368.668
78.3 2805530393.075
78.4 2914379846.173
78.5 3027452459.165
78.6 3144912082.939
78.7 3266928925.498
78.8 3393679798.604
78.9 3525348373.993
79.0 3662125449.526
79.1 3804209225.677
79.2 3951805592.733
79.3 4105128429.149
79.4 4264399911.471
79.5 4429850836.294
79.6 4601720954.694
79.7 4780259319.654
79.8 4965724646.956
79.9 5158385690.082
80.0 5358521629.659
80.1 5566422478.011
80.2 5782389499.411
80.3 6006735646.635
80.4 6239786014.455
80.5 6481878310.726
80.6 6733363345.751
80.7 6994605540.631
80.8 7265983455.341
80.9 7547890337.291
81.0 7840734691.171
81.1 8144940870.909
81.2 8460949694.586
81.3 8789219083.224
81.4 9130224724.34
81.5 9484460761.259
81.6 9852440509.165
81.7 10234697198.931
81.8 10631784749.816
81.9 11044278572.133
82.0 11472776401.063
82.1 11917899162.821
82.2 12380291874.425
82.3 12860624578.374
82.4 13359593313.59
82.5 13877921124.038
82.6 14416359106.462
82.7 14975687498.792
82.8 15556716810.762
82.9 16160288998.403
83.0 16787278684.1
83.1 17438594423.992
83.2 18115180024.534
83.3 18818015910.146
83.4 19548120543.926
83.5 20306551903.478
83.6 21094409014.005
83.7 21912833540.88
83.8 22763011444.004
83.9 23646174696.358
84.0 24563603069.222
84.1 25516625986.665
84.2 26506624451.979
84.3 27535033048.861
84.4 28603342020.234
84.5 29713099427.725
84.6 30865913394.922
84.7 32063454437.67
84.8 33307457884.776
84.9 34599726392.637
85.0 35942132557.421
85.1 37336621628.607
85.2 38785214327.8
85.3 40290009776.911
85.4 41853188539.944
85.5 43477015782.805
85.6 45163844555.695
85.7 46916119202.867
85.8 48736378904.663
85.9 50627261356.982
86.0 52591506593.505
86.1 54631960956.214
86.2 56751581219.959
86.3 58953438877.05
86.4 61240724588.09
86.5 63616752805.481
86.6 66084966576.321
86.7 68648942531.647
86.8 71312396069.245
86.9 74079186737.545
87.0 76953323828.404
87.1 79938972186.879
87.2 83040458246.405
87.3 86262276298.127
87.4 89609095003.478
87.5 93085764159.422
87.6 96697321726.184
87.7 100449001127.642
87.8 104346238834.956
87.9 108394682244.435
88.0 112600197861.047
88.1 116968879799.432
88.2 121507058614.743
88.3 126221310476.108
88.4 131118466695.999
88.5 136205623629.332
88.6 141490152956.626
88.7 146979712366.137
88.8 152682256650.431
88.9 158606049233.493
89.0 164759674145.058
89.1 171152048459.532
89.2 177792435217.514
89.3 184690456848.654
89.4 191856109115.291
89.5 199299775597.076
89.6 207032242737.583
89.7 215064715474.683
89.8 223408833477.366
89.9 232076688012.511
90.0 241080839466.06
90.1 250434335543.977
90.2 260150730179.379
90.3 270244103173.223
90.4 280729080597.017
90.5 291620855987.119
90.6 302935212361.335
90.7 314688545089.727
90.8 326897885652.757
90.9 339580926321.208
91.0 352756045793.646
91.1 366442335828.556
91.2 380659628909.775
91.3 395428526985.269
91.4 410770431320.947
91.5 426707573512.728
91.6 443263047701.836
91.7 460460844039.973
91.8 478325883452.898
91.9 496884053752.752
92.0 516162247151.486
92.1 536188399229.739
92.2 556991529417.636
92.3 578601783046.167
92.4 601050475030.085
92.5 624370135245.618
92.6 648594555668.754
92.7 673758839342.406
92.8 699899451243.412
92.9 727054271123.086
93.0 755262648397.88
93.1 784565459169.705
93.2 815005165458.541
93.3 846625876733.158
93.4 879473413829.117
93.5 913595375346.682
93.6 949041206624.829
93.7 985862271391.35
93.8 1024111926192.818
93.9 1063845597712.33
94.0 1105120863087.007
94.1 1147997533341.69
94.2 1192537740059.7
94.3 1238806025416.267
94.4 1286869435705.09
94.5 1336797618493.558
94.6 1388662923547.418
94.7 1442540507671.137
94.8 1498508443615.868
94.9 1556647833212.857
95.0 1617042924896.218
95.1 1679781235785.372
95.2 1744953678504.068
95.3 1812654692919.743
95.4 1882982382994.132
95.5 1956038658943.436
95.6 2031929384914.037
95.7 2110764532387.767
95.8 2192658339539.018
95.9 2277729476774.615
96.0 2366101218696.338
96.1 2457901622735.276
96.2 2553263714716.86
96.3 2652325681625.491
96.4 2755231071848.073
96.5 2862129003186.635
96.6 2973174378941.465
96.7 3088528112377.868
96.8 3208357359901.828
96.9 3332835763282.462
97.0 3462143701272.252
97.1 3596468550989.7
97.2 3736004959443.138
97.3 3880955125589.167
97.4 4031529093334.456
97.5 4187945055905.469
97.6 4350429672027.182
97.7 4519218394368.961
97.8 4694555810733.528
97.9 4876695998483.454
98.0 5065902892718.735
98.1 5262450668738.997
98.2 5466624139344.532
98.3 5678719167551.876
98.4 5899043095322.029
98.5 6127915188922.506
98.6 6365667101568.65
98.7 6612643354014.585
98.8 6869201833790.185
98.9 7135714313807.59
99.0 7412566991088.613
99.1 7700161046393.883
99.2 7998913225564.522
99.3 8309256443418.824
99.4 8631640411079.047
99.5 8966532287637.256
99.6 9314417357104.742
99.7 9675799731625.742
99.8 10051203081974.582
99.9 10441171396394.822
