0.0 0.0
0.1 0.0
0.2 0.0
0.3 0.0
0.4 0.0
0.5 0.0
0.6 0.0
0.7 0.0
0.8 0.0
0.9 0.0
1.0 0.0
1.1 0.0
1.2 0.0
1.3 0.0
1.4 0.0
1.5 0.0
1.6 0.0
1.7 0.0
1.8 0.0
1.9 0.0
2.0 0.0
2.1 0.001
2.2 0.001
2.3 0.001
2.4 0.001
2.5 0.001
2.6 0.001
2.7 0.001
2.8 0.001
2.9 0.001
3.0 0.001
3.1 0.001
3.2 0.001
3.3 0.001
3.4 0.001
3.5 0.001
3.6 0.001
3.7 0.001
3.8 0.001
3.9 0.001
4.0 0.001
4.1 0.001
4.2 0.001
4.3 0.001
4.4 0.001
4.5 0.001
4.6 0.001
4.7 0.001
4.8 0.001
4.9 0.001
5.0 0.001
5.1 0.001
5.2 0.001
5.3 0.001
5.4 0.001
5.5 0.001
5.6 0.001
5.7 0.001
5.8 0.001
5.9 0.001
6.0 0.001
6.1 0.001
6.2 0.001
6.3 0.001
6.4 0.001
6.5 0.001
6.6 0.002
6.7 0.002
6.8 0.002
6.9 0.002
7.0 0.002
7.1 0.002
7.2 0.002
7.3 0.002
7.4 0.002
7.5 0.002
7.6 0.002
7.7 0.002
7.8 0.002
7.9 0.002
8.0 0.002
8.1 0.002
8.2 0.002
8.3 0.002
8.4 0.002
8.5 0.002
8.6 0.003
8.7 0.003
8.8 0.003
8.9 0.003
9.0 0.003
9.1 0.003
9.2 0.003
9.3 0.003
9.4 0.003
9.5 0.003
9.6 0.003
9.7 0.003
9.8 0.003
9.9 0.003
10.0 0.004
10.1 0.004
10.2 0.004
10.3 0.004
10.4 0.004
10.5 0.004
10.6 0.004
10.7 0.004
10.8 0.004
10.9 0.004
11.0 0.005
11.1 0.005
11.2 0.005
11.3 0.005
11.4 0.005
11.5 0.005
11.6 0.005
11.7 0.005
11.8 0.006
11.9 0.006
12.0 0.006
12.1 0.006
12.2 0.006
12.3 0.006
12.4 0.006
12.5 0.007
12.6 0.007
12.7 0.007
12.8 0.007
12.9 0.007
13.0 0.007
13.1 0.008
13.2 0.008
13.3 0.008
13.4 0.008
13.5 0.008
13.6 0.009
13.7 0.009
13.8 0.009
13.9 0.009
14.0 0.01
14.1 0.01
14.2 0.01
14.3 0.01
14.4 0.011
14.5 0.011
14.6 0.011
14.7 0.011
14.8 0.012
14.9 0.012
15.0 0.012
15.1 0.013
15.2 0.013
15.3 0.013
15.4 0.014
15.5 0.014
15.6 0.014
15.7 0.015
15.8 0.015
15.9 0.015
16.0 0.016
16.1 0.016
16.2 0.017
16.3 0.017
16.4 0.017
16.5 0.018
16.6 0.018
16.7 0.019
16.8 0.019
16.9 0.02
17.0 0.02
17.1 0.021
17.2 0.021
17.3 0.022
17.4 0.022
17.5 0.023
17.6 0.023
17.7 0.024
17.8 0.025
17.9 0.025
18.0 0.026
18.1 0.026
18.2 0.027
18.3 0.028
18.4 0.028
18.5 0.029
18.6 0.03
18.7 0.031
18.8 0.031
18.9 0.032
19.0 0.033
19.1 0.034
19.2 0.035
19.3 0.036
19.4 0.037
19.5 0.037
19.6 0.038
19.7 0.039
19.8 0.04
19.9 0.041
20.0 0.042
20.1 0.043
20.2 0.045
20.3 0.046
20.4 0.047
20.5 0.048
20.6 0.049
20.7 0.05
20.8 0.052
20.9 0.053
21.0 0.054
21.1 0.056
21.2 0.057
21.3 0.058
21.4 0.06
21.5 0.061
21.6 0.063
21.7 0.065
21.8 0.066
21.9 0.068
22.0 0.07
22.1 0.071
22.2 0.073
22.3 0.075
22.4 0.077
22.5 0.079
22.6 0.081
22.7 0.083
22.8 0.085
22.9 0.087
23.0 0.089
23.1 0.091
23.2 0.094
23.3 0.096
23.4 0.098
23.5 0.101
23.6 0.103
23.7 0.106
23.8 0.109
23.9 0.111
24.0 0.114
24.1 0.117
24.2 0.12
24.3 0.123
24.4 0.126
24.5 0.129
24.6 0.132
24.7 0.136
24.8 0.139
24.9 0.143
25.0 0.146
25.1 0.15
25.2 0.154
25.3 0.157
25.4 0.161
25.5 0.165
25.6 0.17
25.7 0.174
25.8 0.178
25.9 0.183
26.0 0.187
26.1 0.192
26.2 0.197
26.3 0.202
26.4 0.207
26.5 0.212
26.6 0.217
26.7 0.223
26.8 0.228
26.9 0.234
27.0 0.24
27.1 0.246
27.2 0.252
27.3 0.258
27.4 0.265
27.5 0.272
27.6 0.278
27.7 0.285
27.8 0.292
27.9 0.3
28.0 0.307
28.1 0.315
28.2 0.323
28.3 0.331
28.4 0.339
28.5 0.348
28.6 0.357
28.7 0.366
28.8 0.375
28.9 0.384
29.0 0.394
29.1 0.404
29.2 0.414
29.3 0.424
29.4 0.435
29.5 0.446
29.6 0.457
29.7 0.468
29.8 0.48
29.9 0.492
30.0 0.504
30.1 0.517
30.2 0.53
30.3 0.543
30.4 0.557
30.5 0.571
30.6 0.585
30.7 0.6
30.8 0.615
30.9 0.63
31.0 0.646
31.1 0.662
31.2 0.679
31.3 0.696
31.4 0.714
31.5 0.731
31.6 0.75
31.7 0.769
31.8 0.788
31.9 0.808
32.0 0.828
32.1 0.849
32.2 0.87
32.3 0.892
32.4 0.914
32.5 0.937
32.6 0.961
32.7 0.985
32.8 1.009
32.9 1.035
33.0 1.061
33.1 1.087
33.2 1.114
33.3 1.142
33.4 1.171
33.5 1.2
33.6 1.231
33.7 1.261
33.8 1.293
33.9 1.325
34.0 1.359
34.1 1.393
34.2 1.428
34.3 1.463
34.4 1.5
34.5 1.538
34.6 1.576
34.7 1.616
34.8 1.656
34.9 1.698
35.0 1.741
35.1 1.784
35.2 1.829
35.3 1.875
35.4 1.922
35.5 1.97
35.6 2.02
35.7 2.07
35.8 2.122
35.9 2.175
36.0 2.23
36.1 2.286
36.2 2.343
36.3 2.402
36.4 2.462
36.5 2.524
36.6 2.587
36.7 2.652
36.8 2.719
36.9 2.787
37.0 2.857
37.1 2.928
37.2 3.002
37.3 3.077
37.4 3.154
37.5 3.233
37.6 3.314
37.7 3.398
37.8 3.483
37.9 3.57
38.0 3.66
38.1 3.752
38.2 3.846
38.3 3.942
38.4 4.041
38.5 4.142
38.6 4.246
38.7 4.353
38.8 4.462
38.9 4.574
39.0 4.688
39.1 4.806
39.2 4.927
39.3 5.05
39.4 5.177
39.5 5.307
39.6 5.44
39.7 5.576
39.8 5.716
39.9 5.859
40.0 6.006
40.1 6.157
40.2 6.311
40.3 6.47
40.4 6.632
40.5 6.798
40.6 6.969
40.7 7.144
40.8 7.323
40.9 7.506
41.0 7.695
41.1 7.888
41.2 8.086
41.3 8.288
41.4 8.496
41.5 8.709
41.6 8.928
41.7 9.152
41.8 9.381
41.9 9.617
42.0 9.858
42.1 10.105
42.2 10.358
42.3 10.618
42.4 10.885
42.5 11.158
42.6 11.437
42.7 11.724
42.8 12.018
42.9 12.32
43.0 12.629
43.1 12.946
43.2 13.27
43.3 13.603
43.4 13.944
43.5 14.294
43.6 14.652
43.7 15.02
43.8 15.397
43.9 15.783
44.0 16.179
44.1 16.584
44.2 17.0
44.3 17.427
44.4 17.864
44.5 18.312
44.6 18.771
44.7 19.242
44.8 19.725
44.9 20.219
45.0 20.727
45.1 21.246
45.2 21.779
45.3 22.325
45.4 22.885
45.5 23.459
45.6 24.048
45.7 24.651
45.8 25.269
45.9 25.903
46.0 26.553
46.1 27.219
46.2 27.901
46.3 28.601
46.4 29.319
46.5 30.054
46.6 30.808
46.7 31.58
46.8 32.372
46.9 33.184
47.0 34.017
47.1 34.87
47.2 35.744
47.3 36.641
47.4 37.56
47.5 38.502
47.6 39.468
47.7 40.458
47.8 41.472
47.9 42.512
48.0 43.579
48.1 44.672
48.2 45.792
48.3 46.941
48.4 48.118
48.5 49.325
48.6 50.562
48.7 51.83
48.8 53.13
48.9 54.463
49.0 55.829
49.1 57.229
49.2 58.664
49.3 60.136
49.4 61.644
49.5 63.19
49.6 64.775
49.7 66.399
49.8 68.065
49.9 69.772
50.0 71.522
50.1 73.316
50.2 75.155
50.3 77.04
50.4 78.972
50.5 80.953
50.6 82.983
50.7 85.064
50.8 87.198
50.9 89.385
51.0 91.627
51.1 93.925
51.2 96.281
51.3 98.695
51.4 101.171
51.5 103.708
51.6 106.309
51.7 108.976
51.8 111.709
51.9 114.511
52.0 117.383
52.1 120.327
52.2 123.345
52.3 126.439
52.4 129.61
52.5 132.861
52.6 136.193
52.7 139.609
52.8 143.11
52.9 146.7
53.0 150.379
53.1 154.151
53.2 158.017
53.3 161.98
53.4 166.043
53.5 170.208
53.6 174.477
53.7 178.853
53.8 183.338
53.9 187.937
54.0 192.65
54.1 197.482
54.2 202.435
54.3 207.513
54.4 212.717
54.5 218.053
54.6 223.522
54.7 229.128
54.8 234.875
54.9 240.766
55.0 246.804
55.1 252.994
55.2 259.34
55.3 265.844
55.4 272.512
55.5 279.347
55.6 286.353
55.7 293.535
55.8 300.898
55.9 308.445
56.0 316.181
56.1 324.111
56.2 332.24
56.3 340.573
56.4 349.115
56.5 357.871
56.6 366.847
56.7 376.048
56.8 385.48
56.9 395.148
57.0 405.059
57.1 415.218
57.2 425.632
57.3 436.308
57.4 447.251
57.5 458.468
57.6 469.967
57.7 481.755
57.8 493.838
57.9 506.224
58.0 518.92
58.1 531.935
58.2 545.277
58.3 558.953
58.4 572.972
58.5 587.343
58.6 602.075
58.7 617.175
58.8 632.655
58.9 648.522
59.0 664.788
59.1 681.462
59.2 698.554
59.3 716.074
59.4 734.034
59.5 752.445
59.6 771.317
59.7 790.663
59.8 810.493
59.9 830.821
60.0 851.659
60.1 873.02
60.2 894.916
60.3 917.362
60.4 940.371
60.5 963.956
60.6 988.133
60.7 1012.917
60.8 1038.322
60.9 1064.364
61.0 1091.06
61.1 1118.425
61.2 1146.476
61.3 1175.231
61.4 1204.708
61.5 1234.923
61.6 1265.896
61.7 1297.647
61.8 1330.193
61.9 1363.556
62.0 1397.756
62.1 1432.813
62.2 1468.75
62.3 1505.588
62.4 1543.35
62.5 1582.059
62.6 1621.739
62.7 1662.414
62.8 1704.109
62.9 1746.85
63.0 1790.663
63.1 1835.575
63.2 1881.614
63.3 1928.807
63.4 1977.183
63.5 2026.774
63.6 2077.607
63.7 2129.716
63.8 2183.132
63.9 2237.888
64.0 2294.017
64.1 2351.553
64.2 2410.533
64.3 2470.992
64.4 2532.968
64.5 2596.497
64.6 2661.621
64.7 2728.377
64.8 2796.808
64.9 2866.955
65.0 2938.862
65.1 3012.572
65.2 3088.131
65.3 3165.585
65.4 3244.982
65.5 3326.37
65.6 3409.799
65.7 3495.321
65.8 3582.988
65.9 3672.853
66.0 3764.973
66.1 3859.403
66.2 3956.201
66.3 4055.428
66.4 4157.143
66.5 4261.409
66.6 4368.29
66.7 4477.852
66.8 4590.162
66.9 4705.288
67.0 4823.303
67.1 4944.277
67.2 5068.285
67.3 5195.404
67.4 5325.711
67.5 5459.286
67.6 5596.211
67.7 5736.571
67.8 5880.451
67.9 6027.94
68.0 6179.128
68.1 6334.107
68.2 6492.974
68.3 6655.826
68.4 6822.762
68.5 6993.885
68.6 7169.3
68.7 7349.115
68.8 7533.439
68.9 7722.387
69.0 7916.073
69.1 8114.618
69.2 8318.142
69.3 8526.771
69.4 8740.633
69.5 8959.858
69.6 9184.582
69.7 9414.942
69.8 9651.08
69.9 9893.141
70.0 10141.273
70.1 10395.628
70.2 10656.363
70.3 10923.637
70.4 11197.615
70.5 11478.464
70.6 11766.358
70.7 12061.472
70.8 12363.988
70.9 12674.092
71.0 12991.973
71.1 13317.827
71.2 13651.854
71.3 13994.259
71.4 14345.252
71.5 14705.048
71.6 15073.868
71.7 15451.939
71.8 15839.492
71.9 16236.765
72.0 16644.002
72.1 17061.454
72.2 17489.375
72.3 17928.03
72.4 18377.686
72.5 18838.62
72.6 19311.115
72.7 19795.461
72.8 20291.955
72.9 20800.901
73.0 21322.613
73.1 21857.409
73.2 22405.619
73.3 22967.579
73.4 23543.633
73.5 24134.135
73.6 24739.448
73.7 25359.943
73.8 25996.001
73.9 26648.011
74.0 27316.375
74.1 28001.502
74.2 28703.813
74.3 29423.739
74.4 30161.722
74.5 30918.214
74.6 31693.679
74.7 32488.595
74.8 33303.447
74.9 34138.737
75.0 34994.978
75.1 35872.693
75.2 36772.423
75.3 37694.719
75.4 38640.148
75.5 39609.289
75.6 40602.737
75.7 41621.102
75.8 42665.009
75.9 43735.098
76.0 44832.027
76.1 45956.467
76.2 47109.11
76.3 48290.663
76.4 49501.85
76.5 50743.416
76.6 52016.121
76.7 53320.747
76.8 54658.095
76.9 56028.985
77.0 57434.259
77.1 58874.779
77.2 60351.428
77.3 61865.114
77.4 63416.765
77.5 65007.333
77.6 66637.794
77.7 68309.149
77.8 70022.424
77.9 71778.67
78.0 73578.965
78.1 75424.413
78.2 77316.147
78.3 79255.328
78.4 81243.146
78.5 83280.821
78.6 85369.603
78.7 87510.775
78.8 89705.649
78.9 91955.574
79.0 94261.929
79.1 96626.131
79.2 99049.629
79.3 101533.912
79.4 104080.503
79.5 106690.967
79.6 109366.903
79.7 112109.955
79.8 114921.807
79.9 117804.183
80.0 120758.852
80.1 123787.628
80.2 126892.369
80.3 130074.981
80.4 133337.416
80.5 136681.678
80.6 140109.817
80.7 143623.938
80.8 147226.198
80.9 150918.806
81.0 154704.03
81.1 158584.191
81.2 162561.672
81.3 166638.912
81.4 170818.415
81.5 175102.744
81.6 179494.529
81.7 183996.466
81.8 188611.317
81.9 193341.913
82.0 198191.159
82.1 203162.029
82.2 208257.575
82.3 213480.923
82.4 218835.279
82.5 224323.929
82.6 229950.24
82.7 235717.666
82.8 241629.746
82.9 247690.108
83.0 253902.471
83.1 260270.648
83.2 266798.546
83.3 273490.172
83.4 280349.631
83.5 287381.134
83.6 294588.995
83.7 301977.638
83.8 309551.597
83.9 317315.52
84.0 325274.172
84.1 333432.435
84.2 341795.318
84.3 350367.952
84.4 359155.598
84.5 368163.648
84.6 377397.631
84.7 386863.214
84.8 396566.204
84.9 406512.557
85.0 416708.376
85.1 427159.919
85.2 437873.599
85.3 448855.991
85.4 460113.834
85.5 471654.037
85.6 483483.682
85.7 495610.029
85.8 508040.519
85.9 520782.781
86.0 533844.634
86.1 547234.093
86.2 560959.377
86.3 575028.906
86.4 589451.316
86.5 604235.458
86.6 619390.403
86.7 634925.453
86.8 650850.14
86.9 667174.237
87.0 683907.762
87.1 701060.983
87.2 718644.428
87.3 736668.887
87.4 755145.421
87.5 774085.368
87.6 793500.351
87.7 813402.285
87.8 833803.384
87.9 854716.167
88.0 876153.467
88.1 898128.44
88.2 920654.571
88.3 943745.685
88.4 967415.951
88.5 991679.896
88.6 1016552.41
88.7 1042048.756
88.8 1068184.58
88.9 1094975.923
89.0 1122439.224
89.1 1150591.337
89.2 1179449.539
89.3 1209031.539
89.4 1239355.491
89.5 1270440.003
89.6 1302304.153
89.7 1334967.493
89.8 1368450.068
89.9 1402772.427
90.0 1437955.631
90.1 1474021.272
90.2 1510991.482
90.3 1548888.949
90.4 1587736.929
90.5 1627559.264
90.6 1668380.39
90.7 1710225.358
90.8 1753119.848
90.9 1797090.183
91.0 1842163.346
91.1 1888366.998
91.2 1935729.493
91.3 1984279.896
91.4 2034048.0
91.5 2085064.348
91.6 2137360.246
91.7 2190967.788
91.8 2245919.872
91.9 2302250.218
92.0 2359993.397
92.1 2419184.844
92.2 2479860.883
92.3 2542058.749
92.4 2605816.612
92.5 2671173.598
92.6 2738169.815
92.7 2806846.377
92.8 2877245.429
92.9 2949410.173
93.0 3023384.895
93.1 3099214.991
93.2 3176946.997
93.3 3256628.613
93.4 3338308.74
93.5 3422037.501
93.6 3507866.28
93.7 3595847.746
93.8 3686035.893
93.9 3778486.066
94.0 3873254.999
94.1 3970400.85
94.2 4069983.235
94.3 4172063.265
94.4 4276703.583
94.5 4383968.406
94.6 4493923.558
94.7 4606636.516
94.8 4722176.449
94.9 4840614.262
95.0 4962022.636
95.1 5086476.077
95.2 5214050.959
95.3 5344825.57
95.4 5478880.165
95.5 5616297.009
95.6 5757160.43
95.7 5901556.875
95.8 6049574.954
95.9 6201305.503
96.0 6356841.635
96.1 6516278.799
96.2 6679714.837
96.3 6847250.045
96.4 7018987.236
96.5 7195031.8
96.6 7375491.772
96.7 7560477.895
96.8 7750103.69
96.9 7944485.527
97.0 8143742.691
97.1 8347997.463
97.2 8557375.187
97.3 8772004.355
97.4 8992016.677
97.5 9217547.171
97.6 9448734.239
97.7 9685719.754
97.8 9928649.147
97.9 10177671.5
98.0 10432939.63
98.1 10694610.189
98.2 10962843.757
98.3 11237804.943
98.4 11519662.483
98.5 11808589.346
98.6 12104762.839
98.7 12408364.716
98.8 12719581.29
98.9 13038603.546
99.0 13365627.261
99.1 13700853.121
99.2 14044486.844
99.3 14396739.311
99.4 14757826.69
99.5 15127970.57
99.6 15507398.099
99.7 15896342.124
99.8 16295041.328
99.9 16703740.383
