0.0 0.0
0.1 0.0
0.2 0.0
0.3 0.0
0.4 0.0
0.5 0.0
0.6 0.0
0.7 0.0
0.8 0.0
0.9 0.0
1.0 0.0
1.1 0.0
1.2 0.0
1.3 0.0
1.4 0.001
1.5 0.001
1.6 0.001
1.7 0.001
1.8 0.001
1.9 0.001
2.0 0.001
2.1 0.001
2.2 0.001
2.3 0.001
2.4 0.001
2.5 0.001
2.6 0.001
2.7 0.001
2.8 0.001
2.9 0.001
3.0 0.001
3.1 0.001
3.2 0.001
3.3 0.001
3.4 0.001
3.5 0.001
3.6 0.001
3.7 0.001
3.8 0.001
3.9 0.001
4.0 0.001
4.1 0.001
4.2 0.001
4.3 0.002
4.4 0.002
4.5 0.002
4.6 0.002
4.7 0.002
4.8 0.002
4.9 0.002
5.0 0.002
5.1 0.002
5.2 0.002
5.3 0.002
5.4 0.002
5.5 0.002
5.6 0.003
5.7 0.003
5.8 0.003
5.9 0.003
6.0 0.003
6.1 0.003
6.2 0.003
6.3 0.003
6.4 0.003
6.5 0.004
6.6 0.004
6.7 0.004
6.8 0.004
6.9 0.004
7.0 0.004
7.1 0.005
7.2 0.005
7.3 0.005
7.4 0.005
7.5 0.005
7.6 0.006
7.7 0.006
7.8 0.006
7.9 0.006
8.0 0.006
8.1 0.007
8.2 0.007
8.3 0.007
8.4 0.007
8.5 0.008
8.6 0.008
8.7 0.008
8.8 0.009
8.9 0.009
9.0 0.009
9.1 0.01
9.2 0.01
9.3 0.011
9.4 0.011
9.5 0.011
9.6 0.012
9.7 0.012
9.8 0.013
9.9 0.013
10.0 0.014
10.1 0.014
10.2 0.015
10.3 0.016
10.4 0.016
10.5 0.017
10.6 0.018
10.7 0.018
10.8 0.019
10.9 0.02
11.0 0.02
11.1 0.021
11.2 0.022
11.3 0.023
11.4 0.024
11.5 0.025
11.6 0.026
11.7 0.027
11.8 0.028
11.9 0.029
12.0 0.03
12.1 0.031
12.2 0.032
12.3 0.034
12.4 0.035
12.5 0.036
12.6 0.038
12.7 0.039
12.8 0.041
12.9 0.043
13.0 0.044
13.1 0.046
13.2 0.048
13.3 0.05
13.4 0.052
13.5 0.054
13.6 0.056
13.7 0.058
13.8 0.06
13.9 0.063
14.0 0.065
14.1 0.068
14.2 0.07
14.3 0.073
14.4 0.076
14.5 0.079
14.6 0.082
14.7 0.085
14.8 0.089
14.9 0.092
15.0 0.096
15.1 0.099
15.2 0.103
15.3 0.107
15.4 0.112
15.5 0.116
15.6 0.121
15.7 0.125
15.8 0.13
15.9 0.135
16.0 0.141
16.1 0.146
16.2 0.152
16.3 0.158
16.4 0.164
16.5 0.171
16.6 0.177
16.7 0.184
16.8 0.192
16.9 0.199
17.0 0.207
17.1 0.215
17.2 0.223
17.3 0.232
17.4 0.241
17.5 0.251
17.6 0.261
17.7 0.271
17.8 0.282
17.9 0.293
18.0 0.304
18.1 0.316
18.2 0.329
18.3 0.342
18.4 0.355
18.5 0.369
18.6 0.384
18.7 0.399
18.8 0.414
18.9 0.431
19.0 0.448
19.1 0.465
19.2 0.483
19.3 0.502
19.4 0.522
19.5 0.543
19.6 0.564
19.7 0.586
19.8 0.609
19.9 0.633
20.0 0.658
20.1 0.684
20.2 0.711
20.3 0.739
20.4 0.768
20.5 0.798
20.6 0.83
20.7 0.862
20.8 0.896
20.9 0.932
21.0 0.968
21.1 1.006
21.2 1.046
21.3 1.087
21.4 1.13
21.5 1.174
21.6 1.22
21.7 1.268
21.8 1.318
21.9 1.37
22.0 1.424
22.1 1.48
22.2 1.538
22.3 1.599
22.4 1.662
22.5 1.727
22.6 1.795
22.7 1.866
22.8 1.939
22.9 2.015
23.0 2.095
23.1 2.177
23.2 2.263
23.3 2.352
23.4 2.444
23.5 2.54
23.6 2.64
23.7 2.744
23.8 2.852
23.9 2.964
24.0 3.081
24.1 3.202
24.2 3.328
24.3 3.459
24.4 3.595
24.5 3.736
24.6 3.883
24.7 4.036
24.8 4.195
24.9 4.36
25.0 4.531
25.1 4.71
25.2 4.895
25.3 5.087
25.4 5.288
25.5 5.496
25.6 5.712
25.7 5.936
25.8 6.17
25.9 6.413
26.0 6.665
26.1 6.927
26.2 7.2
26.3 7.483
26.4 7.777
26.5 8.083
26.6 8.401
26.7 8.732
26.8 9.075
26.9 9.432
27.0 9.803
27.1 10.189
27.2 10.589
27.3 11.006
27.4 11.439
27.5 11.889
27.6 12.357
27.7 12.843
27.8 13.348
27.9 13.873
28.0 14.419
28.1 14.986
28.2 15.575
28.3 16.188
28.4 16.825
28.5 17.486
28.6 18.174
28.7 18.889
28.8 19.632
28.9 20.405
29.0 21.207
29.1 22.041
29.2 22.909
29.3 23.81
29.4 24.746
29.5 25.72
29.6 26.731
29.7 27.783
29.8 28.876
29.9 30.012
30.0 31.192
30.1 32.419
30.2 33.695
30.3 35.02
30.4 36.398
30.5 37.829
30.6 39.317
30.7 40.864
30.8 42.471
30.9 44.142
31.0 45.879
31.1 47.683
31.2 49.559
31.3 51.508
31.4 53.535
31.5 55.64
31.6 57.829
31.7 60.104
31.8 62.468
31.9 64.926
32.0 67.48
32.1 70.134
32.2 72.893
32.3 75.76
32.4 78.74
32.5 81.838
32.6 85.057
32.7 88.403
32.8 91.88
32.9 95.495
33.0 99.251
33.1 103.155
33.2 107.213
33.3 111.43
33.4 115.814
33.5 120.369
33.6 125.104
33.7 130.026
33.8 135.14
33.9 140.456
34.0 145.981
34.1 151.724
34.2 157.692
34.3 163.895
34.4 170.342
34.5 177.043
34.6 184.007
34.7 191.246
34.8 198.769
34.9 206.587
35.0 214.714
35.1 223.16
35.2 231.938
35.3 241.062
35.4 250.545
35.5 260.4
35.6 270.644
35.7 281.29
35.8 292.355
35.9 303.855
36.0 315.808
36.1 328.231
36.2 341.142
36.3 354.562
36.4 368.509
36.5 383.005
36.6 398.071
36.7 413.73
36.8 430.005
36.9 446.92
37.0 464.5
37.1 482.772
37.2 501.762
37.3 521.5
37.4 542.014
37.5 563.335
37.6 585.495
37.7 608.526
37.8 632.464
37.9 657.343
38.0 683.201
38.1 710.076
38.2 738.008
38.3 767.038
38.4 797.211
38.5 828.571
38.6 861.164
38.7 895.039
38.8 930.247
38.9 966.84
39.0 1004.872
39.1 1044.401
39.2 1085.484
39.3 1128.184
39.4 1172.563
39.5 1218.687
39.6 1266.626
39.7 1316.451
39.8 1368.236
39.9 1422.058
40.0 1477.997
40.1 1536.137
40.2 1596.563
40.3 1659.367
40.4 1724.641
40.5 1792.483
40.6 1862.993
40.7 1936.277
40.8 2012.444
40.9 2091.607
41.0 2173.884
41.1 2259.397
41.2 2348.274
41.3 2440.648
41.4 2536.655
41.5 2636.439
41.6 2740.147
41.7 2847.936
41.8 2959.964
41.9 3076.399
42.0 3197.415
42.1 3323.191
42.2 3453.914
42.3 3589.78
42.4 3730.99
42.5 3877.755
42.6 4030.293
42.7 4188.831
42.8 4353.606
42.9 4524.863
43.0 4702.856
43.1 4887.851
43.2 5080.123
43.3 5279.958
43.4 5487.654
43.5 5703.521
43.6 5927.878
43.7 6161.061
43.8 6403.417
43.9 6655.307
44.0 6917.105
44.1 7189.201
44.2 7472.0
44.3 7765.924
44.4 8071.41
44.5 8388.913
44.6 8718.905
44.7 9061.878
44.8 9418.343
44.9 9788.829
45.0 10173.89
45.1 10574.097
45.2 10990.047
45.3 11422.36
45.4 11871.678
45.5 12338.67
45.6 12824.033
45.7 13328.488
45.8 13852.787
45.9 14397.71
46.0 14964.069
46.1 15552.706
46.2 16164.498
46.3 16800.357
46.4 17461.227
46.5 18148.095
46.6 18861.981
46.7 19603.949
46.8 20375.104
46.9 21176.594
47.0 22009.611
47.1 22875.397
47.2 23775.24
47.3 24710.48
47.4 25682.509
47.5 26692.774
47.6 27742.78
47.7 28834.09
47.8 29968.328
47.9 31147.184
48.0 32372.412
48.1 33645.836
48.2 34969.352
48.3 36344.932
48.4 37774.622
48.5 39260.551
48.6 40804.932
48.7 42410.064
48.8 44078.336
48.9 45812.233
49.0 47614.336
49.1 49487.327
49.2 51433.996
49.3 53457.24
49.4 55560.072
49.5 57745.623
49.6 60017.146
49.7 62378.023
49.8 64831.769
49.9 67382.038
50.0 70032.625
50.1 72787.479
50.2 75650.699
50.3 78626.548
50.4 81719.458
50.5 84934.033
50.6 88275.058
50.7 91747.509
50.8 95356.554
50.9 99107.568
51.0 103006.133
51.1 107058.056
51.2 111269.368
51.3 115646.339
51.4 120195.485
51.5 124923.581
51.6 129837.663
51.7 134945.05
51.8 140253.345
51.9 145770.45
52.0 151504.58
52.1 157464.272
52.2 163658.399
52.3 170096.182
52.4 176787.206
52.5 183741.434
52.6 190969.217
52.7 198481.318
52.8 206288.921
52.9 214403.648
53.0 222837.583
53.1 231603.281
53.2 240713.792
53.3 250182.681
53.4 260024.045
53.5 270252.536
53.6 280883.382
53.7 291932.41
53.8 303416.071
53.9 315351.462
54.0 327756.351
54.1 340649.208
54.2 354049.228
54.3 367976.36
54.4 382451.34
54.5 397495.718
54.6 413131.892
54.7 429383.142
54.8 446273.663
54.9 463828.601
55.0 482074.093
55.1 501037.303
55.2 520746.463
55.3 541230.916
55.4 562521.16
55.5 584648.893
55.6 607647.058
55.7 631549.895
55.8 656392.99
55.9 682213.332
56.0 709049.361
56.1 736941.031
56.2 765929.868
56.3 796059.03
56.4 827373.375
56.5 859919.522
56.6 893745.928
56.7 928902.954
56.8 965442.941
56.9 1003420.292
57.0 1042891.546
57.1 1083915.47
57.2 1126553.14
57.3 1170868.036
57.4 1216926.134
57.5 1264796.006
57.6 1314548.922
57.7 1366258.953
57.8 1420003.088
57.9 1475861.339
58.0 1533916.871
58.1 1594256.116
58.2 1656968.909
58.3 1722148.617
58.4 1789892.28
58.5 1860300.756
58.6 1933478.87
58.7 2009535.571
58.8 2088584.092
58.9 2170742.121
59.0 2256131.978
59.1 2344880.791
59.2 2437120.69
59.3 2532989.003
59.4 2632628.46
59.5 2736187.406
59.6 2843820.021
59.7 2955686.548
59.8 3071953.537
59.9 3192794.087
60.0 3318388.107
60.1 3448922.582
60.2 3584591.855
60.3 3725597.91
60.4 3872150.68
60.5 4024468.354
60.6 4182777.705
60.7 4347314.424
60.8 4518323.477
60.9 4696059.464
61.0 4880787.0
61.1 5072781.11
61.2 5272327.637
61.3 5479723.668
61.4 5695277.976
61.5 5919311.483
61.6 6152157.73
61.7 6394163.384
61.8 6645688.744
61.9 6907108.284
62.0 7178811.21
62.1 7461202.035
62.2 7754701.186
62.3 8059745.629
62.4 8376789.517
62.5 8706304.869
62.6 9048782.272
62.7 9404731.609
62.8 9774682.822
62.9 10159186.7
63.0 10558815.696
63.1 10974164.782
63.2 11405852.335
63.3 11854521.057
63.4 12320838.932
63.5 12805500.217
63.6 13309226.484
63.7 13832767.686
63.8 14376903.277
63.9 14942443.373
64.0 15530229.956
64.1 16141138.13
64.2 16776077.423
64.3 17435993.14
64.4 18121867.771
64.5 18834722.454
64.6 19575618.497
64.7 20345658.953
64.8 21145990.268
64.9 21977803.986
65.0 22842338.519
65.1 23740880.998
65.2 24674769.184
65.3 25645393.459
65.4 26654198.901
65.5 27702687.432
65.6 28792420.054
65.7 29925019.173
65.8 31102171.018
65.9 32325628.144
66.0 33597212.051
66.1 34918815.887
66.2 36292407.271
66.3 37720031.224
66.4 39203813.207
66.5 40745962.295
66.6 42348774.456
66.7 44014635.977
66.8 45746027.012
66.9 47545525.276
67.0 49415809.885
67.1 51359665.339
67.2 53379985.674
67.3 55479778.768
67.4 57662170.816
67.5 59930410.991
67.6 62287876.274
67.7 64738076.49
67.8 67284659.524
67.9 69931416.761
68.0 72682288.723
68.1 75541370.941
68.2 78512920.052
68.3 81601360.133
68.4 84811289.29
68.5 88147486.504
68.6 91614918.745
68.7 95218748.368
68.8 98964340.796
68.9 102857272.514
69.0 106903339.363
69.1 111108565.176
69.2 115479210.743
69.3 120021783.134
69.4 124743045.384
69.5 129650026.565
69.6 134750032.249
69.7 140050655.384
69.8 145559787.603
69.9 151285630.966
70.0 157236710.177
70.1 163421885.273
70.2 169850364.818
70.3 176531719.608
70.4 183475896.923
70.5 190693235.337
70.6 198194480.11
70.7 205990799.184
70.8 214093799.812
70.9 222515545.837
71.0 231268575.655
71.1 240365920.882
71.2 249821125.753
71.3 259648267.289
71.4 269861976.257
71.5 280477458.947
71.6 291510519.816
71.7 302977585.017
71.8 314895726.853
71.9 327282689.195
72.0 340156913.901
72.1 353537568.269
72.2 367444573.577
72.3 381898634.739
72.4 396921271.135
72.5 412534848.644
72.6 428762612.946
72.7 445628724.13
72.8 463158292.662
72.9 481377416.774
73.0 500313221.313
73.1 519993898.132
73.2 540448748.056
73.3 561708224.509
73.4 583803978.852
73.5 606768907.508
73.6 630637200.937
73.7 655444394.536
73.8 681227421.552
73.9 708024668.062
74.0 735876030.125
74.1 764822973.181
74.2 794908593.783
74.3 826177683.761
74.4 858676796.909
74.5 892454318.293
74.6 927560536.29
74.7 964047717.453
74.8 1001970184.333
74.9 1041384396.35
75.0 1082349033.852
75.1 1124925085.479
75.2 1169175938.964
75.3 1215167475.503
75.4 1262968167.843
75.5 1312649182.225
75.6 1364284484.334
75.7 1417950949.423
75.8 1473728476.763
75.9 1531700108.601
76.0 1591952153.793
76.1 1654574316.3
76.2 1719659828.744
76.3 1787305591.21
76.4 1857612315.514
76.5 1930684675.146
76.6 2006631461.102
76.7 2085565743.863
76.8 2167605041.728
76.9 2252871495.78
77.0 2341492051.731
77.1 2433598648.92
77.2 2529328416.744
77.3 2628823878.822
77.4 2732233165.182
77.5 2839710232.8
77.6 2951415094.814
77.7 3067514058.752
77.8 3188179974.133
77.9 3313592489.809
78.0 3443938321.425
78.1 3579411529.408
78.2 3720213807.881
78.3 3866554784.954
78.4 4018652334.814
78.5 4176732902.105
78.6 4341031839.056
78.7 4511793755.88
78.8 4689272884.953
78.9 4873733459.313
79.0 5065450106.059
79.1 5264708255.218
79.2 5471804564.693
79.3 5687047361.936
79.4 5910757102.984
79.5 6143266849.563
79.6 6384922764.951
79.7 6636084629.351
79.8 6897126375.538
79.9 7168436645.569
80.0 7450419369.404
80.1 7743494366.279
80.2 8048097969.738
80.3 8364683677.251
80.4 8693722825.388
80.5 9035705291.549
80.6 9391140223.3
80.7 9760556796.399
80.8 10144505002.638
80.9 10543556468.674
81.0 10958305307.082
81.1 11389369000.867
81.2 11837389322.79
81.3 12303033290.837
81.4 12786994161.292
81.5 13289992460.857
81.6 13812777059.39
81.7 14356126284.823
81.8 14920849081.951
81.9 15507786216.795
82.0 16117811528.349
82.1 16751833229.557
82.2 17410795259.475
82.3 18095678688.617
82.4 18807503179.585
82.5 19547328505.152
82.6 20316256126.071
82.7 21115430830.936
82.8 21946042440.56
82.9 22809327579.394
83.0 23706571516.628
83.1 24639110079.717
83.2 25608331643.174
83.3 26615679195.597
83.4 27662652488.015
83.5 28750810266.727
83.6 29881772593.986
83.7 31057223259.967
83.8 32278912289.613
83.9 33548658548.094
84.0 34868352448.751
84.1 36239958767.575
84.2 37665519568.377
84.3 39147157243.047
84.4 40687077671.391
84.5 42287573505.272
84.6 43951027581.939
84.7 45679916471.621
84.8 47476814164.676
84.9 49344395903.778
85.0 51285442166.85
85.1 53302842806.674
85.2 55399601353.334
85.3 57578839485.912
85.4 59843801680.082
85.5 62197860038.515
85.6 64644519311.319
85.7 67187422113.939
85.8 69830354350.338
85.9 72577250849.488
86.0 75432201223.592
86.1 78399455956.751
86.2 81483432733.131
86.3 84688723014.066
86.4 88020098873.877
86.5 91482520104.599
86.6 95081141600.173
86.7 98821321031.117
86.8 102708626821.087
86.9 106748846437.213
87.0 110947995006.552
87.1 115312324271.475
87.2 119848331897.342
87.3 124562771146.298
87.4 129462660931.612
87.5 134555296267.522
87.6 139848259130.133
87.7 145349429745.557
87.8 151066998322.087
87.9 157009477243.876
88.0 163185713744.277
88.1 169604903077.708
88.2 176276602209.655
88.3 183210744045.201
88.4 190417652217.248
88.5 197908056456.465
88.6 205693108565.843
88.7 213784399023.629
88.8 222193974239.367
88.9 230934354488.738
89.0 240018552553.893
89.1 249460093097.043
89.2 259273032796.131
89.3 269471981272.584
89.4 280072122842.293
89.5 291089239122.201
89.6 302539732526.163
89.7 314440650685.054
89.8 326809711827.487
89.9 339665331158.92
90.0 353026648278.434
90.1 366913555673.997
90.2 381346728338.636
90.3 396347654551.614
90.4 411938667870.433
90.5 428142980381.302
90.6 444984717257.568
90.7 462488952677.561
90.8 480681747155.328
90.9 499590186339.836
91.0 519242421340.412
91.1 539667710638.447
91.2 560896463647.769
91.3 582960285988.546
91.4 605892026542.107
91.5 629725826356.744
91.6 654497169477.316
91.7 680242935774.316
91.8 707001455851.06
91.9 734812568110.746
92.0 763717678068.343
92.1 793759819995.615
92.2 824983720991.056
92.3 857435867570.127
92.4 891164574874.936
92.5 926220058606.391
92.6 962654509785.94
92.7 1000522172458.178
92.8 1039879424450.034
92.9 1080784861306.744
93.0 1123299383529.599
93.1 1167486287245.337
93.2 1213411358442.169
93.3 1261142970912.741
93.4 1310752188049.85
93.5 1362312868646.472
93.6 1415901776857.608
93.7 1471598696487.673
93.8 1529486549773.578
93.9 1589651520840.332
94.0 1652183184013.01
94.1 1717174637176.058
94.2 1784722640378.541
94.3 1854927759891.657
94.4 1927894517932.991
94.5 2003731548280.44
94.6 2082551758007.476
94.7 2164472495580.544
94.8 2249615725568.85
94.9 2338108210226.66
95.0 2430081698218.467
95.1 2525673120767.954
95.2 2625024795522.844
95.3 2728284638439.1
95.4 2835606383999.964
95.5 2947149814097.679
95.6 3063080995918.68
95.7 3183572529186.4
95.8 3308803803129.783
95.9 3438961263560.112
96.0 3574238690453.738
96.1 3714837486454.044
96.2 3860966976722.063
96.3 4012844720582.292
96.4 4170696835427.602
96.5 4334758333365.491
96.6 4505273471106.924
96.7 4682496113618.617
96.8 4866690112080.232
96.9 5058129696709.146
97.0 5257099885037.676
97.1 5463896906250.549
97.2 5678828642214.465
97.3 5902215085856.271
97.4 6134388817572.236
97.5 6375695500377.709
97.6 6626494394534.348
97.7 6887158892421.035
97.8 7158077074444.932
97.9 7439652286820.177
98.0 7732303742074.566
98.1 8036467143178.123
98.2 8352595332222.879
98.3 8681158964619.578
98.4 9022647209815.037
98.5 9377568479573.457
98.6 9746451184905.89
98.7 10129844522774.867
98.8 10528319293745.36
98.9 10942468751799.445
99.0 11372909487579.932
99.1 11820282346377.793
99.2 12285253382230.297
99.3 12768514849550.203
99.4 13270786233762.34
99.5 13792815322482.072
99.6 14335379318830.434
99.7 14899285998543.363
99.8 15485374912597.793
99.9 16094518637145.234
