0.0 0.0
0.1 0.0
0.2 0.0
0.3 0.0
0.4 0.0
0.5 0.0
0.6 0.0
0.7 0.0
0.8 0.0
0.9 0.0
1.0 0.0
1.1 0.0
1.2 0.0
1.3 0.0
1.4 0.0
1.5 0.0
1.6 0.0
1.7 0.0
1.8 0.001
1.9 0.001
2.0 0.001
2.1 0.001
2.2 0.001
2.3 0.001
2.4 0.001
2.5 0.001
2.6 0.001
2.7 0.001
2.8 0.001
2.9 0.001
3.0 0.001
3.1 0.001
3.2 0.001
3.3 0.001
3.4 0.001
3.5 0.001
3.6 0.001
3.7 0.001
3.8 0.001
3.9 0.001
4.0 0.001
4.1 0.001
4.2 0.001
4.3 0.001
4.4 0.001
4.5 0.001
4.6 0.001
4.7 0.001
4.8 0.001
4.9 0.001
5.0 0.001
5.1 0.001
5.2 0.001
5.3 0.001
5.4 0.001
5.5 0.001
5.6 0.001
5.7 0.001
5.8 0.001
5.9 0.001
6.0 0.001
6.1 0.001
6.2 0.001
6.3 0.002
6.4 0.002
6.5 0.002
6.6 0.002
6.7 0.002
6.8 0.002
6.9 0.002
7.0 0.002
7.1 0.002
7.2 0.002
7.3 0.002
7.4 0.002
7.5 0.002
7.6 0.002
7.7 0.002
7.8 0.002
7.9 0.002
8.0 0.002
8.1 0.002
8.2 0.002
8.3 0.002
8.4 0.003
8.5 0.003
8.6 0.003
8.7 0.003
8.8 0.003
8.9 0.003
9.0 0.003
9.1 0.003
9.2 0.003
9.3 0.003
9.4 0.003
9.5 0.003
9.6 0.003
9.7 0.003
9.8 0.004
9.9 0.004
10.0 0.004
10.1 0.004
10.2 0.004
10.3 0.004
10.4 0.004
10.5 0.004
10.6 0.004
10.7 0.004
10.8 0.004
10.9 0.005
11.0 0.005
11.1 0.005
11.2 0.005
11.3 0.005
11.4 0.005
11.5 0.005
11.6 0.005
11.7 0.006
11.8 0.006
11.9 0.006
12.0 0.006
12.1 0.006
12.2 0.006
12.3 0.006
12.4 0.007
12.5 0.007
12.6 0.007
12.7 0.007
12.8 0.007
12.9 0.007
13.0 0.008
13.1 0.008
13.2 0.008
13.3 0.008
13.4 0.008
13.5 0.009
13.6 0.009
13.7 0.009
13.8 0.009
13.9 0.01
14.0 0.01
14.1 0.01
14.2 0.01
14.3 0.011
14.4 0.011
14.5 0.011
14.6 0.011
14.7 0.012
14.8 0.012
14.9 0.012
15.0 0.012
15.1 0.013
15.2 0.013
15.3 0.013
15.4 0.014
15.5 0.014
15.6 0.014
15.7 0.015
15.8 0.015
15.9 0.015
16.0 0.016
16.1 0.016
16.2 0.017
16.3 0.017
16.4 0.017
16.5 0.018
16.6 0.018
16.7 0.019
16.8 0.019
16.9 0.02
17.0 0.02
17.1 0.021
17.2 0.021
17.3 0.022
17.4 0.022
17.5 0.023
17.6 0.023
17.7 0.024
17.8 0.025
17.9 0.025
18.0 0.026
18.1 0.026
18.2 0.027
18.3 0.028
18.4 0.028
18.5 0.029
18.6 0.03
18.7 0.031
18.8 0.031
18.9 0.032
19.0 0.033
19.1 0.034
19.2 0.035
19.3 0.035
19.4 0.036
19.5 0.037
19.6 0.038
19.7 0.039
19.8 0.04
19.9 0.041
20.0 0.042
20.1 0.043
20.2 0.044
20.3 0.045
20.4 0.046
20.5 0.047
20.6 0.048
20.7 0.05
20.8 0.051
20.9 0.052
21.0 0.053
21.1 0.055
21.2 0.056
21.3 0.057
21.4 0.059
21.5 0.06
21.6 0.062
21.7 0.063
21.8 0.065
21.9 0.066
22.0 0.068
22.1 0.07
22.2 0.071
22.3 0.073
22.4 0.075
22.5 0.077
22.6 0.079
22.7 0.081
22.8 0.083
22.9 0.085
23.0 0.087
23.1 0.089
23.2 0.091
23.3 0.093
23.4 0.096
23.5 0.098
23.6 0.1
23.7 0.103
23.8 0.105
23.9 0.108
24.0 0.111
24.1 0.113
24.2 0.116
24.3 0.119
24.4 0.122
24.5 0.125
24.6 0.128
24.7 0.131
24.8 0.134
24.9 0.138
25.0 0.141
25.1 0.145
25.2 0.148
25.3 0.152
25.4 0.155
25.5 0.159
25.6 0.163
25.7 0.167
25.8 0.171
25.9 0.175
26.0 0.18
26.1 0.184
26.2 0.189
26.3 0.193
26.4 0.198
26.5 0.203
26.6 0.208
26.7 0.213
26.8 0.218
26.9 0.224
27.0 0.229
27.1 0.235
27.2 0.241
27.3 0.246
27.4 0.253
27.5 0.259
27.6 0.265
27.7 0.272
27.8 0.278
27.9 0.285
28.0 0.292
28.1 0.299
28.2 0.307
28.3 0.314
28.4 0.322
28.5 0.33
28.6 0.338
28.7 0.346
28.8 0.355
28.9 0.363
29.0 0.372
29.1 0.381
29.2 0.391
29.3 0.4
29.4 0.41
29.5 0.42
29.6 0.431
29.7 0.441
29.8 0.452
29.9 0.463
30.0 0.475
30.1 0.486
30.2 0.498
30.3 0.51
30.4 0.523
30.5 0.536
30.6 0.549
30.7 0.562
30.8 0.576
30.9 0.59
31.0 0.605
31.1 0.62
31.2 0.635
31.3 0.651
31.4 0.667
31.5 0.683
31.6 0.7
31.7 0.717
31.8 0.735
31.9 0.753
32.0 0.771
32.1 0.79
32.2 0.809
32.3 0.829
32.4 0.85
32.5 0.871
32.6 0.892
32.7 0.914
32.8 0.936
32.9 0.959
33.0 0.983
33.1 1.007
33.2 1.032
33.3 1.057
33.4 1.083
33.5 1.11
33.6 1.137
33.7 1.165
33.8 1.193
33.9 1.223
34.0 1.253
34.1 1.284
34.2 1.315
34.3 1.347
34.4 1.38
34.5 1.414
34.6 1.449
34.7 1.485
34.8 1.521
34.9 1.559
35.0 1.597
35.1 1.636
35.2 1.676
35.3 1.717
35.4 1.76
35.5 1.803
35.6 1.847
35.7 1.892
35.8 1.939
35.9 1.987
36.0 2.035
36.1 2.085
36.2 2.137
36.3 2.189
36.4 2.243
36.5 2.298
36.6 2.354
36.7 2.412
36.8 2.472
36.9 2.532
37.0 2.594
37.1 2.658
37.2 2.723
37.3 2.79
37.4 2.859
37.5 2.929
37.6 3.001
37.7 3.075
37.8 3.15
37.9 3.228
38.0 3.307
38.1 3.388
38.2 3.471
38.3 3.557
38.4 3.644
38.5 3.734
38.6 3.825
38.7 3.919
38.8 4.016
38.9 4.114
39.0 4.215
39.1 4.319
39.2 4.425
39.3 4.534
39.4 4.645
39.5 4.759
39.6 4.876
39.7 4.996
39.8 5.118
39.9 5.244
40.0 5.373
40.1 5.505
40.2 5.64
40.3 5.779
40.4 5.921
40.5 6.066
40.6 6.215
40.7 6.368
40.8 6.524
40.9 6.685
41.0 6.849
41.1 7.017
41.2 7.189
41.3 7.366
41.4 7.547
41.5 7.732
41.6 7.922
41.7 8.117
41.8 8.316
41.9 8.52
42.0 8.73
42.1 8.944
42.2 9.164
42.3 9.389
42.4 9.62
42.5 9.856
42.6 10.098
42.7 10.346
42.8 10.6
42.9 10.861
43.0 11.127
43.1 11.401
43.2 11.681
43.3 11.968
43.4 12.262
43.5 12.563
43.6 12.871
43.7 13.188
43.8 13.512
43.9 13.843
44.0 14.184
44.1 14.532
44.2 14.889
44.3 15.255
44.4 15.629
44.5 16.013
44.6 16.407
44.7 16.81
44.8 17.223
44.9 17.646
45.0 18.079
45.1 18.523
45.2 18.978
45.3 19.444
45.4 19.922
45.5 20.411
45.6 20.913
45.7 21.426
45.8 21.953
45.9 22.492
46.0 23.044
46.1 23.611
46.2 24.191
46.3 24.785
46.4 25.394
46.5 26.017
46.6 26.656
46.7 27.311
46.8 27.982
46.9 28.669
47.0 29.374
47.1 30.095
47.2 30.834
47.3 31.592
47.4 32.368
47.5 33.163
47.6 33.978
47.7 34.812
47.8 35.667
47.9 36.544
48.0 37.441
48.1 38.361
48.2 39.303
48.3 40.269
48.4 41.258
48.5 42.271
48.6 43.31
48.7 44.374
48.8 45.464
48.9 46.58
49.0 47.724
49.1 48.897
49.2 50.098
49.3 51.329
49.4 52.589
49.5 53.881
49.6 55.205
49.7 56.561
49.8 57.95
49.9 59.374
50.0 60.832
50.1 62.326
50.2 63.857
50.3 65.426
50.4 67.033
50.5 68.68
50.6 70.367
50.7 72.095
50.8 73.866
50.9 75.681
51.0 77.54
51.1 79.444
51.2 81.396
51.3 83.395
51.4 85.444
51.5 87.543
51.6 89.693
51.7 91.896
51.8 94.154
51.9 96.467
52.0 98.836
52.1 101.264
52.2 103.751
52.3 106.3
52.4 108.911
52.5 111.587
52.6 114.328
52.7 117.136
52.8 120.013
52.9 122.961
53.0 125.982
53.1 129.076
53.2 132.247
53.3 135.496
53.4 138.824
53.5 142.234
53.6 145.728
53.7 149.308
53.8 152.975
53.9 156.733
54.0 160.583
54.1 164.527
54.2 168.569
54.3 172.71
54.4 176.952
54.5 181.299
54.6 185.752
54.7 190.315
54.8 194.99
54.9 199.78
55.0 204.687
55.1 209.715
55.2 214.867
55.3 220.145
55.4 225.552
55.5 231.093
55.6 236.769
55.7 242.585
55.8 248.544
55.9 254.65
56.0 260.905
56.1 267.314
56.2 273.88
56.3 280.608
56.4 287.501
56.5 294.563
56.6 301.799
56.7 309.212
56.8 316.808
56.9 324.59
57.0 332.563
57.1 340.732
57.2 349.102
57.3 357.677
57.4 366.463
57.5 375.465
57.6 384.688
57.7 394.138
57.8 403.819
57.9 413.739
58.0 423.902
58.1 434.315
58.2 444.983
58.3 455.914
58.4 467.113
58.5 478.587
58.6 490.343
58.7 502.388
58.8 514.729
58.9 527.373
59.0 540.327
59.1 553.6
59.2 567.199
59.3 581.132
59.4 595.407
59.5 610.032
59.6 625.017
59.7 640.37
59.8 656.1
59.9 672.217
60.0 688.729
60.1 705.647
60.2 722.981
60.3 740.74
60.4 758.936
60.5 777.579
60.6 796.679
60.7 816.249
60.8 836.3
60.9 856.843
61.0 877.89
61.1 899.455
61.2 921.549
61.3 944.186
61.4 967.379
61.5 991.142
61.6 1015.489
61.7 1040.433
61.8 1065.991
61.9 1092.176
62.0 1119.004
62.1 1146.492
62.2 1174.654
62.3 1203.509
62.4 1233.072
62.5 1263.361
62.6 1294.395
62.7 1326.19
62.8 1358.767
62.9 1392.144
63.0 1426.341
63.1 1461.378
63.2 1497.275
63.3 1534.054
63.4 1571.737
63.5 1610.346
63.6 1649.902
63.7 1690.431
63.8 1731.955
63.9 1774.499
64.0 1818.088
64.1 1862.748
64.2 1908.505
64.3 1955.385
64.4 2003.418
64.5 2052.63
64.6 2103.051
64.7 2154.711
64.8 2207.639
64.9 2261.868
65.0 2317.429
65.1 2374.355
65.2 2432.679
65.3 2492.435
65.4 2553.66
65.5 2616.389
65.6 2680.658
65.7 2746.506
65.8 2813.972
65.9 2883.094
66.0 2953.915
66.1 3026.476
66.2 3100.818
66.3 3176.987
66.4 3255.027
66.5 3334.984
66.6 3416.905
66.7 3500.839
66.8 3586.834
66.9 3674.942
67.0 3765.213
67.1 3857.703
67.2 3952.464
67.3 4049.553
67.4 4149.027
67.5 4250.944
67.6 4355.365
67.7 4462.351
67.8 4571.965
67.9 4684.271
68.0 4799.336
68.1 4917.228
68.2 5038.015
68.3 5161.77
68.4 5288.564
68.5 5418.473
68.6 5551.574
68.7 5687.943
68.8 5827.663
68.9 5970.815
69.0 6117.483
69.1 6267.753
69.2 6421.715
69.3 6579.459
69.4 6741.078
69.5 6906.667
69.6 7076.324
69.7 7250.147
69.8 7428.241
69.9 7610.71
70.0 7797.66
70.1 7989.203
70.2 8185.451
70.3 8386.52
70.4 8592.528
70.5 8803.596
70.6 9019.849
70.7 9241.414
70.8 9468.421
70.9 9701.005
71.0 9939.302
71.1 10183.452
71.2 10433.6
71.3 10689.893
71.4 10952.481
71.5 11221.519
71.6 11497.167
71.7 11779.585
71.8 12068.94
71.9 12365.404
72.0 12669.149
72.1 12980.356
72.2 13299.208
72.3 13625.891
72.4 13960.6
72.5 14303.53
72.6 14654.884
72.7 15014.869
72.8 15383.697
72.9 15761.584
73.0 16148.754
73.1 16545.435
73.2 16951.859
73.3 17368.267
73.4 17794.904
73.5 18232.021
73.6 18679.875
73.7 19138.73
73.8 19608.857
73.9 20090.532
74.0 20584.039
74.1 21089.669
74.2 21607.718
74.3 22138.494
74.4 22682.307
74.5 23239.479
74.6 23810.337
74.7 24395.218
74.8 24994.466
74.9 25608.434
75.0 26237.483
75.1 26881.985
75.2 27542.318
75.3 28218.872
75.4 28912.044
75.5 29622.244
75.6 30349.889
75.7 31095.409
75.8 31859.241
75.9 32641.837
76.0 33443.656
76.1 34265.171
76.2 35106.866
76.3 35969.236
76.4 36852.79
76.5 37758.048
76.6 38685.542
76.7 39635.82
76.8 40609.44
76.9 41606.977
77.0 42629.017
77.1 43676.162
77.2 44749.03
77.3 45848.252
77.4 46974.476
77.5 48128.364
77.6 49310.597
77.7 50521.87
77.8 51762.897
77.9 53034.409
78.0 54337.154
78.1 55671.9
78.2 57039.433
78.3 58440.559
78.4 59876.102
78.5 61346.907
78.6 62853.842
78.7 64397.794
78.8 65979.671
78.9 67600.406
79.0 69260.952
79.1 70962.289
79.2 72705.418
79.3 74491.365
79.4 76321.182
79.5 78195.947
79.6 80116.765
79.7 82084.765
79.8 84101.108
79.9 86166.981
80.0 88283.599
80.1 90452.211
80.2 92674.093
80.3 94950.554
80.4 97282.934
80.5 99672.607
80.6 102120.98
80.7 104629.496
80.8 107199.631
80.9 109832.899
81.0 112530.851
81.1 115295.076
81.2 118127.202
81.3 121028.897
81.4 124001.87
81.5 127047.871
81.6 130168.694
81.7 133366.178
81.8 136642.205
81.9 139998.705
82.0 143437.655
82.1 146961.08
82.2 150571.054
82.3 154269.705
82.4 158059.209
82.5 161941.8
82.6 165919.763
82.7 169995.442
82.8 174171.236
82.9 178449.605
83.0 182833.069
83.1 187324.208
83.2 191925.669
83.3 196640.161
83.4 201470.46
83.5 206419.411
83.6 211489.929
83.7 216685.0
83.8 222007.684
83.9 227461.115
84.0 233048.505
84.1 238773.144
84.2 244638.404
84.3 250647.74
84.4 256804.689
84.5 263112.879
84.6 269576.024
84.7 276197.931
84.8 282982.5
84.9 289933.725
85.0 297055.702
85.1 304352.624
85.2 311828.789
85.3 319488.599
85.4 327336.566
85.5 335377.312
85.6 343615.571
85.7 352056.197
85.8 360704.16
85.9 369564.552
86.0 378642.593
86.1 387943.628
86.2 397473.134
86.3 407236.726
86.4 417240.151
86.5 427489.302
86.6 437990.215
86.7 448749.074
86.8 459772.216
86.9 471066.131
87.0 482637.472
87.1 494493.053
87.2 506639.856
87.3 519085.036
87.4 531835.92
87.5 544900.02
87.6 558285.028
87.7 571998.827
87.8 586049.494
87.9 600445.304
88.0 615194.735
88.1 630306.473
88.2 645789.418
88.3 661652.688
88.4 677905.627
88.5 694557.805
88.6 711619.029
88.7 729099.349
88.8 747009.057
88.9 765358.702
89.0 784159.091
89.1 803421.296
89.2 823156.66
89.3 843376.807
89.4 864093.644
89.5 885319.374
89.6 907066.495
89.7 929347.816
89.8 952176.458
89.9 975565.867
90.0 999529.817
90.1 1024082.421
90.2 1049238.139
90.3 1075011.786
90.4 1101418.541
90.5 1128473.955
90.6 1156193.963
90.7 1184594.889
90.8 1213693.46
90.9 1243506.813
91.0 1274052.506
91.1 1305348.527
91.2 1337413.309
91.3 1370265.736
91.4 1403925.154
91.5 1438411.387
91.6 1473744.746
91.7 1509946.038
91.8 1547036.585
91.9 1585038.229
92.0 1623973.352
92.1 1663864.883
92.2 1704736.316
92.3 1746611.721
92.4 1789515.76
92.5 1833473.7
92.6 1878511.43
92.7 1924655.474
92.8 1971933.007
92.9 2020371.872
93.0 2070000.597
93.1 2120848.41
93.2 2172945.257
93.3 2226321.818
93.4 2281009.53
93.5 2337040.599
93.6 2394448.023
93.7 2453265.613
93.8 2513528.006
93.9 2575270.695
94.0 2638530.04
94.1 2703343.298
94.2 2769748.638
94.3 2837785.169
94.4 2907492.961
94.5 2978913.065
94.6 3052087.543
94.7 3127059.491
94.8 3203873.061
94.9 3282573.492
95.0 3363207.132
95.1 3445821.469
95.2 3530465.157
95.3 3617188.046
95.4 3706041.209
95.5 3797076.976
95.6 3890348.958
95.7 3985912.088
95.8 4083822.646
95.9 4184138.293
96.0 4286918.109
96.1 4392222.625
96.2 4500113.857
96.3 4610655.346
96.4 4723912.192
96.5 4839951.098
96.6 4958840.401
96.7 5080650.119
96.8 5205451.989
96.9 5333319.513
97.0 5464327.993
97.1 5598554.586
97.2 5736078.342
97.3 5876980.252
97.4 6021343.299
97.5 6169252.501
97.6 6320794.968
97.7 6476059.948
97.8 6635138.88
97.9 6798125.452
98.0 6965115.65
98.1 7136207.822
98.2 7311502.728
98.3 7491103.606
98.4 7675116.226
98.5 7863648.962
98.6 8056812.844
98.7 8254721.633
98.8 8457491.885
98.9 8665243.016
99.0 8878097.377
99.1 9096180.327
99.2 9319620.299
99.3 9548548.885
99.4 9783100.908
99.5 10023414.503
99.6 10269631.198
99.7 10521895.997
99.8 10780357.468
99.9 11045167.827
