0.0 0.0
0.1 0.0
0.2 0.0
0.3 0.0
0.4 0.0
0.5 0.0
0.6 0.0
0.7 0.0
0.8 0.0
0.9 0.0
1.0 0.0
1.1 0.0
1.2 0.0
1.3 0.0
1.4 0.0
1.5 0.001
1.6 0.001
1.7 0.001
1.8 0.001
1.9 0.001
2.0 0.001
2.1 0.001
2.2 0.001
2.3 0.001
2.4 0.001
2.5 0.001
2.6 0.001
2.7 0.001
2.8 0.001
2.9 0.001
3.0 0.001
3.1 0.001
3.2 0.001
3.3 0.001
3.4 0.001
3.5 0.001
3.6 0.001
3.7 0.001
3.8 0.001
3.9 0.001
4.0 0.001
4.1 0.001
4.2 0.001
4.3 0.001
4.4 0.001
4.5 0.001
4.6 0.001
4.7 0.002
4.8 0.002
4.9 0.002
5.0 0.002
5.1 0.002
5.2 0.002
5.3 0.002
5.4 0.002
5.5 0.002
5.6 0.002
5.7 0.002
5.8 0.002
5.9 0.002
6.0 0.002
6.1 0.002
6.2 0.003
6.3 0.003
6.4 0.003
6.5 0.003
6.6 0.003
6.7 0.003
6.8 0.003
6.9 0.003
7.0 0.003
7.1 0.004
7.2 0.004
7.3 0.004
7.4 0.004
7.5 0.004
7.6 0.004
7.7 0.004
7.8 0.004
7.9 0.005
8.0 0.005
8.1 0.005
8.2 0.005
8.3 0.005
8.4 0.006
8.5 0.006
8.6 0.006
8.7 0.006
8.8 0.006
8.9 0.007
9.0 0.007
9.1 0.007
9.2 0.007
9.3 0.008
9.4 0.008
9.5 0.008
9.6 0.008
9.7 0.009
9.8 0.009
9.9 0.009
10.0 0.01
10.1 0.01
10.2 0.01
10.3 0.011
10.4 0.011
10.5 0.011
10.6 0.012
10.7 0.012
10.8 0.013
10.9 0.013
11.0 0.014
11.1 0.014
11.2 0.015
11.3 0.015
11.4 0.016
11.5 0.016
11.6 0.017
11.7 0.017
11.8 0.018
11.9 0.019
12.0 0.019
12.1 0.02
12.2 0.021
12.3 0.021
12.4 0.022
12.5 0.023
12.6 0.024
12.7 0.024
12.8 0.025
12.9 0.026
13.0 0.027
13.1 0.028
13.2 0.029
13.3 0.03
13.4 0.031
13.5 0.032
13.6 0.033
13.7 0.035
13.8 0.036
13.9 0.037
14.0 0.038
14.1 0.04
14.2 0.041
14.3 0.043
14.4 0.044
14.5 0.046
14.6 0.047
14.7 0.049
14.8 0.051
14.9 0.052
15.0 0.054
15.1 0.056
15.2 0.058
15.3 0.06
15.4 0.062
15.5 0.065
15.6 0.067
15.7 0.069
15.8 0.072
15.9 0.074
16.0 0.077
16.1 0.079
16.2 0.082
16.3 0.085
16.4 0.088
16.5 0.091
16.6 0.094
16.7 0.098
16.8 0.101
16.9 0.105
17.0 0.108
17.1 0.112
17.2 0.116
17.3 0.12
17.4 0.125
17.5 0.129
17.6 0.133
17.7 0.138
17.8 0.143
17.9 0.148
18.0 0.153
18.1 0.159
18.2 0.164
18.3 0.17
18.4 0.176
18.5 0.182
18.6 0.189
18.7 0.195
18.8 0.202
18.9 0.209
19.0 0.217
19.1 0.224
19.2 0.232
19.3 0.24
19.4 0.249
19.5 0.258
19.6 0.267
19.7 0.276
19.8 0.286
19.9 0.296
20.0 0.306
20.1 0.317
20.2 0.328
20.3 0.34
20.4 0.352
20.5 0.364
20.6 0.377
20.7 0.39
20.8 0.404
20.9 0.418
21.0 0.433
21.1 0.448
21.2 0.464
21.3 0.48
21.4 0.497
21.5 0.515
21.6 0.533
21.7 0.552
21.8 0.571
21.9 0.591
22.0 0.612
22.1 0.634
22.2 0.656
22.3 0.679
22.4 0.703
22.5 0.728
22.6 0.754
22.7 0.78
22.8 0.808
22.9 0.836
23.0 0.865
23.1 0.896
23.2 0.927
23.3 0.96
23.4 0.994
23.5 1.029
23.6 1.065
23.7 1.103
23.8 1.142
23.9 1.182
24.0 1.223
24.1 1.266
24.2 1.311
24.3 1.357
24.4 1.405
24.5 1.455
24.6 1.506
24.7 1.559
24.8 1.614
24.9 1.671
25.0 1.729
25.1 1.79
25.2 1.853
25.3 1.919
25.4 1.986
25.5 2.056
25.6 2.129
25.7 2.204
25.8 2.281
25.9 2.362
26.0 2.445
26.1 2.531
26.2 2.62
26.3 2.712
26.4 2.808
26.5 2.907
26.6 3.009
26.7 3.115
26.8 3.225
26.9 3.338
27.0 3.456
27.1 3.578
27.2 3.704
27.3 3.834
27.4 3.969
27.5 4.109
27.6 4.254
27.7 4.404
27.8 4.559
27.9 4.719
28.0 4.885
28.1 5.058
28.2 5.236
28.3 5.42
28.4 5.611
28.5 5.809
28.6 6.013
28.7 6.225
28.8 6.444
28.9 6.671
29.0 6.906
29.1 7.149
29.2 7.401
29.3 7.662
29.4 7.932
29.5 8.211
29.6 8.5
29.7 8.8
29.8 9.11
29.9 9.431
30.0 9.763
30.1 10.107
30.2 10.463
30.3 10.831
30.4 11.213
30.5 11.608
30.6 12.017
30.7 12.44
30.8 12.878
30.9 13.332
31.0 13.801
31.1 14.287
31.2 14.79
31.3 15.311
31.4 15.851
31.5 16.409
31.6 16.987
31.7 17.585
31.8 18.205
31.9 18.846
32.0 19.51
32.1 20.197
32.2 20.908
32.3 21.645
32.4 22.407
32.5 23.196
32.6 24.013
32.7 24.859
32.8 25.735
32.9 26.641
33.0 27.579
33.1 28.551
33.2 29.557
33.3 30.598
33.4 31.675
33.5 32.791
33.6 33.946
33.7 35.142
33.8 36.379
33.9 37.661
34.0 38.987
34.1 40.36
34.2 41.782
34.3 43.254
34.4 44.777
34.5 46.354
34.6 47.987
34.7 49.677
34.8 51.427
34.9 53.238
35.0 55.114
35.1 57.055
35.2 59.064
35.3 61.145
35.4 63.298
35.5 65.528
35.6 67.836
35.7 70.225
35.8 72.699
35.9 75.259
36.0 77.91
36.1 80.654
36.2 83.495
36.3 86.436
36.4 89.481
36.5 92.632
36.6 95.895
36.7 99.273
36.8 102.769
36.9 106.389
37.0 110.136
37.1 114.016
37.2 118.031
37.3 122.189
37.4 126.493
37.5 130.948
37.6 135.56
37.7 140.335
37.8 145.278
37.9 150.395
38.0 155.692
38.1 161.176
38.2 166.853
38.3 172.73
38.4 178.814
38.5 185.112
38.6 191.632
38.7 198.382
38.8 205.369
38.9 212.603
39.0 220.091
39.1 227.843
39.2 235.869
39.3 244.176
39.4 252.777
39.5 261.68
39.6 270.897
39.7 280.439
39.8 290.316
39.9 300.542
40.0 311.128
40.1 322.086
40.2 333.431
40.3 345.175
40.4 357.333
40.5 369.919
40.6 382.949
40.7 396.437
40.8 410.4
40.9 424.856
41.0 439.82
41.1 455.311
41.2 471.349
41.3 487.951
41.4 505.137
41.5 522.929
41.6 541.348
41.7 560.416
41.8 580.155
41.9 600.589
42.0 621.743
42.1 643.643
42.2 666.313
42.3 689.782
42.4 714.078
42.5 739.229
42.6 765.267
42.7 792.221
42.8 820.125
42.9 849.012
43.0 878.916
43.1 909.873
43.2 941.921
43.3 975.098
43.4 1009.443
43.5 1044.998
43.6 1081.805
43.7 1119.909
43.8 1159.354
43.9 1200.189
44.0 1242.463
44.1 1286.225
44.2 1331.529
44.3 1378.428
44.4 1426.98
44.5 1477.241
44.6 1529.273
44.7 1583.138
44.8 1638.899
44.9 1696.625
45.0 1756.384
45.1 1818.248
45.2 1882.291
45.3 1948.59
45.4 2017.223
45.5 2088.275
45.6 2161.828
45.7 2237.973
45.8 2316.799
45.9 2398.402
46.0 2482.88
46.1 2570.332
46.2 2660.865
46.3 2754.587
46.4 2851.61
46.5 2952.05
46.6 3056.028
46.7 3163.668
46.8 3275.1
46.9 3390.457
47.0 3509.876
47.1 3633.502
47.2 3761.482
47.3 3893.97
47.4 4031.125
47.5 4173.11
47.6 4320.097
47.7 4472.26
47.8 4629.784
47.9 4792.855
48.0 4961.671
48.1 5136.432
48.2 5317.349
48.3 5504.638
48.4 5698.524
48.5 5899.239
48.6 6107.024
48.7 6322.127
48.8 6544.807
48.9 6775.33
49.0 7013.973
49.1 7261.021
49.2 7516.77
49.3 7781.528
49.4 8055.612
49.5 8339.349
49.6 8633.08
49.7 8937.156
49.8 9251.943
49.9 9577.818
50.0 9915.171
50.1 10264.406
50.2 10625.942
50.3 11000.212
50.4 11387.664
50.5 11788.764
50.6 12203.991
50.7 12633.843
50.8 13078.836
50.9 13539.503
51.0 14016.395
51.1 14510.085
51.2 15021.163
51.3 15550.243
51.4 16097.958
51.5 16664.965
51.6 17251.943
51.7 17859.596
51.8 18488.651
51.9 19139.864
52.0 19814.014
52.1 20511.909
52.2 21234.385
52.3 21982.309
52.4 22756.576
52.5 23558.115
52.6 24387.885
52.7 25246.882
52.8 26136.135
52.9 27056.71
53.0 28009.709
53.1 28996.275
53.2 30017.59
53.3 31074.878
53.4 32169.407
53.5 33302.487
53.6 34475.476
53.7 35689.781
53.8 36946.857
53.9 38248.21
54.0 39595.399
54.1 40990.04
54.2 42433.803
54.3 43928.419
54.4 45475.678
54.5 47077.435
54.6 48735.61
54.7 50452.19
54.8 52229.231
54.9 54068.864
55.0 55973.293
55.1 57944.801
55.2 59985.749
55.3 62098.585
55.4 64285.839
55.5 66550.133
55.6 68894.181
55.7 71320.792
55.8 73832.873
55.9 76433.436
56.0 79125.596
56.1 81912.581
56.2 84797.729
56.3 87784.499
56.4 90876.47
56.5 94077.347
56.6 97390.966
56.7 100821.299
56.8 104372.456
56.9 108048.692
57.0 111854.414
57.1 115794.182
57.2 119872.718
57.3 124094.91
57.4 128465.816
57.5 132990.676
57.6 137674.912
57.7 142524.137
57.8 147544.163
57.9 152741.006
58.0 158120.894
58.1 163690.273
58.2 169455.819
58.3 175424.441
58.4 181603.291
58.5 187999.774
58.6 194621.556
58.7 201476.572
58.8 208573.038
58.9 215919.458
59.0 223524.635
59.1 231397.684
59.2 239548.039
59.3 247985.469
59.4 256720.084
59.5 265762.353
59.6 275123.111
59.7 284813.576
59.8 294845.362
59.9 305230.49
60.0 315981.406
60.1 327110.993
60.2 338632.591
60.3 350560.005
60.4 362907.53
60.5 375689.964
60.6 388922.623
60.7 402621.368
60.8 416802.613
60.9 431483.355
61.0 446681.185
61.1 462414.318
61.2 478701.608
61.3 495562.574
61.4 513017.421
61.5 531087.068
61.6 549793.169
61.7 569158.142
61.8 589205.193
61.9 609958.348
62.0 631442.476
62.1 653683.324
62.2 676707.546
62.3 700542.734
62.4 725217.451
62.5 750761.268
62.6 777204.797
62.7 804579.728
62.8 832918.866
62.9 862256.174
63.0 892626.808
63.1 924067.166
63.2 956614.925
63.3 990309.091
63.4 1025190.042
63.5 1061299.58
63.6 1098680.979
63.7 1137379.036
63.8 1177440.127
63.9 1218912.261
64.0 1261845.139
64.1 1306290.21
64.2 1352300.739
64.3 1399931.864
64.4 1449240.666
64.5 1500286.237
64.6 1553129.75
64.7 1607834.532
64.8 1664466.142
64.9 1723092.446
65.0 1783783.703
65.1 1846612.645
65.2 1911654.566
65.3 1978987.412
65.4 2048691.875
65.5 2120851.489
65.6 2195552.729
65.7 2272885.118
65.8 2352941.33
65.9 2435817.305
66.0 2521612.362
66.1 2610429.317
66.2 2702374.608
66.3 2797558.423
66.4 2896094.829
66.5 2998101.912
66.6 3103701.919
66.7 3213021.399
66.8 3326191.362
66.9 3443347.429
67.0 3564630.001
67.1 3690184.423
67.2 3820161.158
67.3 3954715.972
67.4 4094010.114
67.5 4238210.513
67.6 4387489.981
67.7 4542027.414
67.8 4702008.007
67.9 4867623.484
68.0 5039072.316
68.1 5216559.968
68.2 5400299.142
68.3 5590510.029
68.4 5787420.579
68.5 5991266.768
68.6 6202292.887
68.7 6420751.828
68.8 6646905.393
68.9 6881024.604
69.0 7123390.029
69.1 7374292.118
69.2 7634031.553
69.3 7902919.605
69.4 8181278.509
69.5 8469441.85
69.6 8767754.963
69.7 9076575.346
69.8 9396273.09
69.9 9727231.319
70.0 10069846.654
70.1 10424529.685
70.2 10791705.463
70.3 11171814.012
70.4 11565310.854
70.5 11972667.554
70.6 12394372.289
70.7 12830930.429
70.8 13282865.146
70.9 13750718.036
71.0 14235049.776
71.1 14736440.787
71.2 15255491.937
71.3 15792825.255
71.4 16349084.682
71.5 16924936.838
71.6 17521071.824
71.7 18138204.047
71.8 18777073.079
71.9 19438444.54
72.0 20123111.016
72.1 20831893.011
72.2 21565639.929
72.3 22325231.092
72.4 23111576.793
72.5 23925619.388
72.6 24768334.426
72.7 25640731.814
72.8 26543857.033
72.9 27478792.389
73.0 28446658.306
73.1 29448614.674
73.2 30485862.238
73.3 31559644.032
73.4 32671246.878
73.5 33822002.918
73.6 35013291.218
73.7 36246539.417
73.8 37523225.438
73.9 38844879.26
74.0 40213084.753
74.1 41629481.573
74.2 43095767.129
74.3 44613698.615
74.4 46185095.12
74.5 47811839.804
74.6 49495882.157
74.7 51239240.332
74.8 53044003.571
74.9 54912334.698
75.0 56846472.721
75.1 58848735.508
75.2 60921522.571
75.3 63067317.935
75.4 65288693.119
75.5 67588310.218
75.6 69968925.091
75.7 72433390.665
75.8 74984660.353
75.9 77625791.594
76.0 80359949.519
76.1 83190410.739
76.2 86120567.278
76.3 89153930.631
76.4 92294135.979
76.5 95544946.542
76.6 98910258.089
76.7 102394103.605
76.8 106000658.128
76.9 109734243.751
77.0 113599334.798
77.1 117600563.193
77.2 121742724.003
77.3 126030781.191
77.4 130469873.56
77.5 135065320.916
77.6 139822630.438
77.7 144747503.282
77.8 149845841.413
77.9 155123754.673
78.0 160587568.109
78.1 166243829.552
78.2 172099317.459
78.3 178161049.043
78.4 184436288.678
78.5 190932556.605
78.6 197657637.947
78.7 204619592.036
78.8 211826762.071
78.9 219287785.118
79.0 227011602.462
79.1 235007470.318
79.2 243284970.929
79.3 251854024.043
79.4 260724898.807
79.5 269908226.07
79.6 279415011.122
79.7 289256646.888
79.8 299444927.575
79.9 309992062.811
80.0 320910692.273
80.1 332213900.837
80.2 343915234.26
80.3 356028715.409
80.4 368568861.07
80.5 381550699.342
80.6 394989787.651
80.7 408902231.387
80.8 423304703.212
80.9 438214463.036
81.0 453649378.703
81.1 469627947.401
81.2 486169317.835
81.3 503293313.169
81.4 521020454.785
81.5 539371986.873
81.6 558369901.895
81.7 578036966.936
81.8 598396750.99
81.9 619473653.205
82.0 641292932.123
82.1 663880735.948
82.2 687264133.888
82.3 711471148.584
82.4 736530789.705
82.5 762473088.701
82.6 789329134.804
82.7 817131112.274
82.8 845912338.98
82.9 875707306.318
83.0 906551720.552
83.1 938482545.603
83.2 971538047.344
83.3 1005757839.46
83.4 1041182930.922
83.5 1077855775.128
83.6 1115820320.785
83.7 1155122064.573
83.8 1195808105.666
83.9 1237927202.184
84.0 1281529829.615
84.1 1326668241.312
84.2 1373396531.109
84.3 1421770698.149
84.4 1471848713.992
84.5 1523690592.091
84.6 1577358459.709
84.7 1632916632.373
84.8 1690431690.95
84.9 1749972561.438
85.0 1811610597.566
85.1 1875419666.303
85.2 1941476236.385
85.3 2009859469.949
85.4 2080651317.404
85.5 2153936615.64
85.6 2229803189.698
85.7 2308341958.015
85.8 2389647041.385
85.9 2473815875.751
86.0 2560949328.973
86.1 2651151821.708
86.2 2744531452.547
86.3 2841200127.561
86.4 2941273694.408
86.5 3044872081.167
86.6 3152119440.056
86.7 3263144296.22
86.8 3378079701.752
86.9 3497063395.146
87.0 3620237966.359
87.1 3747751027.694
87.2 3879755390.695
87.3 4016409249.279
87.4 4157876369.316
87.5 4304326284.882
87.6 4455934501.432
87.7 4612882706.126
87.8 4775358985.558
87.9 4943558051.166
88.0 5117681472.568
88.1 5297937919.123
88.2 5484543410.007
88.3 5677721573.081
88.4 5877703912.893
88.5 6084730088.11
88.6 6299048198.726
88.7 6520915083.383
88.8 6750596627.169
88.9 6988368080.251
89.0 7234514387.738
89.1 7489330531.158
89.2 7753121881.961
89.3 8026204567.48
89.4 8308905849.773
89.5 8601564517.819
89.6 8904531293.519
89.7 9218169252.0
89.8 9542854256.728
89.9 9878975409.937
90.0 10226935518.934
90.1 10587151578.82
90.2 10960055272.216
90.3 11346093486.594
90.4 11745728849.824
90.5 12159440284.587
90.6 12587723582.318
90.7 13031091997.358
90.8 13490076862.043
90.9 13965228223.445
91.0 14457115502.557
91.1 14966328176.676
91.2 15493476485.842
91.3 16039192164.144
91.4 16604129196.788
91.5 17188964603.839
91.6 17794399251.554
91.7 18421158692.304
91.8 19069994034.072
91.9 19741682840.585
92.0 20437030063.14
92.1 21156869005.263
92.2 21902062321.334
92.3 22673503050.392
92.4 23472115686.357
92.5 24298857285.936
92.6 25154718615.565
92.7 26040725338.738
92.8 26957939245.164
92.9 27907459523.213
93.0 28890424077.185
93.1 29908010890.971
93.2 30961439439.75
93.3 32051972151.404
93.4 33180915919.414
93.5 34349623669.039
93.6 35559495978.658
93.7 36811982758.225
93.8 38108584986.839
93.9 39450856511.517
94.0 40840405909.318
94.1 42278898415.069
94.2 43768057916.973
94.3 45309669022.52
94.4 46905579197.156
94.5 48557700978.287
94.6 50268014267.26
94.7 52038568702.077
94.8 53871486113.675
94.9 55768963068.734
95.0 57733273502.034
95.1 59766771441.539
95.2 61871893829.463
95.3 64051163442.696
95.4 66307191916.104
95.5 68642682872.303
95.6 71060435161.682
95.7 73563346216.544
95.8 76154415523.383
95.9 78836748217.467
96.0 81613558804.032
96.1 84488175010.539
96.2 87464041774.623
96.3 90544725372.5
96.4 93733917692.793
96.5 97035440660.883
96.6 100453250819.109
96.7 103991444068.277
96.8 107654260576.188
96.9 111446089859.052
97.0 115371476041.879
97.1 119435123304.156
97.2 123641901517.329
97.3 127996852080.856
97.4 132505193963.815
97.5 137172329959.311
97.6 142003853159.178
97.7 147005553656.739
97.8 152183425485.647
97.9 157543673803.126
98.0 163092722326.235
98.1 168837221030.037
98.2 174784054116.926
98.3 180940348266.652
98.4 187313481176.925
98.5 193911090404.84
98.6 200741082519.725
98.7 207811642578.363
98.8 215131243933.955
98.9 222708658390.584
99.0 230552966715.336
99.1 238673569520.681
99.2 247080198530.164
99.3 255782928240.89
99.4 264792187996.792
99.5 274118774487.155
99.6 283773864685.352
99.7 293769029243.32
99.8 304116246357.826
99.9 314827916125.12
