0.0 0.0
0.1 0.0
0.2 0.0
0.3 0.0
0.4 0.0
0.5 0.0
0.6 0.0
0.7 0.001
0.8 0.001
0.9 0.001
1.0 0.001
1.1 0.001
1.2 0.001
1.3 0.001
1.4 0.001
1.5 0.001
1.6 0.001
1.7 0.001
1.8 0.001
1.9 0.001
2.0 0.001
2.1 0.002
2.2 0.002
2.3 0.002
2.4 0.002
2.5 0.002
2.6 0.002
2.7 0.003
2.8 0.003
2.9 0.003
3.0 0.003
3.1 0.003
3.2 0.004
3.3 0.004
3.4 0.004
3.5 0.005
3.6 0.005
3.7 0.005
3.8 0.006
3.9 0.006
4.0 0.007
4.1 0.008
4.2 0.008
4.3 0.009
4.4 0.009
4.5 0.01
4.6 0.011
4.7 0.012
4.8 0.013
4.9 0.014
5.0 0.015
5.1 0.016
5.2 0.018
5.3 0.019
5.4 0.021
5.5 0.022
5.6 0.024
5.7 0.026
5.8 0.028
5.9 0.031
6.0 0.033
6.1 0.036
6.2 0.039
6.3 0.042
6.4 0.045
6.5 0.049
6.6 0.053
6.7 0.057
6.8 0.062
6.9 0.067
7.0 0.072
7.1 0.078
7.2 0.084
7.3 0.091
7.4 0.099
7.5 0.107
7.6 0.115
7.7 0.125
7.8 0.135
7.9 0.146
8.0 0.158
8.1 0.17
8.2 0.184
8.3 0.199
8.4 0.215
8.5 0.233
8.6 0.252
8.7 0.272
8.8 0.294
8.9 0.318
9.0 0.344
9.1 0.372
9.2 0.402
9.3 0.435
9.4 0.47
9.5 0.508
9.6 0.55
9.7 0.594
9.8 0.642
9.9 0.695
10.0 0.751
10.1 0.812
10.2 0.878
10.3 0.949
10.4 1.026
10.5 1.109
10.6 1.199
10.7 1.297
10.8 1.402
10.9 1.516
11.0 1.639
11.1 1.772
11.2 1.916
11.3 2.071
11.4 2.239
11.5 2.421
11.6 2.617
11.7 2.83
11.8 3.06
11.9 3.308
12.0 3.576
12.1 3.867
12.2 4.181
12.3 4.52
12.4 4.887
12.5 5.283
12.6 5.712
12.7 6.176
12.8 6.677
12.9 7.219
13.0 7.805
13.1 8.439
13.2 9.124
13.3 9.864
13.4 10.665
13.5 11.531
13.6 12.466
13.7 13.478
13.8 14.572
13.9 15.755
14.0 17.034
14.1 18.417
14.2 19.911
14.3 21.528
14.4 23.275
14.5 25.164
14.6 27.207
14.7 29.415
14.8 31.803
14.9 34.384
15.0 37.175
15.1 40.192
15.2 43.455
15.3 46.982
15.4 50.795
15.5 54.918
15.6 59.376
15.7 64.195
15.8 69.406
15.9 75.04
16.0 81.13
16.1 87.716
16.2 94.835
16.3 102.533
16.4 110.856
16.5 119.854
16.6 129.582
16.7 140.1
16.8 151.472
16.9 163.766
17.0 177.059
17.1 191.43
17.2 206.969
17.3 223.768
17.4 241.931
17.5 261.568
17.6 282.799
17.7 305.753
17.8 330.571
17.9 357.403
18.0 386.413
18.1 417.777
18.2 451.687
18.3 488.35
18.4 527.989
18.5 570.845
18.6 617.179
18.7 667.275
18.8 721.436
18.9 779.994
19.0 843.305
19.1 911.755
19.2 985.761
19.3 1065.773
19.4 1152.28
19.5 1245.809
19.6 1346.929
19.7 1456.258
19.8 1574.46
19.9 1702.256
20.0 1840.426
20.1 1989.81
20.2 2151.32
20.3 2325.939
20.4 2514.732
20.5 2718.849
20.6 2939.533
20.7 3178.131
20.8 3436.094
20.9 3714.997
21.0 4016.537
21.1 4342.553
21.2 4695.031
21.3 5076.12
21.4 5488.14
21.5 5933.604
21.6 6415.225
21.7 6935.939
21.8 7498.919
21.9 8107.594
22.0 8765.675
22.1 9477.171
22.2 10246.418
22.3 11078.103
22.4 11977.295
22.5 12949.474
22.6 14000.562
22.7 15136.966
22.8 16365.609
22.9 17693.98
23.0 19130.172
23.1 20682.938
23.2 22361.74
23.3 24176.807
23.4 26139.201
23.5 28260.878
23.6 30554.769
23.7 33034.852
23.8 35716.239
23.9 38615.27
24.0 41749.61
24.1 45138.36
24.2 48802.17
24.3 52763.365
24.4 57046.085
24.5 61676.426
24.6 66682.604
24.7 72095.126
24.8 77946.974
24.9 84273.807
25.0 91114.179
25.1 98509.774
25.2 106505.657
25.3 115150.554
25.4 124497.143
25.5 134602.38
25.6 145527.843
25.7 157340.109
25.8 170111.158
25.9 183918.813
26.0 198847.213
26.1 214987.329
26.2 232437.512
26.3 251304.099
26.4 271702.057
26.5 293755.685
26.6 317599.371
26.7 343378.412
26.8 371249.898
26.9 401383.667
27.0 433963.348
27.1 469187.47
27.2 507270.678
27.3 548445.04
27.4 592961.461
27.5 641091.209
27.6 693127.573
27.7 749387.647
27.8 810214.263
27.9 875978.079
28.0 947079.841
28.1 1023952.821
28.2 1107065.459
28.3 1196924.22
28.4 1294076.674
28.5 1399114.841
28.6 1512678.79
28.7 1635460.546
28.8 1768208.304
28.9 1911730.988
29.0 2066903.183
29.1 2234670.461
29.2 2416055.144
29.3 2612162.537
29.4 2824187.657
29.5 3053422.524
29.6 3301264.023
29.7 3569222.427
29.8 3858930.593
29.9 4172153.914
30.0 4510801.079
30.1 4876935.702
30.2 5272788.895
30.3 5700772.869
30.4 6163495.629
30.5 6663776.866
30.6 7204665.144
30.7 7789456.472
30.8 8421714.391
30.9 9105291.691
31.0 9844353.884
31.1 10643404.591
31.2 11507312.986
31.3 12441343.466
31.4 13451187.73
31.5 14542999.463
31.6 15723431.835
31.7 16999678.045
31.8 18379515.15
31.9 19871351.461
32.0 21484277.777
32.1 23228122.783
32.2 25113512.943
32.3 27151937.254
32.4 29355817.258
32.5 31738582.732
32.6 34314753.528
32.7 37100028.053
32.8 40111378.926
32.9 43367156.409
33.0 46887200.225
33.1 50692960.455
33.2 54807628.253
33.3 59256277.159
33.4 64066015.892
33.5 69266153.548
33.6 74888378.19
33.7 80966949.956
33.8 87538909.824
33.9 94644305.327
34.0 102326434.599
34.1 110632110.21
34.2 119611944.435
34.3 129320657.668
34.4 139817411.87
34.5 151166171.087
34.6 163436091.223
34.7 176701941.461
34.8 191044559.88
34.9 206551346.057
35.0 223316793.657
35.1 241443066.246
35.2 261040619.846
35.3 282228876.02
35.4 305136949.593
35.5 329904435.435
35.6 356682259.114
35.7 385633596.586
35.8 416934868.544
35.9 450776815.472
36.0 487365659.956
36.1 526924363.349
36.2 569693984.421
36.3 615935148.306
36.4 665929634.67
36.5 719982094.788
36.6 778421908.004
36.7 841605188.86
36.8 909916957.159
36.9 983773484.151
37.0 1063624829.173
37.1 1149957582.165
37.2 1243297828.81
37.3 1344214356.336
37.4 1453322119.535
37.5 1571285988.112
37.6 1698824798.199
37.7 1836715732.726
37.8 1985799057.335
37.9 2146983240.712
38.0 2321250490.512
38.1 2509662738.641
38.2 2713368112.346
38.3 2933607930.556
38.4 3171724268.101
38.5 3429168133.915
38.6 3707508313.04
38.7 4008440926.333
38.8 4333799766.11
38.9 4685567470.721
39.0 5065887606.151
39.1 5477077728.263
39.2 5921643505.278
39.3 6402293986.563
39.4 6921958110.76
39.5 7483802553.846
39.6 8091251025.904
39.7 8748005134.174
39.8 9458066939.53
39.9 10225763343.825
40.0 11055772456.725
40.1 11953152102.692
40.2 12923370641.839
40.3 13972340292.46
40.4 15106453158.301
40.5 16332620180.106
40.6 17658313248.801
40.7 19091610736.933
40.8 20641246725.835
40.9 22316664228.471
41.0 24128072732.3
41.1 26086510412.809
41.2 28203911396.811
41.3 30493178485.405
41.4 32968261779.743
41.5 35644243688.729
41.6 38537430836.653
41.7 41665453430.827
41.8 45047372694.739
41.9 48703797021.378
42.0 52657007554.553
42.1 56931093963.436
42.2 61552101237.728
42.3 66548188397.938
42.4 71949800087.946
42.5 77789852095.443
42.6 84103931930.796
42.7 90930515686.561
42.8 98311202499.159
42.9 106290968041.425
43.0 114918438590.759
43.1 124246187342.946
43.2 134331054777.313
43.3 145234495025.412
43.4 157022950353.91
43.5 169768256043.664
43.6 183548078132.195
43.7 198446386687.021
43.8 214553967493.857
43.9 231968975277.722
44.0 250797531828.15
44.1 271154372673.27
44.2 293163546243.408
44.3 316959169784.701
44.4 342686246629.02
44.5 370501549800.419
44.6 400574577342.513
44.7 433088585188.293
44.8 468241703866.34
44.9 506248145848.337
45.0 547339510895.076
45.1 591766197355.338
45.2 639798928017.69
45.3 691730399813.269
45.4 747877067422.337
45.5 808581071653.381
45.6 874212324345.704
45.7 945170762500.278
45.8 1021888785374.852
45.9 1104833889394.228
46.0 1194511516932.063
46.1 1291468136323.798
46.2 1396294571879.399
46.3 1509629604187.971
46.4 1632163862653.453
46.5 1764644033981.291
46.6 1907877412261.353
46.7 2062736818373.913
46.8 2230165918696.078
46.9 2411184975519.23
47.0 2606897064218.821
47.1 2818494795062.024
47.2 3047267580613.959
47.3 3294609493027.822
47.4 3562027759098.892
47.5 3851151944848.698
47.6 4163743885607.418
47.7 4501708422105.448
47.8 4867105007996.611
47.9 5262160259545.748
48.0 5689281523954.715
48.1 6151071549008.013
48.2 6650344343430.491
48.3 7190142324605.285
48.4 7773754858145.061
48.5 8404738302291.037
48.6 9086937679284.332
48.7 9824510105768.441
48.8 10621950125000.531
48.9 11484117095238.5
49.0 12416264801200.293
49.1 13424073469038.738
49.2 14513684379921.496
49.3 15691737293140.8
49.4 16965410906798.137
49.5 18342466602618.926
49.6 19831295741465.055
49.7 21440970797749.605
49.8 23181300644351.633
49.9 25062890324920.3
50.0 27097205677803.008
50.1 29296643205395.926
50.2 31674605614679.754
50.3 34245583489261.848
50.4 37025243590609.44
50.5 40030524326554.99
50.6 43279738968829.63
50.7 46792687248601.734
50.8 50590776010049.17
50.9 54697149657192.41
51.0 59136831188891.53
51.1 63936874681432.266
51.2 69126530147882.88
51.3 74737421778826.28
51.4 80803740650611.1
51.5 87362453075428.5
51.6 94453525862836.78
51.7 102120169865408.9
51.8 110409103292597.39
51.9 119370836397370.84
52.0 129059979270416.31
52.1 139535574617513.12
52.2 150861457547921.7
52.3 163106644566230.1
52.4 176345754138055.6
52.5 190659461392403.06
52.6 206134989731497.22
52.7 222866642343811.75
52.8 240956376859173.5
52.9 260514426647717.47
53.0 281659972548699.9
53.1 304521869122480.9
53.2 329239429851238.1
53.3 355963276073186.1
53.4 384856254823449.8
53.5 416094431174635.3
53.6 449868161124125.8
53.7 486383251565947.4
53.8 525862214415726.6
53.9 568545622530996.2
54.0 614693575689417.1
54.1 664587285558146.1
54.2 718530789312670.9
54.3 776852802347388.5
54.4 839908721367784.5
54.5 908082790070453.8
54.6 981790440607952.8
54.7 1061480825106676.5
54.8 1147639552664048.5
54.9 1240791648503471.2
55.0 1341504753319217.5
55.1 1450392582307117.5
55.2 1568118664959316.5
55.3 1695400388412288.8
55.4 1833013368987042.5
55.5 1981796178560361.2
55.6 2142655454568164.0
55.7 2316571424779782.5
55.8 2504603880509481.0
55.9 2707898634664147.0
56.0 2927694503980545.0
56.1 3165330857999778.0
56.2 3422255780780121.5
56.3 3700034895083242.0
56.4 4000360902805718.5
56.5 4325063899792371.0
56.6 4676122527886748.0
56.7 5055676032175999.0
56.8 5466037296903331.0
56.9 5909706939484958.0
57.0 6389388548516216.0
57.1 6908005158622649.0
57.2 7468717062548824.0
57.3 8074941069026354.0
57.4 8730371323772748.0
57.5 9439001820497958.0
57.6 1.0205150739093916e+16
57.7 1.1033486759316556e+16
57.8 1.1929057510308024e+16
57.9 1.28973203293218e+16
58.0 1.394417551708511e+16
58.1 1.5076002292446772e+16
58.2 1.6299697665407192e+16
58.3 1.7622718465411024e+16
58.4 1.905312678101017e+16
58.5 2.0599639087792676e+16
58.6 2.2271679363948372e+16
58.7 2.4079436517141176e+16
58.8 2.603392647263039e+16
58.9 2.814705930098704e+16
59.0 3.0431711794461184e+16
59.1 3.290180593425871e+16
59.2 3.557239372688364e+16
59.3 3.845974892651258e+16
59.4 4.158146620232993e+16
59.5 4.495656835511972e+16
59.6 4.860562223645936e+16
59.7 5.255086407689185e+16
59.8 5.681633498678831e+16
59.9 6.142802745560246e+16
60.0 6.641404374223878e+16
60.1 7.180476712171757e+16
60.2 7.763304703166216e+16
60.3 8.393439924683517e+16
60.4 9.074722230152675e+16
60.5 9.811303147860709e+16
60.6 1.0607671179110234e+17
60.7 1.1468679149788646e+17
60.8 1.2399573782021171e+17
60.9 1.3406027666108371e+17
61.0 1.449417382757554e+17
61.1 1.5670643099975046e+17
61.2 1.6942604531180253e+17
61.3 1.8317809069394643e+17
61.4 1.9804636795085613e+17
61.5 2.14121479866599e+17
61.6 2.3150138331059546e+17
61.7 2.5029198615714995e+17
61.8 2.7060779265600058e+17
61.9 2.925726011865807e+17
62.0 3.163202586478947e+17
62.1 3.4199547608103366e+17
62.2 3.6975471049448474e+17
62.3 3.9976711826581485e+17
62.4 4.3221558592946643e+17
62.5 4.672978446319772e+17
62.6 5.052276750457746e+17
62.7 5.462362100839269e+17
62.8 5.905733433541985e+17
62.9 6.38509251935107e+17
63.0 6.903360427533114e+17
63.1 7.463695325948634e+17
63.2 8.069511725971703e+17
63.3 8.724501289489391e+17
63.4 9.432655324772618e+17
63.5 1.0198289108301408e+18
63.6 1.1026068180754417e+18
63.7 1.192103677740256e+18
63.8 1.2888648566152888e+18
63.9 1.393479988055114e+18
64.0 1.5065865650254758e+18
64.1 1.6288738247925865e+18
64.2 1.7610869489265398e+18
64.3 1.9040316042123812e+18
64.4 2.0585788521398006e+18
64.5 2.2256704568883423e+18
64.6 2.4063246241534587e+18
64.7 2.601642205784006e+18
64.8 2.8128134080404204e+18
64.9 3.041125044351632e+18
65.0 3.287968376766857e+18
65.1 3.554847593885682e+18
65.2 3.8433889769283753e+18
65.3 4.155350809801712e+18
65.4 4.492634093549238e+18
65.5 4.857294130476583e+18
65.6 5.251553048542012e+18
65.7 5.677813342332008e+18
65.8 6.138672513136566e+18
65.9 6.63693889733631e+18
66.0 7.17564877955492e+18
66.1 7.758084894859153e+18
66.2 8.387796432753357e+18
66.3 9.068620664866707e+18
66.4 9.80470632812576e+18
66.5 1.0600538905902318e+19
66.6 1.1460967961192292e+19
66.7 1.2391236688385642e+19
66.8 1.3397013863706964e+19
66.9 1.448442838902301e+19
67.0 1.5660106639516793e+19
67.1 1.693121284281343e+19
67.2 1.830549273561625e+19
67.3 1.9791320763883196e+19
67.4 2.13977511141673e+19
67.5 2.3134572887090733e+19
67.6 2.501236974916283e+19
67.7 2.7042584426442383e+19
67.8 2.9237588433048855e+19
67.9 3.1610757459427135e+19
68.0 3.4176552879759147e+19
68.1 3.69506098752036e+19
68.2 3.994983270996041e+19
68.3 4.3192497740743385e+19
68.4 4.669836478736965e+19
68.5 5.048879754312427e+19
68.6 5.458689375864491e+19
68.7 5.901762599262724e+19
68.8 6.380799378704373e+19
68.9 6.898718819418518e+19
69.0 7.458676965810345e+19
69.1 8.06408603344105e+19
69.2 8.718635202037316e+19
69.3 9.426313096236637e+19
69.4 1.0191432091059297e+20
69.5 1.1018654590217296e+20
69.6 1.1913021437392239e+20
69.7 1.287998263361193e+20
69.8 1.3925430547908013e+20
69.9 1.505573582363048e+20
70.0 1.6277786199221194e+20
70.1 1.7599028480008425e+20
70.2 1.902751391678596e+20
70.3 2.0571947267699966e+20
70.4 2.2241739842412066e+20
70.5 2.4047066851773494e+20
70.6 2.5998929412482177e+20
70.7 2.8109221584560076e+20
70.8 3.039080285015715e+20
70.9 3.285757647534569e+20
71.0 3.552457423241806e+20
71.1 3.840804799896018e+20
71.2 4.1525568791877314e+20
71.3 4.489613383985614e+20
71.4 4.854028234672979e+20
71.5 5.248022065117305e+20
71.6 5.673995754541304e+20
71.7 6.134545057754655e+20
71.8 6.632476422898618e+20
71.9 7.170824093092087e+20
72.0 7.752868596191308e+20
72.1 8.382156735334309e+20
72.2 9.062523202086341e+20
72.3 9.79811394389032e+20
72.4 1.0593411428216426e+21
72.5 1.1453261957362943e+21
72.6 1.2382905200356507e+21
72.7 1.33880061219102e+21
72.8 1.447468950300488e+21
72.9 1.5649577263451823e+21
73.0 1.6919828813868937e+21
73.1 1.8293184682963422e+21
73.2 1.9778013685972268e+21
73.3 2.138336392169076e+21
73.4 2.3119017908849646e+21
73.5 2.499555219782506e+21
73.6 2.702440182093725e+21
73.7 2.9217929974078505e+21
73.8 3.158950335428915e+21
73.9 3.4153573612366017e+21
74.0 3.692576541685082e+21
74.1 3.992297166603406e+21
74.2 4.316345642816705e+21
74.3 4.6666966237169226e+21
74.4 5.045485042203265e+21
74.5 5.45501912031749e+21
74.6 5.897794434850806e+21
74.7 6.376509124633951e+21
74.8 6.894080332179057e+21
74.9 7.453661979863706e+21
75.0 8.058663988979871e+21
75.1 8.712773058762782e+21
75.2 9.419975132020877e+21
75.3 1.0184579684265567e+22
75.4 1.1011245984351393e+22
75.5 1.190501148665107e+22
75.6 1.2871322527778612e+22
75.7 1.3916067514917218e+22
75.8 1.504561280799141e+22
75.9 1.6266841514338666e+22
76.0 1.7587195432283448e+22
76.1 1.9014720399205103e+22
76.2 2.055811532043703e+22
76.3 2.2226785177764473e+22
76.4 2.403089834053857e+22
76.5 2.5981448528643274e+22
76.6 2.809032180489893e+22
76.7 3.0370369005133545e+22
76.8 3.283548404728912e+22
76.9 3.5500688596754732e+22
77.0 3.838222360385154e+22
77.1 4.149764827127129e+22
77.2 4.486594705454587e+22
77.3 4.850764534757685e+22
77.4 5.244493455817707e+22
77.5 5.6701807335797026e+22
77.6 6.130420377547322e+22
77.7 6.62801694889206e+22
77.8 7.166002650600661e+22
77.9 7.747655804802918e+22
78.0 8.376520829875063e+22
78.1 9.05642983905319e+22
78.2 9.791525992172136e+22
78.3 1.0586288742828238e+23
78.4 1.1445561134814549e+23
78.5 1.2374579314164735e+23
78.6 1.3379004436643108e+23
78.7 1.4464957165115396e+23
78.8 1.5639054967016808e+23
78.9 1.6908452439196827e+23
79.0 1.828088490586823e+23
79.1 1.976471555533295e+23
79.2 2.1368986402721793e+23
79.3 2.31034733892995e+23
79.4 2.497874595409369e+23
79.5 2.7006231440859114e+23
79.6 2.9198284732853805e+23
79.7 3.1568263539760385e+23
79.8 3.413060979552833e+23
79.9 3.690093766315079e+23
80.0 3.989612868265083e+23
80.1 4.313443464207967e+23
80.2 4.663558879839215e+23
80.3 5.042092612594544e+23
80.4 5.4513513325378996e+23
80.5 5.893828938511094e+23
80.6 6.372221755198953e+23
80.7 6.889444963716332e+23
80.8 7.448650365840003e+23
80.9 8.053245590135304e+23
81.0 8.706914857013818e+23
81.1 9.413641429258118e+23
81.2 1.0177731884820264e+24
81.3 1.1003842359805139e+24
81.4 1.1897006921555418e+24
81.5 1.2862668244735193e+24
81.6 1.3906710777343e+24
81.7 1.5035496598757961e+24
81.8 1.6255904188326998e+24
81.9 1.757537034073729e+24
82.0 1.9001935483593568e+24
82.1 2.054429267335172e+24
82.2 2.2211840568175302e+24
82.3 2.40147407005153e+24
82.4 2.59639793984152e+24
82.5 2.80714347328707e+24
82.6 3.0349948899201404e+24
82.7 3.2813406473504446e+24
82.8 3.547681902106116e+24
82.9 3.835641657227517e+24
83.0 4.1469746523568113e+24
83.1 4.483578056590546e+24
83.2 4.847503029254254e+24
83.3 5.240967219046926e+24
83.4 5.666368277721354e+24
83.5 6.126298470648642e+24
83.6 6.62356047329925e+24
83.7 7.161184449899507e+24
83.8 7.742446518335817e+24
83.9 8.370888713826045e+24
84.0 9.050340573010727e+24
84.1 9.78494246999092e+24
84.2 1.0579170846515561e+25
84.3 1.1437865490063396e+25
84.4 1.236625902604386e+25
84.5 1.3370008803833522e+25
84.6 1.445523137095186e+25
84.7 1.5628539745451665e+25
84.8 1.6897083713650626e+25
84.9 1.8268593398766446e+25
85.0 1.9751426365949387e+25
85.1 2.135461855075623e+25
85.2 2.3087939321408234e+25
85.3 2.496195101036591e+25
85.4 2.6988073277988076e+25
85.5 2.9178652700487664e+25
85.6 3.1547038006232453e+25
85.7 3.4107661418857852e+25
85.8 3.6876126602872023e+25
85.9 3.986930374766757e+25
86.0 4.310543236935249e+25
86.1 4.660423245684401e+25
86.2 5.038702463951592e+25
86.3 5.447686010866475e+25
86.4 5.889866108449664e+25
86.5 6.3679372684598505e+25
86.6 6.884812711933394e+25
86.7 7.443642121472085e+25
86.8 8.047830834456177e+25
86.9 8.701060594140294e+25
87.0 9.407311985083115e+25
87.1 1.0170888689625588e+26
87.2 1.0996443713229284e+26
87.3 1.1889007738484186e+26
87.4 1.2854019780566624e+26
87.5 1.389736033095256e+26
87.6 1.5025387191353772e+26
87.7 1.624497421623836e+26
87.8 1.7563553200020537e+26
87.9 1.8989159164167754e+26
88.0 2.053047932019101e+26
88.1 2.2196906006883947e+26
88.2 2.3998593924394412e+26
88.3 2.5946522013895336e+26
88.4 2.8052560359931343e+26
88.5 3.032954252312319e+26
88.6 3.279134374400432e+26
88.7 3.545296549453938e+26
88.8 3.8330626892556595e+26
88.9 4.144186353614568e+26
89.0 4.4805634360288226e+26
89.1 4.8442437166872465e+26
89.2 5.237443353209766e+26
89.3 5.662558385241572e+26
89.4 6.12217933519393e+26
89.5 6.619106994104153e+26
89.6 7.15636948880895e+26
89.7 7.737240734433403e+26
89.8 8.365260384639384e+26
89.9 9.044255401204278e+26
90.0 9.778363374368409e+26
90.1 1.0572057736058394e+27
90.2 1.1430175019628098e+27
90.3 1.2357944332229909e+27
90.4 1.336101921941194e+27
90.5 1.4445512116114468e+27
90.6 1.5618031593999482e+27
90.7 1.688572263208734e+27
90.8 1.825631015609764e+27
90.9 1.973814611180983e+27
91.0 2.1340260359294353e+27
91.1 2.3072415698148502e+27
91.2 2.494516735904398e+27
91.3 2.6969927324109705e+27
91.4 2.9159033868098935e+27
91.5 3.152582674410332e+27
91.6 3.4084728471973094e+27
91.7 3.685133222479042e+27
91.8 3.984249684894917e+27
91.9 4.3076449596865365e+27
92.0 4.657289719833966e+27
92.1 5.035314594740774e+27
92.2 5.444023153645107e+27
92.3 5.885905942873819e+27
92.4 6.363655662478428e+27
92.5 6.880183574734695e+27
92.6 7.438637244494298e+27
92.7 8.042419719492941e+27
92.8 8.695210267493839e+27
92.9 9.400986796632538e+27
93.0 1.016405009558579e+28
93.1 1.0989050041276802e+28
93.2 1.1881013933818672e+28
93.3 1.284537713136051e+28
93.4 1.3888016171515913e+28
93.5 1.5015284581205527e+28
93.6 1.6234051593128223e+28
93.7 1.7551744004787282e+28
93.8 1.8976391435147829e+28
93.9 2.0516675254705892e+28
94.0 2.2181981487134206e+28
94.1 2.3982458004871214e+28
94.2 2.5929076367186114e+28
94.3 2.803369867754219e+28
94.4 3.030914986766716e+28
94.5 3.2769295848807675e+28
94.6 3.5429128006398123e+28
94.7 3.830485455302865e+28
94.8 4.141399929638989e+28
94.9 4.477550842405619e+28
95.0 4.840986595582166e+28
95.1 5.233921856712051e+28
95.2 5.658751054416787e+28
95.3 6.118062969319717e+28
95.4 6.614656509292041e+28
95.5 7.151557765150733e+28
95.6 7.732038450740609e+28
95.7 8.359635839768848e+28
95.8 9.038174320880935e+28
95.9 9.771788702328257e+28
96.0 1.0564949408238802e+29
96.1 1.142248972002954e+29
96.2 1.2349635228961376e+29
96.3 1.3352035679311562e+29
96.4 1.4435799396206319e+29
96.5 1.5607530507906457e+29
96.6 1.687436918936728e+29
96.7 1.8244035172304943e+29
96.8 1.9724874786906345e+29
96.9 2.132591182184059e+29
97.0 2.3056902512497548e+29
97.1 2.492839499253508e+29
97.2 2.6951793571014865e+29
97.3 2.91394282268121e+29
97.4 3.1504629743777044e+29
97.5 3.406181094449934e+29
97.6 3.6826554517689114e+29
97.7 3.981570797436828e+29
97.8 4.304748631150664e+29
97.9 4.6541583008703304e+29
98.0 5.03192900342944e+29
98.1 5.440362759216736e+29
98.2 5.881948439992011e+29
98.3 6.35937693531773e+29
98.4 6.875557550026068e+29
98.5 7.43363573264251e+29
98.6 8.037012242797677e+29
98.7 8.689363874427841e+29
98.8 9.394665861044946e+29
98.9 1.0157216099607166e+30
99.0 1.0981661340602892e+30
99.1 1.1873025503942581e+30
99.2 1.2836740293207022e+30
99.3 1.3878678294805888e+30
99.4 1.5005188763742923e+30
99.5 1.6223136314055336e+30
99.6 1.753994274969522e+30
99.7 1.8963632290757852e+30
99.8 2.0502880470651636e+30
99.9 2.2167067002174455e+30
