600.0 2.086 1.986 1.91 0.01 2.785 1.814 0.954 1.09 0.927 1.026 0.523 1.0 0.011 0.009 0.011
600.1 2.086 1.986 1.91 0.01 2.785 1.814 0.954 1.09 0.927 1.026 0.523 1.0 0.012 0.008 0.011
600.2 2.086 1.986 1.91 0.01 2.785 1.813 0.954 1.09 0.927 1.026 0.523 1.0 0.013 0.008 0.012
600.3 2.086 1.986 1.91 0.01 2.784 1.813 0.954 1.09 0.927 1.026 0.523 1.0 0.014 0.008 0.013
600.4 2.086 1.986 1.91 0.01 2.784 1.813 0.954 1.09 0.927 1.026 0.523 1.0 0.014 0.008 0.013
600.5 2.086 1.986 1.91 0.01 2.784 1.812 0.954 1.09 0.927 1.026 0.523 1.0 0.015 0.008 0.014
600.6 2.086 1.986 1.91 0.01 2.783 1.812 0.954 1.09 0.927 1.026 0.523 1.0 0.015 0.008 0.015
600.7 2.086 1.986 1.91 0.01 2.783 1.812 0.954 1.09 0.927 1.026 0.523 1.0 0.016 0.008 0.015
600.8 2.086 1.986 1.91 0.01 2.783 1.811 0.954 1.09 0.927 1.026 0.523 1.0 0.016 0.009 0.016
600.9 2.086 1.986 1.91 0.01 2.782 1.811 0.954 1.09 0.927 1.026 0.523 1.0 0.017 0.009 0.017
601.0 2.086 1.986 1.91 0.01 2.782 1.81 0.954 1.09 0.927 1.026 0.523 1.0 0.018 0.009 0.017
601.1 2.086 1.986 1.91 0.01 2.781 1.81 0.954 1.09 0.927 1.026 0.523 1.0 0.018 0.01 0.018
601.2 2.086 1.986 1.91 0.01 2.781 1.809 0.954 1.09 0.927 1.026 0.523 1.0 0.019 0.01 0.019
601.3 2.086 1.986 1.91 0.01 2.78 1.809 0.954 1.09 0.927 1.026 0.523 1.0 0.02 0.01 0.019
601.4 2.086 1.986 1.91 0.01 2.78 1.808 0.954 1.09 0.927 1.026 0.523 1.0 0.021 0.011 0.02
601.5 2.086 1.986 1.91 0.01 2.78 1.808 0.954 1.09 0.927 1.026 0.523 1.0 0.021 0.011 0.021
601.6 2.086 1.986 1.91 0.01 2.779 1.807 0.954 1.09 0.927 1.026 0.523 1.0 0.022 0.011 0.022
601.7 2.086 1.986 1.91 0.01 2.779 1.807 0.954 1.09 0.927 1.026 0.523 1.0 0.023 0.012 0.023
601.8 2.086 1.986 1.91 0.01 2.778 1.806 0.954 1.09 0.927 1.026 0.523 1.0 0.024 0.012 0.024
601.9 2.086 1.986 1.91 0.01 2.778 1.806 0.954 1.09 0.927 1.026 0.523 1.0 0.025 0.013 0.024
602.0 2.086 1.986 1.91 0.01 2.777 1.805 0.954 1.09 0.927 1.026 0.523 1.0 0.026 0.013 0.025
602.1 2.086 1.986 1.91 0.01 2.777 1.805 0.954 1.09 0.927 1.026 0.523 1.0 0.027 0.014 0.026
602.2 2.086 1.986 1.91 0.01 2.776 1.804 0.954 1.09 0.927 1.026 0.523 1.0 0.028 0.014 0.027
602.3 2.086 1.986 1.91 0.01 2.775 1.804 0.954 1.09 0.927 1.026 0.523 1.0 0.029 0.015 0.028
602.4 2.086 1.986 1.91 0.01 2.775 1.803 0.954 1.09 0.927 1.026 0.523 1.0 0.03 0.015 0.029
602.5 2.086 1.986 1.91 0.01 2.774 1.803 0.954 1.09 0.927 1.026 0.523 1.0 0.031 0.016 0.031
602.6 2.086 1.986 1.91 0.01 2.774 1.802 0.954 1.09 0.927 1.026 0.523 1.0 0.032 0.016 0.032
602.7 2.086 1.986 1.91 0.01 2.773 1.801 0.954 1.09 0.927 1.026 0.523 1.0 0.033 0.017 0.033
602.8 2.086 1.986 1.91 0.01 2.772 1.801 0.954 1.09 0.927 1.026 0.523 1.0 0.034 0.018 0.034
602.9 2.086 1.986 1.91 0.01 2.772 1.8 0.954 1.09 0.927 1.026 0.523 1.0 0.036 0.018 0.035
603.0 2.086 1.986 1.91 0.01 2.771 1.799 0.954 1.09 0.927 1.026 0.523 1.0 0.037 0.019 0.037
603.1 2.086 1.986 1.91 0.01 2.77 1.799 0.954 1.09 0.927 1.026 0.523 1.0 0.039 0.02 0.038
603.2 2.086 1.986 1.91 0.01 2.77 1.798 0.954 1.09 0.927 1.026 0.523 1.0 0.04 0.02 0.04
603.3 2.086 1.986 1.91 0.01 2.769 1.797 0.954 1.09 0.927 1.026 0.523 1.0 0.041 0.021 0.041
603.4 2.086 1.986 1.91 0.01 2.768 1.796 0.954 1.09 0.927 1.026 0.523 1.0 0.043 0.022 0.042
603.5 2.086 1.986 1.91 0.01 2.768 1.796 0.954 1.09 0.927 1.026 0.523 1.0 0.045 0.023 0.044
603.6 2.086 1.986 1.91 0.01 2.767 1.795 0.954 1.09 0.927 1.026 0.523 1.0 0.046 0.024 0.046
603.7 2.086 1.986 1.91 0.01 2.766 1.794 0.954 1.09 0.927 1.026 0.523 1.0 0.048 0.024 0.047
603.8 2.086 1.986 1.91 0.01 2.765 1.793 0.954 1.09 0.927 1.026 0.523 1.0 0.05 0.025 0.049
603.9 2.086 1.986 1.91 0.01 2.764 1.792 0.954 1.09 0.927 1.026 0.523 1.0 0.052 0.026 0.051
604.0 2.086 1.986 1.91 0.01 2.764 1.791 0.954 1.09 0.927 1.026 0.523 1.0 0.053 0.027 0.053
604.1 2.086 1.986 1.91 0.01 2.763 1.79 0.954 1.09 0.927 1.026 0.523 1.0 0.055 0.028 0.055
604.2 2.086 1.986 1.91 0.01 2.762 1.79 0.954 1.09 0.927 1.026 0.523 1.0 0.057 0.029 0.057
604.3 2.086 1.986 1.91 0.01 2.761 1.789 0.954 1.09 0.927 1.026 0.523 1.0 0.06 0.03 0.059
604.4 2.086 1.986 1.91 0.01 2.76 1.788 0.954 1.09 0.927 1.026 0.523 1.0 0.062 0.031 0.061
604.5 2.086 1.986 1.91 0.01 2.759 1.787 0.954 1.09 0.927 1.026 0.523 1.0 0.064 0.032 0.063
604.6 2.086 1.986 1.91 0.01 2.758 1.785 0.954 1.09 0.927 1.026 0.523 1.0 0.066 0.034 0.065
604.7 2.086 1.986 1.91 0.01 2.757 1.784 0.954 1.09 0.927 1.026 0.523 1.0 0.069 0.035 0.068
604.8 2.086 1.986 1.91 0.01 2.756 1.783 0.954 1.09 0.927 1.026 0.523 1.0 0.071 0.036 0.07
604.9 2.086 1.986 1.91 0.01 2.755 1.782 0.954 1.09 0.927 1.026 0.523 1.0 0.074 0.037 0.073
605.0 2.086 1.986 1.91 0.01 2.753 1.781 0.954 1.09 0.927 1.026 0.523 1.0 0.077 0.039 0.075
605.1 2.086 1.986 1.91 0.01 2.752 1.78 0.954 1.09 0.927 1.026 0.523 1.0 0.079 0.04 0.078
605.2 2.086 1.986 1.91 0.01 2.751 1.778 0.954 1.09 0.927 1.026 0.523 1.0 0.082 0.041 0.081
605.3 2.086 1.986 1.91 0.01 2.75 1.777 0.954 1.09 0.927 1.026 0.523 1.0 0.085 0.043 0.083
605.4 2.086 1.986 1.91 0.01 2.748 1.776 0.954 1.09 0.927 1.026 0.523 1.0 0.088 0.044 0.086
605.5 2.086 1.986 1.91 0.01 2.747 1.774 0.954 1.09 0.927 1.026 0.523 1.0 0.091 0.046 0.089
605.6 2.086 1.986 1.91 0.01 2.746 1.773 0.954 1.09 0.927 1.026 0.523 1.0 0.094 0.047 0.093
605.7 2.086 1.986 1.91 0.01 2.744 1.772 0.954 1.09 0.927 1.026 0.523 1.0 0.098 0.049 0.096
605.8 2.086 1.986 1.91 0.01 2.743 1.77 0.954 1.09 0.927 1.026 0.523 1.0 0.101 0.05 0.099
605.9 2.086 1.986 1.91 0.01 2.741 1.769 0.954 1.09 0.927 1.026 0.523 1.0 0.105 0.052 0.103
606.0 2.086 1.986 1.91 0.01 2.74 1.767 0.954 1.09 0.927 1.026 0.523 1.0 0.108 0.054 0.106
606.1 2.086 1.986 1.91 0.01 2.738 1.766 0.954 1.09 0.927 1.026 0.523 1.0 0.112 0.056 0.11
606.2 2.086 1.986 1.91 0.01 2.737 1.764 0.954 1.09 0.927 1.026 0.523 1.0 0.116 0.057 0.113
606.3 2.086 1.986 1.91 0.01 2.735 1.762 0.954 1.09 0.927 1.026 0.523 1.0 0.12 0.059 0.117
606.4 2.086 1.986 1.91 0.01 2.734 1.761 0.954 1.09 0.927 1.026 0.523 1.0 0.124 0.061 0.121
606.5 2.086 1.986 1.91 0.01 2.732 1.759 0.954 1.09 0.927 1.026 0.523 1.0 0.128 0.063 0.125
606.6 2.086 1.986 1.91 0.01 2.73 1.757 0.954 1.09 0.927 1.026 0.523 1.0 0.133 0.065 0.129
606.7 2.086 1.986 1.91 0.01 2.728 1.755 0.954 1.09 0.927 1.026 0.523 1.0 0.137 0.067 0.134
606.8 2.086 1.986 1.91 0.01 2.726 1.753 0.954 1.09 0.927 1.026 0.523 1.0 0.142 0.069 0.138
606.9 2.086 1.986 1.91 0.01 2.725 1.751 0.954 1.09 0.927 1.026 0.523 1.0 0.147 0.072 0.143
607.0 2.086 1.986 1.91 0.01 2.723 1.749 0.954 1.09 0.927 1.026 0.523 1.0 0.152 0.074 0.147
607.1 2.086 1.986 1.91 0.01 2.721 1.747 0.954 1.09 0.927 1.026 0.523 1.0 0.157 0.076 0.152
607.2 2.086 1.986 1.91 0.01 2.719 1.745 0.954 1.09 0.927 1.026 0.523 1.0 0.162 0.078 0.157
607.3 2.086 1.986 1.91 0.01 2.717 1.743 0.954 1.09 0.927 1.026 0.523 1.0 0.167 0.081 0.162
607.4 2.086 1.986 1.91 0.01 2.714 1.741 0.954 1.09 0.927 1.026 0.523 1.0 0.173 0.083 0.167
607.5 2.086 1.986 1.91 0.01 2.712 1.739 0.954 1.09 0.927 1.026 0.523 1.0 0.178 0.086 0.173
607.6 2.086 1.986 1.91 0.01 2.71 1.737 0.954 1.09 0.927 1.026 0.523 1.0 0.184 0.088 0.178
607.7 2.086 1.986 1.91 0.01 2.708 1.734 0.954 1.09 0.927 1.026 0.523 1.0 0.19 0.091 0.184
607.8 2.086 1.986 1.91 0.01 2.706 1.732 0.954 1.09 0.927 1.026 0.523 1.0 0.196 0.094 0.189
607.9 2.086 1.986 1.91 0.01 2.703 1.73 0.954 1.09 0.927 1.026 0.523 1.0 0.202 0.096 0.195
608.0 2.086 1.986 1.91 0.01 2.701 1.727 0.954 1.09 0.927 1.026 0.523 1.0 0.209 0.099 0.201
608.1 2.086 1.986 1.91 0.01 2.699 1.725 0.954 1.09 0.927 1.026 0.523 1.0 0.215 0.102 0.207
608.2 2.086 1.986 1.91 0.01 2.696 1.723 0.954 1.09 0.927 1.026 0.523 1.0 0.222 0.105 0.213
608.3 2.086 1.986 1.91 0.01 2.694 1.72 0.954 1.09 0.927 1.026 0.523 1.0 0.229 0.108 0.22
608.4 2.086 1.986 1.91 0.01 2.691 1.718 0.954 1.09 0.927 1.026 0.523 1.0 0.236 0.111 0.226
608.5 2.086 1.986 1.91 0.01 2.689 1.715 0.954 1.09 0.927 1.026 0.523 1.0 0.243 0.114 0.233
608.6 2.086 1.986 1.91 0.01 2.686 1.712 0.954 1.09 0.927 1.026 0.523 1.0 0.25 0.117 0.24
608.7 2.086 1.986 1.91 0.01 2.683 1.71 0.954 1.09 0.927 1.026 0.523 1.0 0.258 0.12 0.247
608.8 2.086 1.986 1.91 0.01 2.681 1.707 0.954 1.09 0.927 1.026 0.523 1.0 0.266 0.123 0.254
608.9 2.086 1.986 1.91 0.01 2.678 1.704 0.954 1.09 0.927 1.026 0.523 1.0 0.273 0.126 0.261
609.0 2.086 1.986 1.91 0.01 2.675 1.702 0.954 1.09 0.927 1.026 0.523 1.0 0.281 0.129 0.268
609.1 2.086 1.986 1.91 0.01 2.672 1.699 0.954 1.09 0.927 1.026 0.523 1.0 0.289 0.133 0.276
609.2 2.086 1.986 1.91 0.01 2.67 1.696 0.954 1.09 0.927 1.026 0.523 1.0 0.298 0.136 0.283
609.3 2.086 1.986 1.91 0.01 2.667 1.693 0.954 1.09 0.927 1.026 0.523 1.0 0.306 0.139 0.291
609.4 2.086 1.986 1.91 0.01 2.664 1.691 0.954 1.09 0.927 1.026 0.523 1.0 0.315 0.143 0.299
609.5 2.086 1.986 1.91 0.01 2.661 1.688 0.954 1.09 0.927 1.026 0.523 1.0 0.324 0.146 0.307
609.6 2.086 1.986 1.91 0.01 2.658 1.685 0.954 1.09 0.927 1.026 0.523 1.0 0.333 0.15 0.315
609.7 2.086 1.986 1.91 0.01 2.655 1.682 0.954 1.09 0.927 1.026 0.523 1.0 0.342 0.153 0.323
609.8 2.086 1.986 1.91 0.01 2.652 1.679 0.954 1.09 0.927 1.026 0.523 1.0 0.351 0.157 0.331
609.9 2.086 1.986 1.91 0.01 2.649 1.676 0.954 1.09 0.927 1.026 0.523 1.0 0.36 0.16 0.34
610.0 2.086 1.986 1.91 0.01 2.646 1.673 0.954 1.09 0.927 1.026 0.523 1.0 0.37 0.164 0.348
610.1 2.086 1.986 1.91 0.01 2.644 1.671 0.954 1.09 0.927 1.026 0.523 1.0 0.38 0.168 0.357
610.2 2.086 1.986 1.91 0.01 2.641 1.668 0.954 1.09 0.927 1.026 0.523 1.0 0.39 0.171 0.366
610.3 2.086 1.986 1.91 0.01 2.638 1.665 0.954 1.09 0.927 1.026 0.523 1.0 0.4 0.175 0.375
610.4 2.086 1.986 1.91 0.01 2.635 1.662 0.954 1.09 0.927 1.026 0.523 1.0 0.41 0.179 0.384
610.5 2.086 1.986 1.91 0.01 2.632 1.659 0.954 1.09 0.927 1.026 0.523 1.0 0.42 0.183 0.393
610.6 2.086 1.986 1.91 0.01 2.629 1.656 0.954 1.09 0.927 1.026 0.523 1.0 0.43 0.186 0.402
610.7 2.086 1.986 1.91 0.01 2.626 1.653 0.954 1.09 0.927 1.026 0.523 1.0 0.441 0.19 0.411
610.8 2.086 1.986 1.91 0.01 2.623 1.651 0.954 1.09 0.927 1.026 0.523 1.0 0.452 0.194 0.421
610.9 2.086 1.986 1.91 0.01 2.62 1.648 0.954 1.09 0.927 1.026 0.523 1.0 0.462 0.198 0.43
611.0 2.086 1.986 1.91 0.01 2.617 1.645 0.954 1.09 0.927 1.026 0.523 1.0 0.473 0.202 0.439
611.1 2.086 1.986 1.91 0.01 2.614 1.642 0.954 1.09 0.927 1.026 0.523 1.0 0.484 0.205 0.449
611.2 2.086 1.986 1.91 0.01 2.611 1.639 0.954 1.09 0.927 1.026 0.523 1.0 0.496 0.209 0.459
611.3 2.086 1.986 1.91 0.01 2.608 1.637 0.954 1.09 0.927 1.026 0.523 1.0 0.507 0.213 0.468
611.4 2.086 1.986 1.91 0.01 2.605 1.634 0.954 1.09 0.927 1.026 0.523 1.0 0.518 0.217 0.478
611.5 2.086 1.986 1.91 0.01 2.603 1.631 0.954 1.09 0.927 1.026 0.523 1.0 0.53 0.221 0.488
611.6 2.086 1.986 1.91 0.01 2.6 1.629 0.954 1.09 0.927 1.026 0.523 1.0 0.541 0.225 0.498
611.7 2.086 1.986 1.91 0.01 2.597 1.626 0.954 1.09 0.927 1.026 0.523 1.0 0.553 0.228 0.508
611.8 2.086 1.986 1.91 0.01 2.594 1.624 0.954 1.09 0.927 1.026 0.523 1.0 0.565 0.232 0.518
611.9 2.086 1.986 1.91 0.01 2.592 1.621 0.954 1.09 0.927 1.026 0.523 1.0 0.576 0.236 0.528
612.0 2.086 1.986 1.91 0.01 2.589 1.619 0.954 1.09 0.927 1.026 0.523 1.0 0.588 0.24 0.538
612.1 2.086 1.986 1.91 0.01 2.587 1.616 0.954 1.09 0.927 1.026 0.523 1.0 0.6 0.244 0.548
612.2 2.086 1.986 1.91 0.01 2.584 1.614 0.954 1.09 0.927 1.026 0.523 1.0 0.612 0.248 0.558
612.3 2.086 1.986 1.91 0.01 2.582 1.612 0.954 1.09 0.927 1.026 0.523 1.0 0.624 0.251 0.568
612.4 2.086 1.986 1.91 0.01 2.579 1.609 0.954 1.09 0.927 1.026 0.523 1.0 0.636 0.255 0.578
612.5 2.086 1.986 1.91 0.01 2.577 1.607 0.954 1.09 0.927 1.026 0.523 1.0 0.649 0.259 0.588
612.6 2.086 1.986 1.91 0.01 2.574 1.605 0.954 1.09 0.927 1.026 0.523 1.0 0.661 0.263 0.598
612.7 2.086 1.986 1.91 0.01 2.572 1.603 0.954 1.09 0.927 1.026 0.523 1.0 0.673 0.266 0.608
612.8 2.086 1.986 1.91 0.01 2.57 1.601 0.954 1.09 0.927 1.026 0.523 1.0 0.685 0.27 0.618
612.9 2.086 1.986 1.91 0.01 2.568 1.599 0.954 1.09 0.927 1.026 0.523 1.0 0.698 0.274 0.628
613.0 2.086 1.986 1.91 0.01 2.566 1.597 0.954 1.09 0.927 1.026 0.523 1.0 0.71 0.277 0.638
613.1 2.086 1.986 1.91 0.01 2.564 1.595 0.954 1.09 0.927 1.026 0.523 1.0 0.722 0.281 0.648
613.2 2.086 1.986 1.91 0.01 2.562 1.594 0.954 1.09 0.927 1.026 0.523 1.0 0.735 0.285 0.658
613.3 2.086 1.986 1.91 0.01 2.56 1.592 0.954 1.09 0.927 1.026 0.523 1.0 0.747 0.288 0.668
613.4 2.086 1.986 1.91 0.01 2.558 1.59 0.954 1.09 0.927 1.026 0.523 1.0 0.759 0.292 0.678
613.5 2.086 1.986 1.91 0.01 2.556 1.589 0.954 1.09 0.927 1.026 0.523 1.0 0.772 0.295 0.688
613.6 2.086 1.986 1.91 0.01 2.555 1.587 0.954 1.09 0.927 1.026 0.523 1.0 0.784 0.299 0.697
613.7 2.086 1.986 1.91 0.01 2.553 1.586 0.954 1.09 0.927 1.026 0.523 1.0 0.797 0.302 0.707
613.8 2.086 1.986 1.91 0.01 2.551 1.584 0.954 1.09 0.927 1.026 0.523 1.0 0.809 0.306 0.717
613.9 2.086 1.986 1.91 0.01 2.55 1.583 0.954 1.09 0.927 1.026 0.523 1.0 0.821 0.309 0.726
614.0 2.086 1.986 1.91 0.01 2.549 1.582 0.954 1.09 0.927 1.026 0.523 1.0 0.834 0.313 0.736
614.1 2.086 1.986 1.91 0.01 2.547 1.581 0.954 1.09 0.927 1.026 0.523 1.0 0.846 0.316 0.745
614.2 2.086 1.986 1.91 0.01 2.546 1.58 0.954 1.09 0.927 1.026 0.523 1.0 0.858 0.32 0.755
614.3 2.086 1.986 1.91 0.01 2.545 1.579 0.954 1.09 0.927 1.026 0.523 1.0 0.87 0.323 0.764
614.4 2.086 1.986 1.91 0.01 2.544 1.578 0.954 1.09 0.927 1.026 0.523 1.0 0.883 0.326 0.773
614.5 2.086 1.986 1.91 0.01 2.543 1.577 0.954 1.09 0.927 1.026 0.523 1.0 0.895 0.329 0.783
614.6 2.086 1.986 1.91 0.01 2.542 1.576 0.954 1.09 0.927 1.026 0.523 1.0 0.907 0.333 0.792
614.7 2.086 1.986 1.91 0.01 2.541 1.575 0.954 1.09 0.927 1.026 0.523 1.0 0.919 0.336 0.801
614.8 2.086 1.986 1.91 0.01 2.54 1.575 0.954 1.09 0.927 1.026 0.523 1.0 0.931 0.339 0.81
614.9 2.086 1.986 1.91 0.01 2.54 1.574 0.954 1.09 0.927 1.026 0.523 1.0 0.943 0.342 0.818
615.0 2.086 1.986 1.91 0.01 2.539 1.574 0.954 1.09 0.927 1.026 0.523 1.0 0.955 0.345 0.827
615.1 2.086 1.986 1.91 0.01 2.538 1.573 0.954 1.09 0.927 1.026 0.523 1.0 0.967 0.348 0.836
615.2 2.086 1.986 1.91 0.01 2.538 1.573 0.954 1.09 0.927 1.026 0.523 1.0 0.979 0.351 0.844
615.3 2.086 1.986 1.91 0.01 2.537 1.572 0.954 1.09 0.927 1.026 0.523 1.0 0.99 0.354 0.853
615.4 2.086 1.986 1.91 0.01 2.537 1.572 0.954 1.09 0.927 1.026 0.523 1.0 1.002 0.357 0.861
615.5 2.086 1.986 1.91 0.01 2.537 1.572 0.954 1.09 0.927 1.026 0.523 1.0 1.014 0.36 0.869
615.6 2.086 1.986 1.91 0.01 2.537 1.572 0.954 1.09 0.927 1.026 0.523 1.0 1.025 0.363 0.878
615.7 2.086 1.986 1.91 0.01 2.536 1.572 0.954 1.09 0.927 1.026 0.523 1.0 1.037 0.366 0.886
615.8 2.086 1.986 1.91 0.01 2.536 1.572 0.954 1.09 0.927 1.026 0.523 1.0 1.048 0.369 0.894
615.9 2.086 1.986 1.91 0.01 2.536 1.572 0.954 1.09 0.927 1.026 0.523 1.0 1.059 0.372 0.901
616.0 2.086 1.986 1.91 0.01 2.536 1.572 0.954 1.09 0.927 1.026 0.523 1.0 1.07 0.375 0.909
616.1 2.086 1.986 1.91 0.01 2.536 1.572 0.954 1.09 0.927 1.026 0.523 1.0 1.082 0.377 0.917
616.2 2.086 1.986 1.91 0.01 2.537 1.573 0.954 1.09 0.927 1.026 0.523 1.0 1.093 0.38 0.924
616.3 2.086 1.986 1.91 0.01 2.537 1.573 0.954 1.09 0.927 1.026 0.523 1.0 1.104 0.383 0.932
616.4 2.086 1.986 1.91 0.01 2.537 1.573 0.954 1.09 0.927 1.026 0.523 1.0 1.114 0.385 0.939
616.5 2.086 1.986 1.91 0.01 2.538 1.574 0.954 1.09 0.927 1.026 0.523 1.0 1.125 0.388 0.946
616.6 2.086 1.986 1.91 0.01 2.538 1.574 0.954 1.09 0.927 1.026 0.523 1.0 1.136 0.391 0.953
616.7 2.086 1.986 1.91 0.01 2.538 1.575 0.954 1.09 0.927 1.026 0.523 1.0 1.147 0.393 0.96
616.8 2.086 1.986 1.91 0.01 2.539 1.575 0.954 1.09 0.927 1.026 0.523 1.0 1.157 0.396 0.967
616.9 2.086 1.986 1.91 0.01 2.54 1.576 0.954 1.09 0.927 1.026 0.523 1.0 1.168 0.398 0.974
617.0 2.086 1.986 1.91 0.01 2.54 1.576 0.954 1.09 0.927 1.026 0.523 1.0 1.178 0.401 0.981
617.1 2.086 1.986 1.91 0.01 2.541 1.577 0.954 1.09 0.927 1.026 0.523 1.0 1.188 0.403 0.987
617.2 2.086 1.986 1.91 0.01 2.542 1.578 0.954 1.09 0.927 1.026 0.523 1.0 1.198 0.406 0.994
617.3 2.086 1.986 1.91 0.01 2.542 1.579 0.954 1.09 0.927 1.026 0.523 1.0 1.209 0.408 1.0
617.4 2.086 1.986 1.91 0.01 2.543 1.58 0.954 1.09 0.927 1.026 0.523 1.0 1.219 0.411 1.006
617.5 2.086 1.986 1.91 0.01 2.544 1.58 0.954 1.09 0.927 1.026 0.523 1.0 1.228 0.413 1.013
617.6 2.086 1.986 1.91 0.01 2.545 1.581 0.954 1.09 0.927 1.026 0.523 1.0 1.238 0.415 1.019
617.7 2.086 1.986 1.91 0.01 2.546 1.582 0.954 1.09 0.927 1.026 0.523 1.0 1.248 0.418 1.025
617.8 2.086 1.986 1.91 0.01 2.547 1.583 0.954 1.09 0.927 1.026 0.523 1.0 1.258 0.42 1.03
617.9 2.086 1.986 1.91 0.01 2.548 1.584 0.954 1.09 0.927 1.026 0.523 1.0 1.267 0.422 1.036
618.0 2.086 1.986 1.91 0.01 2.549 1.585 0.954 1.09 0.927 1.026 0.523 1.0 1.277 0.425 1.042
618.1 2.086 1.986 1.91 0.01 2.55 1.587 0.954 1.09 0.927 1.026 0.523 1.0 1.286 0.427 1.047
618.2 2.086 1.986 1.91 0.01 2.551 1.588 0.954 1.09 0.927 1.026 0.523 1.0 1.295 0.429 1.053
618.3 2.086 1.986 1.91 0.01 2.553 1.589 0.954 1.09 0.927 1.026 0.523 1.0 1.304 0.431 1.058
618.4 2.086 1.986 1.91 0.01 2.554 1.59 0.954 1.09 0.927 1.026 0.523 1.0 1.313 0.433 1.063
618.5 2.086 1.986 1.91 0.01 2.555 1.591 0.954 1.09 0.927 1.026 0.523 1.0 1.322 0.435 1.069
618.6 2.086 1.986 1.91 0.01 2.556 1.593 0.954 1.09 0.927 1.026 0.523 1.0 1.331 0.438 1.074
618.7 2.086 1.986 1.91 0.01 2.558 1.594 0.954 1.09 0.927 1.026 0.523 1.0 1.34 0.44 1.079
618.8 2.086 1.986 1.91 0.01 2.559 1.595 0.954 1.09 0.927 1.026 0.523 1.0 1.349 0.442 1.083
618.9 2.086 1.986 1.91 0.01 2.56 1.597 0.954 1.09 0.927 1.026 0.523 1.0 1.357 0.444 1.088
619.0 2.086 1.986 1.91 0.01 2.562 1.598 0.954 1.09 0.927 1.026 0.523 1.0 1.366 0.446 1.093
619.1 2.086 1.986 1.91 0.01 2.563 1.599 0.954 1.09 0.927 1.026 0.523 1.0 1.374 0.448 1.098
619.2 2.086 1.986 1.91 0.01 2.565 1.601 0.954 1.09 0.927 1.026 0.523 1.0 1.383 0.45 1.102
619.3 2.086 1.986 1.91 0.01 2.566 1.602 0.954 1.09 0.927 1.026 0.523 1.0 1.391 0.452 1.107
619.4 2.086 1.986 1.91 0.01 2.568 1.604 0.954 1.09 0.927 1.026 0.523 1.0 1.399 0.454 1.111
619.5 2.086 1.986 1.91 0.01 2.569 1.605 0.954 1.09 0.927 1.026 0.523 1.0 1.407 0.455 1.115
619.6 2.086 1.986 1.91 0.01 2.571 1.606 0.954 1.09 0.927 1.026 0.523 1.0 1.415 0.457 1.119
619.7 2.086 1.986 1.91 0.01 2.572 1.608 0.954 1.09 0.927 1.026 0.523 1.0 1.423 0.459 1.124
619.8 2.086 1.986 1.91 0.01 2.574 1.609 0.954 1.09 0.927 1.026 0.523 1.0 1.431 0.461 1.128
619.9 2.086 1.986 1.91 0.01 2.575 1.611 0.954 1.09 0.927 1.026 0.523 1.0 1.438 0.463 1.132
620.0 2.086 1.986 1.91 0.01 2.577 1.613 0.954 1.09 0.927 1.026 0.523 1.0 1.446 0.465 1.135
620.1 2.086 1.986 1.91 0.01 2.579 1.614 0.954 1.09 0.927 1.026 0.523 1.0 1.454 0.466 1.139
620.2 2.086 1.986 1.91 0.01 2.58 1.616 0.954 1.09 0.927 1.026 0.523 1.0 1.461 0.468 1.143
620.3 2.086 1.986 1.91 0.01 2.582 1.617 0.954 1.09 0.927 1.026 0.523 1.0 1.468 0.47 1.147
620.4 2.086 1.986 1.91 0.01 2.583 1.619 0.954 1.09 0.927 1.026 0.523 1.0 1.476 0.472 1.15
620.5 2.086 1.986 1.91 0.01 2.585 1.62 0.954 1.09 0.927 1.026 0.523 1.0 1.483 0.473 1.154
620.6 2.086 1.986 1.91 0.01 2.587 1.622 0.954 1.09 0.927 1.026 0.523 1.0 1.49 0.475 1.157
620.7 2.086 1.986 1.91 0.01 2.588 1.624 0.954 1.09 0.927 1.026 0.523 1.0 1.497 0.477 1.161
620.8 2.086 1.986 1.91 0.01 2.59 1.625 0.954 1.09 0.927 1.026 0.523 1.0 1.504 0.478 1.164
620.9 2.086 1.986 1.91 0.01 2.592 1.627 0.954 1.09 0.927 1.026 0.523 1.0 1.511 0.48 1.167
621.0 2.086 1.986 1.91 0.01 2.593 1.628 0.954 1.09 0.927 1.026 0.523 1.0 1.518 0.481 1.17
621.1 2.086 1.986 1.91 0.01 2.595 1.63 0.954 1.09 0.927 1.026 0.523 1.0 1.524 0.483 1.174
621.2 2.086 1.986 1.91 0.01 2.597 1.632 0.954 1.09 0.927 1.026 0.523 1.0 1.531 0.485 1.177
621.3 2.086 1.986 1.91 0.01 2.599 1.633 0.954 1.09 0.927 1.026 0.523 1.0 1.537 0.486 1.18
621.4 2.086 1.986 1.91 0.01 2.6 1.635 0.954 1.09 0.927 1.026 0.523 1.0 1.544 0.488 1.183
621.5 2.086 1.986 1.91 0.01 2.602 1.636 0.954 1.09 0.927 1.026 0.523 1.0 1.55 0.489 1.186
621.6 2.086 1.986 1.91 0.01 2.604 1.638 0.954 1.09 0.927 1.026 0.523 1.0 1.557 0.491 1.188
621.7 2.086 1.986 1.91 0.01 2.605 1.64 0.954 1.09 0.927 1.026 0.523 1.0 1.563 0.492 1.191
621.8 2.086 1.986 1.91 0.01 2.607 1.641 0.954 1.09 0.927 1.026 0.523 1.0 1.569 0.494 1.194
621.9 2.086 1.986 1.91 0.01 2.609 1.643 0.954 1.09 0.927 1.026 0.523 1.0 1.575 0.495 1.197
622.0 2.086 1.986 1.91 0.01 2.61 1.645 0.954 1.09 0.927 1.026 0.523 1.0 1.581 0.496 1.199
622.1 2.086 1.986 1.91 0.01 2.612 1.646 0.954 1.09 0.927 1.026 0.523 1.0 1.587 0.498 1.202
622.2 2.086 1.986 1.91 0.01 2.614 1.648 0.954 1.09 0.927 1.026 0.523 1.0 1.593 0.499 1.204
622.3 2.086 1.986 1.91 0.01 2.615 1.649 0.954 1.09 0.927 1.026 0.523 1.0 1.599 0.501 1.207
622.4 2.086 1.986 1.91 0.01 2.617 1.651 0.954 1.09 0.927 1.026 0.523 1.0 1.605 0.502 1.209
622.5 2.086 1.986 1.91 0.01 2.619 1.653 0.954 1.09 0.927 1.026 0.523 1.0 1.61 0.503 1.212
622.6 2.086 1.986 1.91 0.01 2.62 1.654 0.954 1.09 0.927 1.026 0.523 1.0 1.616 0.505 1.214
622.7 2.086 1.986 1.91 0.01 2.622 1.656 0.954 1.09 0.927 1.026 0.523 1.0 1.621 0.506 1.216
622.8 2.086 1.986 1.91 0.01 2.624 1.657 0.954 1.09 0.927 1.026 0.523 1.0 1.627 0.507 1.219
622.9 2.086 1.986 1.91 0.01 2.625 1.659 0.954 1.09 0.927 1.026 0.523 1.0 1.632 0.509 1.221
623.0 2.086 1.986 1.91 0.01 2.627 1.661 0.954 1.09 0.927 1.026 0.523 1.0 1.637 0.51 1.223
623.1 2.086 1.986 1.91 0.01 2.629 1.662 0.954 1.09 0.927 1.026 0.523 1.0 1.643 0.511 1.225
623.2 2.086 1.986 1.91 0.01 2.63 1.664 0.954 1.09 0.927 1.026 0.523 1.0 1.648 0.512 1.227
623.3 2.086 1.986 1.91 0.01 2.632 1.665 0.954 1.09 0.927 1.026 0.523 1.0 1.653 0.514 1.229
623.4 2.086 1.986 1.91 0.01 2.634 1.667 0.954 1.09 0.927 1.026 0.523 1.0 1.658 0.515 1.231
623.5 2.086 1.986 1.91 0.01 2.635 1.668 0.954 1.09 0.927 1.026 0.523 1.0 1.663 0.516 1.233
623.6 2.086 1.986 1.91 0.01 2.637 1.67 0.954 1.09 0.927 1.026 0.523 1.0 1.668 0.517 1.235
623.7 2.086 1.986 1.91 0.01 2.638 1.672 0.954 1.09 0.927 1.026 0.523 1.0 1.673 0.518 1.237
623.8 2.086 1.986 1.91 0.01 2.64 1.673 0.954 1.09 0.927 1.026 0.523 1.0 1.678 0.52 1.239
623.9 2.086 1.986 1.91 0.01 2.642 1.675 0.954 1.09 0.927 1.026 0.523 1.0 1.683 0.521 1.241
624.0 2.086 1.986 1.91 0.01 2.643 1.676 0.954 1.09 0.927 1.026 0.523 1.0 1.687 0.522 1.243
624.1 2.086 1.986 1.91 0.01 2.645 1.678 0.954 1.09 0.927 1.026 0.523 1.0 1.692 0.523 1.244
624.2 2.086 1.986 1.91 0.01 2.646 1.679 0.954 1.09 0.927 1.026 0.523 1.0 1.697 0.524 1.246
624.3 2.086 1.986 1.91 0.01 2.648 1.681 0.954 1.09 0.927 1.026 0.523 1.0 1.701 0.525 1.248
624.4 2.086 1.986 1.91 0.01 2.649 1.682 0.954 1.09 0.927 1.026 0.523 1.0 1.706 0.526 1.249
624.5 2.086 1.986 1.91 0.01 2.651 1.683 0.954 1.09 0.927 1.026 0.523 1.0 1.71 0.527 1.251
624.6 2.086 1.986 1.91 0.01 2.652 1.685 0.954 1.09 0.927 1.026 0.523 1.0 1.714 0.528 1.253
624.7 2.086 1.986 1.91 0.01 2.654 1.686 0.954 1.09 0.927 1.026 0.523 1.0 1.719 0.529 1.254
624.8 2.086 1.986 1.91 0.01 2.655 1.688 0.954 1.09 0.927 1.026 0.523 1.0 1.723 0.53 1.256
624.9 2.086 1.986 1.91 0.01 2.657 1.689 0.954 1.09 0.927 1.026 0.523 1.0 1.727 0.531 1.257
625.0 2.086 1.986 1.91 0.01 2.658 1.691 0.954 1.09 0.927 1.026 0.523 1.0 1.731 0.532 1.259
625.1 2.086 1.986 1.91 0.01 2.66 1.692 0.954 1.09 0.927 1.026 0.523 1.0 1.735 0.533 1.26
625.2 2.086 1.986 1.91 0.01 2.661 1.693 0.954 1.09 0.927 1.026 0.523 1.0 1.739 0.534 1.262
625.3 2.086 1.986 1.91 0.01 2.663 1.695 0.954 1.09 0.927 1.026 0.523 1.0 1.743 0.535 1.263
625.4 2.086 1.986 1.91 0.01 2.664 1.696 0.954 1.09 0.927 1.026 0.523 1.0 1.747 0.536 1.265
625.5 2.086 1.986 1.91 0.01 2.665 1.697 0.954 1.09 0.927 1.026 0.523 1.0 1.751 0.537 1.266
625.6 2.086 1.986 1.91 0.01 2.667 1.699 0.954 1.09 0.927 1.026 0.523 1.0 1.755 0.538 1.267
625.7 2.086 1.986 1.91 0.01 2.668 1.7 0.954 1.09 0.927 1.026 0.523 1.0 1.759 0.539 1.269
625.8 2.086 1.986 1.91 0.01 2.67 1.701 0.954 1.09 0.927 1.026 0.523 1.0 1.763 0.54 1.27
625.9 2.086 1.986 1.91 0.01 2.671 1.703 0.954 1.09 0.927 1.026 0.523 1.0 1.766 0.541 1.271
626.0 2.086 1.986 1.91 0.01 2.672 1.704 0.954 1.09 0.927 1.026 0.523 1.0 1.77 0.542 1.272
626.1 2.086 1.986 1.91 0.01 2.674 1.705 0.954 1.09 0.927 1.026 0.523 1.0 1.774 0.543 1.274
626.2 2.086 1.986 1.91 0.01 2.675 1.707 0.954 1.09 0.927 1.026 0.523 1.0 1.777 0.544 1.275
626.3 2.086 1.986 1.91 0.01 2.676 1.708 0.954 1.09 0.927 1.026 0.523 1.0 1.781 0.544 1.276
626.4 2.086 1.986 1.91 0.01 2.677 1.709 0.954 1.09 0.927 1.026 0.523 1.0 1.784 0.545 1.277
626.5 2.086 1.986 1.91 0.01 2.679 1.71 0.954 1.09 0.927 1.026 0.523 1.0 1.788 0.546 1.278
626.6 2.086 1.986 1.91 0.01 2.68 1.712 0.954 1.09 0.927 1.026 0.523 1.0 1.791 0.547 1.28
626.7 2.086 1.986 1.91 0.01 2.681 1.713 0.954 1.09 0.927 1.026 0.523 1.0 1.794 0.548 1.281
626.8 2.086 1.986 1.91 0.01 2.683 1.714 0.954 1.09 0.927 1.026 0.523 1.0 1.798 0.549 1.282
626.9 2.086 1.986 1.91 0.01 2.684 1.715 0.954 1.09 0.927 1.026 0.523 1.0 1.801 0.549 1.283
627.0 2.086 1.986 1.91 0.01 2.685 1.716 0.954 1.09 0.927 1.026 0.523 1.0 1.804 0.55 1.284
627.1 2.086 1.986 1.91 0.01 2.686 1.718 0.954 1.09 0.927 1.026 0.523 1.0 1.807 0.551 1.285
627.2 2.086 1.986 1.91 0.01 2.687 1.719 0.954 1.09 0.927 1.026 0.523 1.0 1.811 0.552 1.286
627.3 2.086 1.986 1.91 0.01 2.689 1.72 0.954 1.09 0.927 1.026 0.523 1.0 1.814 0.552 1.287
627.4 2.086 1.986 1.91 0.01 2.69 1.721 0.954 1.09 0.927 1.026 0.523 1.0 1.817 0.553 1.288
627.5 2.086 1.986 1.91 0.01 2.691 1.722 0.954 1.09 0.927 1.026 0.523 1.0 1.82 0.554 1.289
627.6 2.086 1.986 1.91 0.01 2.692 1.723 0.954 1.09 0.927 1.026 0.523 1.0 1.823 0.555 1.29
627.7 2.086 1.986 1.91 0.01 2.693 1.724 0.954 1.09 0.927 1.026 0.523 1.0 1.826 0.555 1.291
627.8 2.086 1.986 1.91 0.01 2.694 1.725 0.954 1.09 0.927 1.026 0.523 1.0 1.829 0.556 1.292
627.9 2.086 1.986 1.91 0.01 2.695 1.727 0.954 1.09 0.927 1.026 0.523 1.0 1.831 0.557 1.293
628.0 2.086 1.986 1.91 0.01 2.697 1.728 0.954 1.09 0.927 1.026 0.523 1.0 1.834 0.557 1.293
628.1 2.086 1.986 1.91 0.01 2.698 1.729 0.954 1.09 0.927 1.026 0.523 1.0 1.837 0.558 1.294
628.2 2.086 1.986 1.91 0.01 2.699 1.73 0.954 1.09 0.927 1.026 0.523 1.0 1.84 0.559 1.295
628.3 2.086 1.986 1.91 0.01 2.7 1.731 0.954 1.09 0.927 1.026 0.523 1.0 1.843 0.56 1.296
628.4 2.086 1.986 1.91 0.01 2.701 1.732 0.954 1.09 0.927 1.026 0.523 1.0 1.845 0.56 1.297
628.5 2.086 1.986 1.91 0.01 2.702 1.733 0.954 1.09 0.927 1.026 0.523 1.0 1.848 0.561 1.298
628.6 2.086 1.986 1.91 0.01 2.703 1.734 0.954 1.09 0.927 1.026 0.523 1.0 1.851 0.561 1.299
628.7 2.086 1.986 1.91 0.01 2.704 1.735 0.954 1.09 0.927 1.026 0.523 1.0 1.853 0.562 1.299
628.8 2.086 1.986 1.91 0.01 2.705 1.736 0.954 1.09 0.927 1.026 0.523 1.0 1.856 0.563 1.3
628.9 2.086 1.986 1.91 0.01 2.706 1.737 0.954 1.09 0.927 1.026 0.523 1.0 1.858 0.563 1.301
629.0 2.086 1.986 1.91 0.01 2.707 1.738 0.954 1.09 0.927 1.026 0.523 1.0 1.861 0.564 1.302
629.1 2.086 1.986 1.91 0.01 2.708 1.739 0.954 1.09 0.927 1.026 0.523 1.0 1.863 0.565 1.302
629.2 2.086 1.986 1.91 0.01 2.709 1.74 0.954 1.09 0.927 1.026 0.523 1.0 1.866 0.565 1.303
629.3 2.086 1.986 1.91 0.01 2.71 1.741 0.954 1.09 0.927 1.026 0.523 1.0 1.868 0.566 1.304
629.4 2.086 1.986 1.91 0.01 2.711 1.741 0.954 1.09 0.927 1.026 0.523 1.0 1.87 0.566 1.305
629.5 2.086 1.986 1.91 0.01 2.712 1.742 0.954 1.09 0.927 1.026 0.523 1.0 1.873 0.567 1.305
629.6 2.086 1.986 1.91 0.01 2.713 1.743 0.954 1.09 0.927 1.026 0.523 1.0 1.875 0.567 1.306
629.7 2.086 1.986 1.91 0.01 2.714 1.744 0.954 1.09 0.927 1.026 0.523 1.0 1.877 0.568 1.307
629.8 2.086 1.986 1.91 0.01 2.715 1.745 0.954 1.09 0.927 1.026 0.523 1.0 1.88 0.569 1.307
629.9 2.086 1.986 1.91 0.01 2.715 1.746 0.954 1.09 0.927 1.026 0.523 1.0 1.882 0.569 1.308
630.0 2.086 1.986 1.91 0.01 2.716 1.747 0.954 1.09 0.927 1.026 0.523 1.0 1.884 0.57 1.309
630.1 2.086 1.986 1.91 0.01 2.717 1.748 0.954 1.09 0.927 1.026 0.523 1.0 1.886 0.57 1.309
630.2 2.086 1.986 1.91 0.01 2.718 1.748 0.954 1.09 0.927 1.026 0.523 1.0 1.888 0.571 1.31
630.3 2.086 1.986 1.91 0.01 2.719 1.749 0.954 1.09 0.927 1.026 0.523 1.0 1.89 0.571 1.31
630.4 2.086 1.986 1.91 0.01 2.72 1.75 0.954 1.09 0.927 1.026 0.523 1.0 1.892 0.572 1.311
630.5 2.086 1.986 1.91 0.01 2.721 1.751 0.954 1.09 0.927 1.026 0.523 1.0 1.895 0.572 1.312
630.6 2.086 1.986 1.91 0.01 2.721 1.752 0.954 1.09 0.927 1.026 0.523 1.0 1.897 0.573 1.312
630.7 2.086 1.986 1.91 0.01 2.722 1.753 0.954 1.09 0.927 1.026 0.523 1.0 1.899 0.573 1.313
630.8 2.086 1.986 1.91 0.01 2.723 1.753 0.954 1.09 0.927 1.026 0.523 1.0 1.901 0.574 1.313
630.9 2.086 1.986 1.91 0.01 2.724 1.754 0.954 1.09 0.927 1.026 0.523 1.0 1.902 0.574 1.314
631.0 2.086 1.986 1.91 0.01 2.725 1.755 0.954 1.09 0.927 1.026 0.523 1.0 1.904 0.575 1.315
631.1 2.086 1.986 1.91 0.01 2.725 1.756 0.954 1.09 0.927 1.026 0.523 1.0 1.906 0.575 1.315
631.2 2.086 1.986 1.91 0.01 2.726 1.756 0.954 1.09 0.927 1.026 0.523 1.0 1.908 0.576 1.316
631.3 2.086 1.986 1.91 0.01 2.727 1.757 0.954 1.09 0.927 1.026 0.523 1.0 1.91 0.576 1.316
631.4 2.086 1.986 1.91 0.01 2.728 1.758 0.954 1.09 0.927 1.026 0.523 1.0 1.912 0.577 1.317
631.5 2.086 1.986 1.91 0.01 2.728 1.759 0.954 1.09 0.927 1.026 0.523 1.0 1.914 0.577 1.317
631.6 2.086 1.986 1.91 0.01 2.729 1.759 0.954 1.09 0.927 1.026 0.523 1.0 1.915 0.577 1.318
631.7 2.086 1.986 1.91 0.01 2.73 1.76 0.954 1.09 0.927 1.026 0.523 1.0 1.917 0.578 1.318
631.8 2.086 1.986 1.91 0.01 2.731 1.761 0.954 1.09 0.927 1.026 0.523 1.0 1.919 0.578 1.319
631.9 2.086 1.986 1.91 0.01 2.731 1.761 0.954 1.09 0.927 1.026 0.523 1.0 1.921 0.579 1.319
632.0 2.086 1.986 1.91 0.01 2.732 1.762 0.954 1.09 0.927 1.026 0.523 1.0 1.922 0.579 1.32
632.1 2.086 1.986 1.91 0.01 2.733 1.763 0.954 1.09 0.927 1.026 0.523 1.0 1.924 0.58 1.32
632.2 2.086 1.986 1.91 0.01 2.733 1.763 0.954 1.09 0.927 1.026 0.523 1.0 1.926 0.58 1.321
632.3 2.086 1.986 1.91 0.01 2.734 1.764 0.954 1.09 0.927 1.026 0.523 1.0 1.927 0.58 1.321
632.4 2.086 1.986 1.91 0.01 2.735 1.765 0.954 1.09 0.927 1.026 0.523 1.0 1.929 0.581 1.321
632.5 2.086 1.986 1.91 0.01 2.735 1.765 0.954 1.09 0.927 1.026 0.523 1.0 1.93 0.581 1.322
632.6 2.086 1.986 1.91 0.01 2.736 1.766 0.954 1.09 0.927 1.026 0.523 1.0 1.932 0.582 1.322
632.7 2.086 1.986 1.91 0.01 2.737 1.767 0.954 1.09 0.927 1.026 0.523 1.0 1.934 0.582 1.323
632.8 2.086 1.986 1.91 0.01 2.737 1.767 0.954 1.09 0.927 1.026 0.523 1.0 1.935 0.582 1.323
632.9 2.086 1.986 1.91 0.01 2.738 1.768 0.954 1.09 0.927 1.026 0.523 1.0 1.937 0.583 1.324
633.0 2.086 1.986 1.91 0.01 2.738 1.768 0.954 1.09 0.927 1.026 0.523 1.0 1.938 0.583 1.324
633.1 2.086 1.986 1.91 0.01 2.739 1.769 0.954 1.09 0.927 1.026 0.523 1.0 1.94 0.583 1.324
633.2 2.086 1.986 1.91 0.01 2.74 1.77 0.954 1.09 0.927 1.026 0.523 1.0 1.941 0.584 1.325
633.3 2.086 1.986 1.91 0.01 2.74 1.77 0.954 1.09 0.927 1.026 0.523 1.0 1.942 0.584 1.325
633.4 2.086 1.986 1.91 0.01 2.741 1.771 0.954 1.09 0.927 1.026 0.523 1.0 1.944 0.584 1.326
633.5 2.086 1.986 1.91 0.01 2.741 1.771 0.954 1.09 0.927 1.026 0.523 1.0 1.945 0.585 1.326
633.6 2.086 1.986 1.91 0.01 2.742 1.772 0.954 1.09 0.927 1.026 0.523 1.0 1.947 0.585 1.326
633.7 2.086 1.986 1.91 0.01 2.743 1.772 0.954 1.09 0.927 1.026 0.523 1.0 1.948 0.585 1.327
633.8 2.086 1.986 1.91 0.01 2.743 1.773 0.954 1.09 0.927 1.026 0.523 1.0 1.949 0.586 1.327
633.9 2.086 1.986 1.91 0.01 2.744 1.773 0.954 1.09 0.927 1.026 0.523 1.0 1.951 0.586 1.327
634.0 2.086 1.986 1.91 0.01 2.744 1.774 0.954 1.09 0.927 1.026 0.523 1.0 1.952 0.586 1.328
634.1 2.086 1.986 1.91 0.01 2.745 1.775 0.954 1.09 0.927 1.026 0.523 1.0 1.953 0.587 1.328
634.2 2.086 1.986 1.91 0.01 2.745 1.775 0.954 1.09 0.927 1.026 0.523 1.0 1.954 0.587 1.328
634.3 2.086 1.986 1.91 0.01 2.746 1.776 0.954 1.09 0.927 1.026 0.523 1.0 1.956 0.587 1.329
634.4 2.086 1.986 1.91 0.01 2.746 1.776 0.954 1.09 0.927 1.026 0.523 1.0 1.957 0.588 1.329
634.5 2.086 1.986 1.91 0.01 2.747 1.777 0.954 1.09 0.927 1.026 0.523 1.0 1.958 0.588 1.33
634.6 2.086 1.986 1.91 0.01 2.747 1.777 0.954 1.09 0.927 1.026 0.523 1.0 1.959 0.588 1.33
634.7 2.086 1.986 1.91 0.01 2.748 1.778 0.954 1.09 0.927 1.026 0.523 1.0 1.961 0.589 1.33
634.8 2.086 1.986 1.91 0.01 2.748 1.778 0.954 1.09 0.927 1.026 0.523 1.0 1.962 0.589 1.33
634.9 2.086 1.986 1.91 0.01 2.749 1.778 0.954 1.09 0.927 1.026 0.523 1.0 1.963 0.589 1.331
635.0 2.086 1.986 1.91 0.01 2.749 1.779 0.954 1.09 0.927 1.026 0.523 1.0 1.964 0.589 1.331
635.1 2.086 1.986 1.91 0.01 2.75 1.779 0.954 1.09 0.927 1.026 0.523 1.0 1.965 0.59 1.331
635.2 2.086 1.986 1.91 0.01 2.75 1.78 0.954 1.09 0.927 1.026 0.523 1.0 1.966 0.59 1.332
635.3 2.086 1.986 1.91 0.01 2.751 1.78 0.954 1.09 0.927 1.026 0.523 1.0 1.967 0.59 1.332
635.4 2.086 1.986 1.91 0.01 2.751 1.781 0.954 1.09 0.927 1.026 0.523 1.0 1.968 0.591 1.332
635.5 2.086 1.986 1.91 0.01 2.752 1.781 0.954 1.09 0.927 1.026 0.523 1.0 1.969 0.591 1.333
635.6 2.086 1.986 1.91 0.01 2.752 1.782 0.954 1.09 0.927 1.026 0.523 1.0 1.971 0.591 1.333
635.7 2.086 1.986 1.91 0.01 2.752 1.782 0.954 1.09 0.927 1.026 0.523 1.0 1.972 0.591 1.333
635.8 2.086 1.986 1.91 0.01 2.753 1.782 0.954 1.09 0.927 1.026 0.523 1.0 1.973 0.592 1.333
635.9 2.086 1.986 1.91 0.01 2.753 1.783 0.954 1.09 0.927 1.026 0.523 1.0 1.974 0.592 1.334
636.0 2.086 1.986 1.91 0.01 2.754 1.783 0.954 1.09 0.927 1.026 0.523 1.0 1.975 0.592 1.334
636.1 2.086 1.986 1.91 0.01 2.754 1.784 0.954 1.09 0.927 1.026 0.523 1.0 1.976 0.592 1.334
636.2 2.086 1.986 1.91 0.01 2.755 1.784 0.954 1.09 0.927 1.026 0.523 1.0 1.977 0.593 1.334
636.3 2.086 1.986 1.91 0.01 2.755 1.785 0.954 1.09 0.927 1.026 0.523 1.0 1.977 0.593 1.335
636.4 2.086 1.986 1.91 0.01 2.755 1.785 0.954 1.09 0.927 1.026 0.523 1.0 1.978 0.593 1.335
636.5 2.086 1.986 1.91 0.01 2.756 1.785 0.954 1.09 0.927 1.026 0.523 1.0 1.979 0.593 1.335
636.6 2.086 1.986 1.91 0.01 2.756 1.786 0.954 1.09 0.927 1.026 0.523 1.0 1.98 0.593 1.335
636.7 2.086 1.986 1.91 0.01 2.757 1.786 0.954 1.09 0.927 1.026 0.523 1.0 1.981 0.594 1.336
636.8 2.086 1.986 1.91 0.01 2.757 1.786 0.954 1.09 0.927 1.026 0.523 1.0 1.982 0.594 1.336
636.9 2.086 1.986 1.91 0.01 2.757 1.787 0.954 1.09 0.927 1.026 0.523 1.0 1.983 0.594 1.336
637.0 2.086 1.986 1.91 0.01 2.758 1.787 0.954 1.09 0.927 1.026 0.523 1.0 1.984 0.594 1.336
637.1 2.086 1.986 1.91 0.01 2.758 1.787 0.954 1.09 0.927 1.026 0.523 1.0 1.985 0.595 1.337
637.2 2.086 1.986 1.91 0.01 2.758 1.788 0.954 1.09 0.927 1.026 0.523 1.0 1.986 0.595 1.337
637.3 2.086 1.986 1.91 0.01 2.759 1.788 0.954 1.09 0.927 1.026 0.523 1.0 1.986 0.595 1.337
637.4 2.086 1.986 1.91 0.01 2.759 1.789 0.954 1.09 0.927 1.026 0.523 1.0 1.987 0.595 1.337
637.5 2.086 1.986 1.91 0.01 2.759 1.789 0.954 1.09 0.927 1.026 0.523 1.0 1.988 0.595 1.337
637.6 2.086 1.986 1.91 0.01 2.76 1.789 0.954 1.09 0.927 1.026 0.523 1.0 1.989 0.596 1.338
637.7 2.086 1.986 1.91 0.01 2.76 1.79 0.954 1.09 0.927 1.026 0.523 1.0 1.99 0.596 1.338
637.8 2.086 1.986 1.91 0.01 2.76 1.79 0.954 1.09 0.927 1.026 0.523 1.0 1.99 0.596 1.338
637.9 2.086 1.986 1.91 0.01 2.761 1.79 0.954 1.09 0.927 1.026 0.523 1.0 1.991 0.596 1.338
638.0 2.086 1.986 1.91 0.01 2.761 1.791 0.954 1.09 0.927 1.026 0.523 1.0 1.992 0.596 1.339
638.1 2.086 1.986 1.91 0.01 2.761 1.791 0.954 1.09 0.927 1.026 0.523 1.0 1.993 0.597 1.339
638.2 2.086 1.986 1.91 0.01 2.762 1.791 0.954 1.09 0.927 1.026 0.523 1.0 1.994 0.597 1.339
638.3 2.086 1.986 1.91 0.01 2.762 1.791 0.954 1.09 0.927 1.026 0.523 1.0 1.994 0.597 1.339
638.4 2.086 1.986 1.91 0.01 2.762 1.792 0.954 1.09 0.927 1.026 0.523 1.0 1.995 0.597 1.339
638.5 2.086 1.986 1.91 0.01 2.763 1.792 0.954 1.09 0.927 1.026 0.523 1.0 1.996 0.597 1.339
638.6 2.086 1.986 1.91 0.01 2.763 1.792 0.954 1.09 0.927 1.026 0.523 1.0 1.996 0.597 1.34
638.7 2.086 1.986 1.91 0.01 2.763 1.793 0.954 1.09 0.927 1.026 0.523 1.0 1.997 0.598 1.34
638.8 2.086 1.986 1.91 0.01 2.764 1.793 0.954 1.09 0.927 1.026 0.523 1.0 1.998 0.598 1.34
638.9 2.086 1.986 1.91 0.01 2.764 1.793 0.954 1.09 0.927 1.026 0.523 1.0 1.998 0.598 1.34
639.0 2.086 1.986 1.91 0.01 2.764 1.793 0.954 1.09 0.927 1.026 0.523 1.0 1.999 0.598 1.34
639.1 2.086 1.986 1.91 0.01 2.764 1.794 0.954 1.09 0.927 1.026 0.523 1.0 2.0 0.598 1.341
639.2 2.086 1.986 1.91 0.01 2.765 1.794 0.954 1.09 0.927 1.026 0.523 1.0 2.0 0.598 1.341
639.3 2.086 1.986 1.91 0.01 2.765 1.794 0.954 1.09 0.927 1.026 0.523 1.0 2.001 0.599 1.341
639.4 2.086 1.986 1.91 0.01 2.765 1.795 0.954 1.09 0.927 1.026 0.523 1.0 2.002 0.599 1.341
639.5 2.086 1.986 1.91 0.01 2.765 1.795 0.954 1.09 0.927 1.026 0.523 1.0 2.002 0.599 1.341
639.6 2.086 1.986 1.91 0.01 2.766 1.795 0.954 1.09 0.927 1.026 0.523 1.0 2.003 0.599 1.341
639.7 2.086 1.986 1.91 0.01 2.766 1.795 0.954 1.09 0.927 1.026 0.523 1.0 2.004 0.599 1.342
639.8 2.086 1.986 1.91 0.01 2.766 1.796 0.954 1.09 0.927 1.026 0.523 1.0 2.004 0.599 1.342
639.9 2.086 1.986 1.91 0.01 2.766 1.796 0.954 1.09 0.927 1.026 0.523 1.0 2.005 0.6 1.342
640.0 2.086 1.986 1.91 0.01 2.767 1.796 0.954 1.09 0.927 1.026 0.523 1.0 2.005 0.6 1.342
640.1 2.086 1.986 1.91 0.01 2.767 1.796 0.954 1.09 0.927 1.026 0.523 1.0 2.006 0.6 1.342
640.2 2.086 1.986 1.91 0.01 2.767 1.797 0.954 1.09 0.927 1.026 0.523 1.0 2.007 0.6 1.342
640.3 2.086 1.986 1.91 0.01 2.767 1.797 0.954 1.09 0.927 1.026 0.523 1.0 2.007 0.6 1.342
640.4 2.086 1.986 1.91 0.01 2.768 1.797 0.954 1.09 0.927 1.026 0.523 1.0 2.008 0.6 1.343
640.5 2.086 1.986 1.91 0.01 2.768 1.797 0.954 1.09 0.927 1.026 0.523 1.0 2.008 0.6 1.343
640.6 2.086 1.986 1.91 0.01 2.768 1.797 0.954 1.09 0.927 1.026 0.523 1.0 2.009 0.601 1.343
640.7 2.086 1.986 1.91 0.01 2.768 1.798 0.954 1.09 0.927 1.026 0.523 1.0 2.009 0.601 1.343
640.8 2.086 1.986 1.91 0.01 2.769 1.798 0.954 1.09 0.927 1.026 0.523 1.0 2.01 0.601 1.343
640.9 2.086 1.986 1.91 0.01 2.769 1.798 0.954 1.09 0.927 1.026 0.523 1.0 2.01 0.601 1.343
641.0 2.086 1.986 1.91 0.01 2.769 1.798 0.954 1.09 0.927 1.026 0.523 1.0 2.011 0.601 1.343
641.1 2.086 1.986 1.91 0.01 2.769 1.799 0.954 1.09 0.927 1.026 0.523 1.0 2.011 0.601 1.344
641.2 2.086 1.986 1.91 0.01 2.769 1.799 0.954 1.09 0.927 1.026 0.523 1.0 2.012 0.601 1.344
641.3 2.086 1.986 1.91 0.01 2.77 1.799 0.954 1.09 0.927 1.026 0.523 1.0 2.012 0.601 1.344
641.4 2.086 1.986 1.91 0.01 2.77 1.799 0.954 1.09 0.927 1.026 0.523 1.0 2.013 0.602 1.344
641.5 2.086 1.986 1.91 0.01 2.77 1.799 0.954 1.09 0.927 1.026 0.523 1.0 2.013 0.602 1.344
641.6 2.086 1.986 1.91 0.01 2.77 1.8 0.954 1.09 0.927 1.026 0.523 1.0 2.014 0.602 1.344
641.7 2.086 1.986 1.91 0.01 2.771 1.8 0.954 1.09 0.927 1.026 0.523 1.0 2.014 0.602 1.344
641.8 2.086 1.986 1.91 0.01 2.771 1.8 0.954 1.09 0.927 1.026 0.523 1.0 2.015 0.602 1.344
641.9 2.086 1.986 1.91 0.01 2.771 1.8 0.954 1.09 0.927 1.026 0.523 1.0 2.015 0.602 1.345
642.0 2.086 1.986 1.91 0.01 2.771 1.8 0.954 1.09 0.927 1.026 0.523 1.0 2.016 0.602 1.345
642.1 2.086 1.986 1.91 0.01 2.771 1.801 0.954 1.09 0.927 1.026 0.523 1.0 2.016 0.602 1.345
642.2 2.086 1.986 1.91 0.01 2.771 1.801 0.954 1.09 0.927 1.026 0.523 1.0 2.017 0.602 1.345
642.3 2.086 1.986 1.91 0.01 2.772 1.801 0.954 1.09 0.927 1.026 0.523 1.0 2.017 0.603 1.345
642.4 2.086 1.986 1.91 0.01 2.772 1.801 0.954 1.09 0.927 1.026 0.523 1.0 2.017 0.603 1.345
642.5 2.086 1.986 1.91 0.01 2.772 1.801 0.954 1.09 0.927 1.026 0.523 1.0 2.018 0.603 1.345
642.6 2.086 1.986 1.91 0.01 2.772 1.801 0.954 1.09 0.927 1.026 0.523 1.0 2.018 0.603 1.345
642.7 2.086 1.986 1.91 0.01 2.772 1.802 0.954 1.09 0.927 1.026 0.523 1.0 2.019 0.603 1.345
642.8 2.086 1.986 1.91 0.01 2.773 1.802 0.954 1.09 0.927 1.026 0.523 1.0 2.019 0.603 1.346
642.9 2.086 1.986 1.91 0.01 2.773 1.802 0.954 1.09 0.927 1.026 0.523 1.0 2.019 0.603 1.346
643.0 2.086 1.986 1.91 0.01 2.773 1.802 0.954 1.09 0.927 1.026 0.523 1.0 2.02 0.603 1.346
643.1 2.086 1.986 1.91 0.01 2.773 1.802 0.954 1.09 0.927 1.026 0.523 1.0 2.02 0.603 1.346
643.2 2.086 1.986 1.91 0.01 2.773 1.802 0.954 1.09 0.927 1.026 0.523 1.0 2.021 0.603 1.346
643.3 2.086 1.986 1.91 0.01 2.773 1.803 0.954 1.09 0.927 1.026 0.523 1.0 2.021 0.604 1.346
643.4 2.086 1.986 1.91 0.01 2.774 1.803 0.954 1.09 0.927 1.026 0.523 1.0 2.021 0.604 1.346
643.5 2.086 1.986 1.91 0.01 2.774 1.803 0.954 1.09 0.927 1.026 0.523 1.0 2.022 0.604 1.346
643.6 2.086 1.986 1.91 0.01 2.774 1.803 0.954 1.09 0.927 1.026 0.523 1.0 2.022 0.604 1.346
643.7 2.086 1.986 1.91 0.01 2.774 1.803 0.954 1.09 0.927 1.026 0.523 1.0 2.022 0.604 1.346
643.8 2.086 1.986 1.91 0.01 2.774 1.803 0.954 1.09 0.927 1.026 0.523 1.0 2.023 0.604 1.346
643.9 2.086 1.986 1.91 0.01 2.774 1.803 0.954 1.09 0.927 1.026 0.523 1.0 2.023 0.604 1.347
644.0 2.086 1.986 1.91 0.01 2.774 1.804 0.954 1.09 0.927 1.026 0.523 1.0 2.023 0.604 1.347
644.1 2.086 1.986 1.91 0.01 2.775 1.804 0.954 1.09 0.927 1.026 0.523 1.0 2.024 0.604 1.347
644.2 2.086 1.986 1.91 0.01 2.775 1.804 0.954 1.09 0.927 1.026 0.523 1.0 2.024 0.604 1.347
644.3 2.086 1.986 1.91 0.01 2.775 1.804 0.954 1.09 0.927 1.026 0.523 1.0 2.024 0.604 1.347
644.4 2.086 1.986 1.91 0.01 2.775 1.804 0.954 1.09 0.927 1.026 0.523 1.0 2.025 0.605 1.347
644.5 2.086 1.986 1.91 0.01 2.775 1.804 0.954 1.09 0.927 1.026 0.523 1.0 2.025 0.605 1.347
644.6 2.086 1.986 1.91 0.01 2.775 1.804 0.954 1.09 0.927 1.026 0.523 1.0 2.025 0.605 1.347
644.7 2.086 1.986 1.91 0.01 2.775 1.805 0.954 1.09 0.927 1.026 0.523 1.0 2.026 0.605 1.347
644.8 2.086 1.986 1.91 0.01 2.776 1.805 0.954 1.09 0.927 1.026 0.523 1.0 2.026 0.605 1.347
644.9 2.086 1.986 1.91 0.01 2.776 1.805 0.954 1.09 0.927 1.026 0.523 1.0 2.026 0.605 1.347
645.0 2.086 1.986 1.91 0.01 2.776 1.805 0.954 1.09 0.927 1.026 0.523 1.0 2.027 0.605 1.347
645.1 2.086 1.986 1.91 0.01 2.776 1.805 0.954 1.09 0.927 1.026 0.523 1.0 2.027 0.605 1.348
645.2 2.086 1.986 1.91 0.01 2.776 1.805 0.954 1.09 0.927 1.026 0.523 1.0 2.027 0.605 1.348
645.3 2.086 1.986 1.91 0.01 2.776 1.805 0.954 1.09 0.927 1.026 0.523 1.0 2.028 0.605 1.348
645.4 2.086 1.986 1.91 0.01 2.776 1.805 0.954 1.09 0.927 1.026 0.523 1.0 2.028 0.605 1.348
645.5 2.086 1.986 1.91 0.01 2.776 1.806 0.954 1.09 0.927 1.026 0.523 1.0 2.028 0.605 1.348
645.6 2.086 1.986 1.91 0.01 2.777 1.806 0.954 1.09 0.927 1.026 0.523 1.0 2.028 0.605 1.348
645.7 2.086 1.986 1.91 0.01 2.777 1.806 0.954 1.09 0.927 1.026 0.523 1.0 2.029 0.606 1.348
645.8 2.086 1.986 1.91 0.01 2.777 1.806 0.954 1.09 0.927 1.026 0.523 1.0 2.029 0.606 1.348
645.9 2.086 1.986 1.91 0.01 2.777 1.806 0.954 1.09 0.927 1.026 0.523 1.0 2.029 0.606 1.348
646.0 2.086 1.986 1.91 0.01 2.777 1.806 0.954 1.09 0.927 1.026 0.523 1.0 2.029 0.606 1.348
646.1 2.086 1.986 1.91 0.01 2.777 1.806 0.954 1.09 0.927 1.026 0.523 1.0 2.03 0.606 1.348
646.2 2.086 1.986 1.91 0.01 2.777 1.806 0.954 1.09 0.927 1.026 0.523 1.0 2.03 0.606 1.348
646.3 2.086 1.986 1.91 0.01 2.777 1.806 0.954 1.09 0.927 1.026 0.523 1.0 2.03 0.606 1.348
646.4 2.086 1.986 1.91 0.01 2.777 1.807 0.954 1.09 0.927 1.026 0.523 1.0 2.031 0.606 1.348
646.5 2.086 1.986 1.91 0.01 2.778 1.807 0.954 1.09 0.927 1.026 0.523 1.0 2.031 0.606 1.348
646.6 2.086 1.986 1.91 0.01 2.778 1.807 0.954 1.09 0.927 1.026 0.523 1.0 2.031 0.606 1.349
646.7 2.086 1.986 1.91 0.01 2.778 1.807 0.954 1.09 0.927 1.026 0.523 1.0 2.031 0.606 1.349
646.8 2.086 1.986 1.91 0.01 2.778 1.807 0.954 1.09 0.927 1.026 0.523 1.0 2.031 0.606 1.349
646.9 2.086 1.986 1.91 0.01 2.778 1.807 0.954 1.09 0.927 1.026 0.523 1.0 2.032 0.606 1.349
647.0 2.086 1.986 1.91 0.01 2.778 1.807 0.954 1.09 0.927 1.026 0.523 1.0 2.032 0.606 1.349
647.1 2.086 1.986 1.91 0.01 2.778 1.807 0.954 1.09 0.927 1.026 0.523 1.0 2.032 0.606 1.349
647.2 2.086 1.986 1.91 0.01 2.778 1.807 0.954 1.09 0.927 1.026 0.523 1.0 2.032 0.606 1.349
647.3 2.086 1.986 1.91 0.01 2.778 1.807 0.954 1.09 0.927 1.026 0.523 1.0 2.033 0.606 1.349
647.4 2.086 1.986 1.91 0.01 2.778 1.808 0.954 1.09 0.927 1.026 0.523 1.0 2.033 0.607 1.349
647.5 2.086 1.986 1.91 0.01 2.778 1.808 0.954 1.09 0.927 1.026 0.523 1.0 2.033 0.607 1.349
647.6 2.086 1.986 1.91 0.01 2.779 1.808 0.954 1.09 0.927 1.026 0.523 1.0 2.033 0.607 1.349
647.7 2.086 1.986 1.91 0.01 2.779 1.808 0.954 1.09 0.927 1.026 0.523 1.0 2.033 0.607 1.349
647.8 2.086 1.986 1.91 0.01 2.779 1.808 0.954 1.09 0.927 1.026 0.523 1.0 2.034 0.607 1.349
647.9 2.086 1.986 1.91 0.01 2.779 1.808 0.954 1.09 0.927 1.026 0.523 1.0 2.034 0.607 1.349
648.0 2.086 1.986 1.91 0.01 2.779 1.808 0.954 1.09 0.927 1.026 0.523 1.0 2.034 0.607 1.349
648.1 2.086 1.986 1.91 0.01 2.779 1.808 0.954 1.09 0.927 1.026 0.523 1.0 2.034 0.607 1.349
648.2 2.086 1.986 1.91 0.01 2.779 1.808 0.954 1.09 0.927 1.026 0.523 1.0 2.034 0.607 1.349
648.3 2.086 1.986 1.91 0.01 2.779 1.808 0.954 1.09 0.927 1.026 0.523 1.0 2.035 0.607 1.349
648.4 2.086 1.986 1.91 0.01 2.779 1.808 0.954 1.09 0.927 1.026 0.523 1.0 2.035 0.607 1.35
648.5 2.086 1.986 1.91 0.01 2.779 1.808 0.954 1.09 0.927 1.026 0.523 1.0 2.035 0.607 1.35
648.6 2.086 1.986 1.91 0.01 2.779 1.809 0.954 1.09 0.927 1.026 0.523 1.0 2.035 0.607 1.35
648.7 2.086 1.986 1.91 0.01 2.779 1.809 0.954 1.09 0.927 1.026 0.523 1.0 2.035 0.607 1.35
648.8 2.086 1.986 1.91 0.01 2.78 1.809 0.954 1.09 0.927 1.026 0.523 1.0 2.036 0.607 1.35
648.9 2.086 1.986 1.91 0.01 2.78 1.809 0.954 1.09 0.927 1.026 0.523 1.0 2.036 0.607 1.35
649.0 2.086 1.986 1.91 0.01 2.78 1.809 0.954 1.09 0.927 1.026 0.523 1.0 2.036 0.607 1.35
649.1 2.086 1.986 1.91 0.01 2.78 1.809 0.954 1.09 0.927 1.026 0.523 1.0 2.036 0.607 1.35
649.2 2.086 1.986 1.91 0.01 2.78 1.809 0.954 1.09 0.927 1.026 0.523 1.0 2.036 0.607 1.35
649.3 2.086 1.986 1.91 0.01 2.78 1.809 0.954 1.09 0.927 1.026 0.523 1.0 2.036 0.607 1.35
649.4 2.086 1.986 1.91 0.01 2.78 1.809 0.954 1.09 0.927 1.026 0.523 1.0 2.037 0.607 1.35
649.5 2.086 1.986 1.91 0.01 2.78 1.809 0.954 1.09 0.927 1.026 0.523 1.0 2.037 0.608 1.35
649.6 2.086 1.986 1.91 0.01 2.78 1.809 0.954 1.09 0.927 1.026 0.523 1.0 2.037 0.608 1.35
649.7 2.086 1.986 1.91 0.01 2.78 1.809 0.954 1.09 0.927 1.026 0.523 1.0 2.037 0.608 1.35
649.8 2.086 1.986 1.91 0.01 2.78 1.809 0.954 1.09 0.927 1.026 0.523 1.0 2.037 0.608 1.35
649.9 2.086 1.986 1.91 0.01 2.78 1.809 0.954 1.09 0.927 1.026 0.523 1.0 2.037 0.608 1.35
650.0 2.086 1.986 1.91 0.01 2.78 1.81 0.954 1.09 0.927 1.026 0.523 1.0 2.038 0.608 1.35
650.1 2.086 1.986 1.91 0.01 2.78 1.81 0.954 1.09 0.927 1.026 0.523 1.0 2.038 0.608 1.35
650.2 2.086 1.986 1.91 0.01 2.781 1.81 0.954 1.09 0.927 1.026 0.523 1.0 2.038 0.608 1.35
650.3 2.086 1.986 1.91 0.01 2.781 1.81 0.954 1.09 0.927 1.026 0.523 1.0 2.038 0.608 1.35
650.4 2.086 1.986 1.91 0.01 2.781 1.81 0.954 1.09 0.927 1.026 0.523 1.0 2.038 0.608 1.35
650.5 2.086 1.986 1.91 0.01 2.781 1.81 0.954 1.09 0.927 1.026 0.523 1.0 2.038 0.608 1.35
650.6 2.086 1.986 1.91 0.01 2.781 1.81 0.954 1.09 0.927 1.026 0.523 1.0 2.038 0.608 1.35
650.7 2.086 1.986 1.91 0.01 2.781 1.81 0.954 1.09 0.927 1.026 0.523 1.0 2.039 0.608 1.35
650.8 2.086 1.986 1.91 0.01 2.781 1.81 0.954 1.09 0.927 1.026 0.523 1.0 2.039 0.608 1.351
650.9 2.086 1.986 1.91 0.01 2.781 1.81 0.954 1.09 0.927 1.026 0.523 1.0 2.039 0.608 1.351
651.0 2.086 1.986 1.91 0.01 2.781 1.81 0.954 1.09 0.927 1.026 0.523 1.0 2.039 0.608 1.351
651.1 2.086 1.986 1.91 0.01 2.781 1.81 0.954 1.09 0.927 1.026 0.523 1.0 2.039 0.608 1.351
651.2 2.086 1.986 1.91 0.01 2.781 1.81 0.954 1.09 0.927 1.026 0.523 1.0 2.039 0.608 1.351
651.3 2.086 1.986 1.91 0.01 2.781 1.81 0.954 1.09 0.927 1.026 0.523 1.0 2.039 0.608 1.351
651.4 2.086 1.986 1.91 0.01 2.781 1.81 0.954 1.09 0.927 1.026 0.523 1.0 2.04 0.608 1.351
651.5 2.086 1.986 1.91 0.01 2.781 1.81 0.954 1.09 0.927 1.026 0.523 1.0 2.04 0.608 1.351
651.6 2.086 1.986 1.91 0.01 2.781 1.81 0.954 1.09 0.927 1.026 0.523 1.0 2.04 0.608 1.351
651.7 2.086 1.986 1.91 0.01 2.781 1.811 0.954 1.09 0.927 1.026 0.523 1.0 2.04 0.608 1.351
651.8 2.086 1.986 1.91 0.01 2.781 1.811 0.954 1.09 0.927 1.026 0.523 1.0 2.04 0.608 1.351
651.9 2.086 1.986 1.91 0.01 2.782 1.811 0.954 1.09 0.927 1.026 0.523 1.0 2.04 0.608 1.351
652.0 2.086 1.986 1.91 0.01 2.782 1.811 0.954 1.09 0.927 1.026 0.523 1.0 2.04 0.608 1.351
652.1 2.086 1.986 1.91 0.01 2.782 1.811 0.954 1.09 0.927 1.026 0.523 1.0 2.04 0.608 1.351
652.2 2.086 1.986 1.91 0.01 2.782 1.811 0.954 1.09 0.927 1.026 0.523 1.0 2.041 0.608 1.351
652.3 2.086 1.986 1.91 0.01 2.782 1.811 0.954 1.09 0.927 1.026 0.523 1.0 2.041 0.608 1.351
652.4 2.086 1.986 1.91 0.01 2.782 1.811 0.954 1.09 0.927 1.026 0.523 1.0 2.041 0.608 1.351
652.5 2.086 1.986 1.91 0.01 2.782 1.811 0.954 1.09 0.927 1.026 0.523 1.0 2.041 0.609 1.351
652.6 2.086 1.986 1.91 0.01 2.782 1.811 0.954 1.09 0.927 1.026 0.523 1.0 2.041 0.609 1.351
652.7 2.086 1.986 1.91 0.01 2.782 1.811 0.954 1.09 0.927 1.026 0.523 1.0 2.041 0.609 1.351
652.8 2.086 1.986 1.91 0.01 2.782 1.811 0.954 1.09 0.927 1.026 0.523 1.0 2.041 0.609 1.351
652.9 2.086 1.986 1.91 0.01 2.782 1.811 0.954 1.09 0.927 1.026 0.523 1.0 2.041 0.609 1.351
653.0 2.086 1.986 1.91 0.01 2.782 1.811 0.954 1.09 0.927 1.026 0.523 1.0 2.041 0.609 1.351
653.1 2.086 1.986 1.91 0.01 2.782 1.811 0.954 1.09 0.927 1.026 0.523 1.0 2.041 0.609 1.351
653.2 2.086 1.986 1.91 0.01 2.782 1.811 0.954 1.09 0.927 1.026 0.523 1.0 2.042 0.609 1.351
653.3 2.086 1.986 1.91 0.01 2.782 1.811 0.954 1.09 0.927 1.026 0.523 1.0 2.042 0.609 1.351
653.4 2.086 1.986 1.91 0.01 2.782 1.811 0.954 1.09 0.927 1.026 0.523 1.0 2.042 0.609 1.351
653.5 2.086 1.986 1.91 0.01 2.782 1.811 0.954 1.09 0.927 1.026 0.523 1.0 2.042 0.609 1.351
653.6 2.086 1.986 1.91 0.01 2.782 1.811 0.954 1.09 0.927 1.026 0.523 1.0 2.042 0.609 1.351
653.7 2.086 1.986 1.91 0.01 2.782 1.811 0.954 1.09 0.927 1.026 0.523 1.0 2.042 0.609 1.351
653.8 2.086 1.986 1.91 0.01 2.782 1.811 0.954 1.09 0.927 1.026 0.523 1.0 2.042 0.609 1.351
653.9 2.086 1.986 1.91 0.01 2.782 1.812 0.954 1.09 0.927 1.026 0.523 1.0 2.042 0.609 1.351
654.0 2.086 1.986 1.91 0.01 2.782 1.812 0.954 1.09 0.927 1.026 0.523 1.0 2.042 0.609 1.351
654.1 2.086 1.986 1.91 0.01 2.782 1.812 0.954 1.09 0.927 1.026 0.523 1.0 2.042 0.609 1.351
654.2 2.086 1.986 1.91 0.01 2.783 1.812 0.954 1.09 0.927 1.026 0.523 1.0 2.043 0.609 1.351
654.3 2.086 1.986 1.91 0.01 2.783 1.812 0.954 1.09 0.927 1.026 0.523 1.0 2.043 0.609 1.351
654.4 2.086 1.986 1.91 0.01 2.783 1.812 0.954 1.09 0.927 1.026 0.523 1.0 2.043 0.609 1.351
654.5 2.086 1.986 1.91 0.01 2.783 1.812 0.954 1.09 0.927 1.026 0.523 1.0 2.043 0.609 1.352
654.6 2.086 1.986 1.91 0.01 2.783 1.812 0.954 1.09 0.927 1.026 0.523 1.0 2.043 0.609 1.352
654.7 2.086 1.986 1.91 0.01 2.783 1.812 0.954 1.09 0.927 1.026 0.523 1.0 2.043 0.609 1.352
654.8 2.086 1.986 1.91 0.01 2.783 1.812 0.954 1.09 0.927 1.026 0.523 1.0 2.043 0.609 1.352
654.9 2.086 1.986 1.91 0.01 2.783 1.812 0.954 1.09 0.927 1.026 0.523 1.0 2.043 0.609 1.352
655.0 2.086 1.986 1.91 0.01 2.783 1.812 0.954 1.09 0.927 1.026 0.523 1.0 2.043 0.609 1.352
655.1 2.086 1.986 1.91 0.01 2.783 1.812 0.954 1.09 0.927 1.026 0.523 1.0 2.043 0.609 1.352
655.2 2.086 1.986 1.91 0.01 2.783 1.812 0.954 1.09 0.927 1.026 0.523 1.0 2.043 0.609 1.352
655.3 2.086 1.986 1.91 0.01 2.783 1.812 0.954 1.09 0.927 1.026 0.523 1.0 2.043 0.609 1.352
655.4 2.086 1.986 1.91 0.01 2.783 1.812 0.954 1.09 0.927 1.026 0.523 1.0 2.043 0.609 1.352
655.5 2.086 1.986 1.91 0.01 2.783 1.812 0.954 1.09 0.927 1.026 0.523 1.0 2.044 0.609 1.352
655.6 2.086 1.986 1.91 0.01 2.783 1.812 0.954 1.09 0.927 1.026 0.523 1.0 2.044 0.609 1.352
655.7 2.086 1.986 1.91 0.01 2.783 1.812 0.954 1.09 0.927 1.026 0.523 1.0 2.044 0.609 1.352
655.8 2.086 1.986 1.91 0.01 2.783 1.812 0.954 1.09 0.927 1.026 0.523 1.0 2.044 0.609 1.352
655.9 2.086 1.986 1.91 0.01 2.783 1.812 0.954 1.09 0.927 1.026 0.523 1.0 2.044 0.609 1.352
656.0 2.086 1.986 1.91 0.01 2.783 1.812 0.954 1.09 0.927 1.026 0.523 1.0 2.044 0.609 1.352
656.1 2.086 1.986 1.91 0.01 2.783 1.812 0.954 1.09 0.927 1.026 0.523 1.0 2.044 0.609 1.352
656.2 2.086 1.986 1.91 0.01 2.783 1.812 0.954 1.09 0.927 1.026 0.523 1.0 2.044 0.609 1.352
656.3 2.086 1.986 1.91 0.01 2.783 1.812 0.954 1.09 0.927 1.026 0.523 1.0 2.044 0.609 1.352
656.4 2.086 1.986 1.91 0.01 2.783 1.812 0.954 1.09 0.927 1.026 0.523 1.0 2.044 0.609 1.352
656.5 2.086 1.986 1.91 0.01 2.783 1.812 0.954 1.09 0.927 1.026 0.523 1.0 2.044 0.609 1.352
656.6 2.086 1.986 1.91 0.01 2.783 1.812 0.954 1.09 0.927 1.026 0.523 1.0 2.044 0.609 1.352
656.7 2.086 1.986 1.91 0.01 2.783 1.812 0.954 1.09 0.927 1.026 0.523 1.0 2.044 0.609 1.352
656.8 2.086 1.986 1.91 0.01 2.783 1.812 0.954 1.09 0.927 1.026 0.523 1.0 2.044 0.609 1.352
656.9 2.086 1.986 1.91 0.01 2.783 1.812 0.954 1.09 0.927 1.026 0.523 1.0 2.044 0.609 1.352
657.0 2.086 1.986 1.91 0.01 2.783 1.812 0.954 1.09 0.927 1.026 0.523 1.0 2.045 0.609 1.352
657.1 2.086 1.986 1.91 0.01 2.783 1.812 0.954 1.09 0.927 1.026 0.523 1.0 2.045 0.609 1.352
657.2 2.086 1.986 1.91 0.01 2.783 1.813 0.954 1.09 0.927 1.026 0.523 1.0 2.045 0.609 1.352
657.3 2.086 1.986 1.91 0.01 2.783 1.813 0.954 1.09 0.927 1.026 0.523 1.0 2.045 0.609 1.352
657.4 2.086 1.986 1.91 0.01 2.783 1.813 0.954 1.09 0.927 1.026 0.523 1.0 2.045 0.609 1.352
657.5 2.086 1.986 1.91 0.01 2.784 1.813 0.954 1.09 0.927 1.026 0.523 1.0 2.045 0.61 1.352
657.6 2.086 1.986 1.91 0.01 2.784 1.813 0.954 1.09 0.927 1.026 0.523 1.0 2.045 0.61 1.352
657.7 2.086 1.986 1.91 0.01 2.784 1.813 0.954 1.09 0.927 1.026 0.523 1.0 2.045 0.61 1.352
657.8 2.086 1.986 1.91 0.01 2.784 1.813 0.954 1.09 0.927 1.026 0.523 1.0 2.045 0.61 1.352
657.9 2.086 1.986 1.91 0.01 2.784 1.813 0.954 1.09 0.927 1.026 0.523 1.0 2.045 0.61 1.352
658.0 2.086 1.986 1.91 0.01 2.784 1.813 0.954 1.09 0.927 1.026 0.523 1.0 2.045 0.61 1.352
658.1 2.086 1.986 1.91 0.01 2.784 1.813 0.954 1.09 0.927 1.026 0.523 1.0 2.045 0.61 1.352
658.2 2.086 1.986 1.91 0.01 2.784 1.813 0.954 1.09 0.927 1.026 0.523 1.0 2.045 0.61 1.352
658.3 2.086 1.986 1.91 0.01 2.784 1.813 0.954 1.09 0.927 1.026 0.523 1.0 2.045 0.61 1.352
658.4 2.086 1.986 1.91 0.01 2.784 1.813 0.954 1.09 0.927 1.026 0.523 1.0 2.045 0.61 1.352
658.5 2.086 1.986 1.91 0.01 2.784 1.813 0.954 1.09 0.927 1.026 0.523 1.0 2.045 0.61 1.352
658.6 2.086 1.986 1.91 0.01 2.784 1.813 0.954 1.09 0.927 1.026 0.523 1.0 2.045 0.61 1.352
658.7 2.086 1.986 1.91 0.01 2.784 1.813 0.954 1.09 0.927 1.026 0.523 1.0 2.045 0.61 1.352
658.8 2.086 1.986 1.91 0.01 2.784 1.813 0.954 1.09 0.927 1.026 0.523 1.0 2.045 0.61 1.352
658.9 2.086 1.986 1.91 0.01 2.784 1.813 0.954 1.09 0.927 1.026 0.523 1.0 2.046 0.61 1.352
659.0 2.086 1.986 1.91 0.01 2.784 1.813 0.954 1.09 0.927 1.026 0.523 1.0 2.046 0.61 1.352
659.1 2.086 1.986 1.91 0.01 2.784 1.813 0.954 1.09 0.927 1.026 0.523 1.0 2.046 0.61 1.352
659.2 2.086 1.986 1.91 0.01 2.784 1.813 0.954 1.09 0.927 1.026 0.523 1.0 2.046 0.61 1.352
659.3 2.086 1.986 1.91 0.01 2.784 1.813 0.954 1.09 0.927 1.026 0.523 1.0 2.046 0.61 1.352
659.4 2.086 1.986 1.91 0.01 2.784 1.813 0.954 1.09 0.927 1.026 0.523 1.0 2.046 0.61 1.352
659.5 2.086 1.986 1.91 0.01 2.784 1.813 0.954 1.09 0.927 1.026 0.523 1.0 2.046 0.61 1.352
659.6 2.086 1.986 1.91 0.01 2.784 1.813 0.954 1.09 0.927 1.026 0.523 1.0 2.046 0.61 1.352
659.7 2.086 1.986 1.91 0.01 2.784 1.813 0.954 1.09 0.927 1.026 0.523 1.0 2.046 0.61 1.352
659.8 2.086 1.986 1.91 0.01 2.784 1.813 0.954 1.09 0.927 1.026 0.523 1.0 2.046 0.61 1.352
659.9 2.086 1.986 1.91 0.01 2.784 1.813 0.954 1.09 0.927 1.026 0.523 1.0 2.046 0.61 1.352
660.0 2.086 1.986 1.91 0.01 2.784 1.813 0.954 1.09 0.927 1.026 0.523 1.0 2.046 0.61 1.352
660.1 2.086 1.986 1.91 0.01 2.784 1.813 0.954 1.09 0.927 1.026 0.523 1.0 2.046 0.61 1.352
660.2 2.086 1.986 1.91 0.01 2.784 1.813 0.954 1.09 0.927 1.026 0.523 1.0 2.046 0.61 1.352
660.3 2.086 1.986 1.91 0.01 2.784 1.813 0.954 1.09 0.927 1.026 0.523 1.0 2.046 0.61 1.352
660.4 2.086 1.986 1.91 0.01 2.784 1.813 0.954 1.09 0.927 1.026 0.523 1.0 2.046 0.61 1.352
660.5 2.086 1.986 1.91 0.01 2.784 1.813 0.954 1.09 0.927 1.026 0.523 1.0 2.046 0.61 1.352
660.6 2.086 1.986 1.91 0.01 2.784 1.813 0.954 1.09 0.927 1.026 0.523 1.0 2.046 0.61 1.352
660.7 2.086 1.986 1.91 0.01 2.784 1.813 0.954 1.09 0.927 1.026 0.523 1.0 2.046 0.61 1.352
660.8 2.086 1.986 1.91 0.01 2.784 1.813 0.954 1.09 0.927 1.026 0.523 1.0 2.046 0.61 1.352
660.9 2.086 1.986 1.91 0.01 2.784 1.813 0.954 1.09 0.927 1.026 0.523 1.0 2.046 0.61 1.352
661.0 2.086 1.986 1.91 0.01 2.784 1.813 0.954 1.09 0.927 1.026 0.523 1.0 2.046 0.61 1.352
661.1 2.086 1.986 1.91 0.01 2.784 1.813 0.954 1.09 0.927 1.026 0.523 1.0 2.046 0.61 1.352
661.2 2.086 1.986 1.91 0.01 2.784 1.813 0.954 1.09 0.927 1.026 0.523 1.0 2.046 0.61 1.352
661.3 2.086 1.986 1.91 0.01 2.784 1.813 0.954 1.09 0.927 1.026 0.523 1.0 2.046 0.61 1.352
661.4 2.086 1.986 1.91 0.01 2.784 1.813 0.954 1.09 0.927 1.026 0.523 1.0 2.047 0.61 1.352
661.5 2.086 1.986 1.91 0.01 2.784 1.813 0.954 1.09 0.927 1.026 0.523 1.0 2.047 0.61 1.352
661.6 2.086 1.986 1.91 0.01 2.784 1.813 0.954 1.09 0.927 1.026 0.523 1.0 2.047 0.61 1.352
661.7 2.086 1.986 1.91 0.01 2.784 1.813 0.954 1.09 0.927 1.026 0.523 1.0 2.047 0.61 1.352
661.8 2.086 1.986 1.91 0.01 2.784 1.813 0.954 1.09 0.927 1.026 0.523 1.0 2.047 0.61 1.352
661.9 2.086 1.986 1.91 0.01 2.784 1.813 0.954 1.09 0.927 1.026 0.523 1.0 2.047 0.61 1.352
662.0 2.086 1.986 1.91 0.01 2.784 1.813 0.954 1.09 0.927 1.026 0.523 1.0 2.047 0.61 1.352
662.1 2.086 1.986 1.91 0.01 2.784 1.813 0.954 1.09 0.927 1.026 0.523 1.0 2.047 0.61 1.353
662.2 2.086 1.986 1.91 0.01 2.784 1.813 0.954 1.09 0.927 1.026 0.523 1.0 2.047 0.61 1.353
662.3 2.086 1.986 1.91 0.01 2.784 1.813 0.954 1.09 0.927 1.026 0.523 1.0 2.047 0.61 1.353
662.4 2.086 1.986 1.91 0.01 2.784 1.813 0.954 1.09 0.927 1.026 0.523 1.0 2.047 0.61 1.353
662.5 2.086 1.986 1.91 0.01 2.784 1.813 0.954 1.09 0.927 1.026 0.523 1.0 2.047 0.61 1.353
662.6 2.086 1.986 1.91 0.01 2.784 1.813 0.954 1.09 0.927 1.026 0.523 1.0 2.047 0.61 1.353
662.7 2.086 1.986 1.91 0.01 2.784 1.813 0.954 1.09 0.927 1.026 0.523 1.0 2.047 0.61 1.353
662.8 2.086 1.986 1.91 0.01 2.784 1.813 0.954 1.09 0.927 1.026 0.523 1.0 2.047 0.61 1.353
662.9 2.086 1.986 1.91 0.01 2.784 1.813 0.954 1.09 0.927 1.026 0.523 1.0 2.047 0.61 1.353
663.0 2.086 1.986 1.91 0.01 2.784 1.814 0.954 1.09 0.927 1.026 0.523 1.0 2.047 0.61 1.353
663.1 2.086 1.986 1.91 0.01 2.784 1.814 0.954 1.09 0.927 1.026 0.523 1.0 2.047 0.61 1.353
663.2 2.086 1.986 1.91 0.01 2.784 1.814 0.954 1.09 0.927 1.026 0.523 1.0 2.047 0.61 1.353
663.3 2.086 1.986 1.91 0.01 2.784 1.814 0.954 1.09 0.927 1.026 0.523 1.0 2.047 0.61 1.353
663.4 2.086 1.986 1.91 0.01 2.784 1.814 0.954 1.09 0.927 1.026 0.523 1.0 2.047 0.61 1.353
663.5 2.086 1.986 1.91 0.01 2.784 1.814 0.954 1.09 0.927 1.026 0.523 1.0 2.047 0.61 1.353
663.6 2.086 1.986 1.91 0.01 2.784 1.814 0.954 1.09 0.927 1.026 0.523 1.0 2.047 0.61 1.353
663.7 2.086 1.986 1.91 0.01 2.785 1.814 0.954 1.09 0.927 1.026 0.523 1.0 2.047 0.61 1.353
663.8 2.086 1.986 1.91 0.01 2.785 1.814 0.954 1.09 0.927 1.026 0.523 1.0 2.047 0.61 1.353
663.9 2.086 1.986 1.91 0.01 2.785 1.814 0.954 1.09 0.927 1.026 0.523 1.0 2.047 0.61 1.353
664.0 2.086 1.986 1.91 0.01 2.785 1.814 0.954 1.09 0.927 1.026 0.523 1.0 2.047 0.61 1.353
664.1 2.086 1.986 1.91 0.01 2.785 1.814 0.954 1.09 0.927 1.026 0.523 1.0 2.047 0.61 1.353
664.2 2.086 1.986 1.91 0.01 2.785 1.814 0.954 1.09 0.927 1.026 0.523 1.0 2.047 0.61 1.353
664.3 2.086 1.986 1.91 0.01 2.785 1.814 0.954 1.09 0.927 1.026 0.523 1.0 2.047 0.61 1.353
664.4 2.086 1.986 1.91 0.01 2.785 1.814 0.954 1.09 0.927 1.026 0.523 1.0 2.047 0.61 1.353
664.5 2.086 1.986 1.91 0.01 2.785 1.814 0.954 1.09 0.927 1.026 0.523 1.0 2.047 0.61 1.353
664.6 2.086 1.986 1.91 0.01 2.785 1.814 0.954 1.09 0.927 1.026 0.523 1.0 2.047 0.61 1.353
664.7 2.086 1.986 1.91 0.01 2.785 1.814 0.954 1.09 0.927 1.026 0.523 1.0 2.047 0.61 1.353
664.8 2.086 1.986 1.91 0.01 2.785 1.814 0.954 1.09 0.927 1.026 0.523 1.0 2.047 0.61 1.353
664.9 2.086 1.986 1.91 0.01 2.785 1.814 0.954 1.09 0.927 1.026 0.523 1.0 2.047 0.61 1.353
665.0 2.086 1.986 1.91 0.01 2.785 1.814 0.954 1.09 0.927 1.026 0.523 1.0 2.047 0.61 1.353
665.1 2.086 1.986 1.91 0.01 2.785 1.814 0.954 1.09 0.927 1.026 0.523 1.0 2.047 0.61 1.353
665.2 2.086 1.986 1.91 0.01 2.785 1.814 0.954 1.09 0.927 1.026 0.523 1.0 2.048 0.61 1.353
665.3 2.086 1.986 1.91 0.01 2.785 1.814 0.954 1.09 0.927 1.026 0.523 1.0 2.048 0.61 1.353
665.4 2.086 1.986 1.91 0.01 2.785 1.814 0.954 1.09 0.927 1.026 0.523 1.0 2.048 0.61 1.353
665.5 2.086 1.986 1.91 0.01 2.785 1.814 0.954 1.09 0.927 1.026 0.523 1.0 2.048 0.61 1.353
665.6 2.086 1.986 1.91 0.01 2.785 1.814 0.954 1.09 0.927 1.026 0.523 1.0 2.048 0.61 1.353
665.7 2.086 1.986 1.91 0.01 2.785 1.814 0.954 1.09 0.927 1.026 0.523 1.0 2.048 0.61 1.353
665.8 2.086 1.986 1.91 0.01 2.785 1.814 0.954 1.09 0.927 1.026 0.523 1.0 2.048 0.61 1.353
665.9 2.086 1.986 1.91 0.01 2.785 1.814 0.954 1.09 0.927 1.026 0.523 1.0 2.048 0.61 1.353
666.0 2.086 1.986 1.91 0.01 2.785 1.814 0.954 1.09 0.927 1.026 0.523 1.0 2.048 0.61 1.353
666.1 2.086 1.986 1.91 0.01 2.785 1.814 0.954 1.09 0.927 1.026 0.523 1.0 2.048 0.61 1.353
666.2 2.086 1.986 1.91 0.01 2.785 1.814 0.954 1.09 0.927 1.026 0.523 1.0 2.048 0.61 1.353
666.3 2.086 1.986 1.91 0.01 2.785 1.814 0.954 1.09 0.927 1.026 0.523 1.0 2.048 0.61 1.353
666.4 2.086 1.986 1.91 0.01 2.785 1.814 0.954 1.09 0.927 1.026 0.523 1.0 2.048 0.61 1.353
666.5 2.086 1.986 1.91 0.01 2.785 1.814 0.954 1.09 0.927 1.026 0.523 1.0 2.048 0.61 1.353
666.6 2.086 1.986 1.91 0.01 2.785 1.814 0.954 1.09 0.927 1.026 0.523 1.0 2.048 0.61 1.353
666.7 2.086 1.986 1.91 0.01 2.785 1.814 0.954 1.09 0.927 1.026 0.523 1.0 2.048 0.61 1.353
666.8 2.086 1.986 1.91 0.01 2.785 1.814 0.954 1.09 0.927 1.026 0.523 1.0 2.048 0.61 1.353
666.9 2.086 1.986 1.91 0.01 2.785 1.814 0.954 1.09 0.927 1.026 0.523 1.0 2.048 0.61 1.353
667.0 2.086 1.986 1.91 0.01 2.785 1.814 0.954 1.09 0.927 1.026 0.523 1.0 2.048 0.61 1.353
667.1 2.086 1.986 1.91 0.01 2.785 1.814 0.954 1.09 0.927 1.026 0.523 1.0 2.048 0.61 1.353
667.2 2.086 1.986 1.91 0.01 2.785 1.814 0.954 1.09 0.927 1.026 0.523 1.0 2.048 0.61 1.353
667.3 2.086 1.986 1.91 0.01 2.785 1.814 0.954 1.09 0.927 1.026 0.523 1.0 2.048 0.61 1.353
667.4 2.086 1.986 1.91 0.01 2.785 1.814 0.954 1.09 0.927 1.026 0.523 1.0 2.048 0.61 1.353
667.5 2.086 1.986 1.91 0.01 2.785 1.814 0.954 1.09 0.927 1.026 0.523 1.0 2.048 0.61 1.353
667.6 2.086 1.986 1.91 0.01 2.785 1.814 0.954 1.09 0.927 1.026 0.523 1.0 2.048 0.61 1.353
667.7 2.086 1.986 1.91 0.01 2.785 1.814 0.954 1.09 0.927 1.026 0.523 1.0 2.048 0.61 1.353
667.8 2.086 1.986 1.91 0.01 2.785 1.814 0.954 1.09 0.927 1.026 0.523 1.0 2.048 0.61 1.353
667.9 2.086 1.986 1.91 0.01 2.785 1.814 0.954 1.09 0.927 1.026 0.523 1.0 2.048 0.61 1.353
668.0 2.086 1.986 1.91 0.01 2.785 1.814 0.954 1.09 0.927 1.026 0.523 1.0 2.048 0.61 1.353
668.1 2.086 1.986 1.91 0.01 2.785 1.814 0.954 1.09 0.927 1.026 0.523 1.0 2.048 0.61 1.353
668.2 2.086 1.986 1.91 0.01 2.785 1.814 0.954 1.09 0.927 1.026 0.523 1.0 2.048 0.61 1.353
668.3 2.086 1.986 1.91 0.01 2.785 1.814 0.954 1.09 0.927 1.026 0.523 1.0 2.048 0.61 1.353
668.4 2.086 1.986 1.91 0.01 2.785 1.814 0.954 1.09 0.927 1.026 0.523 1.0 2.048 0.61 1.353
668.5 2.086 1.986 1.91 0.01 2.785 1.814 0.954 1.09 0.927 1.026 0.523 1.0 2.048 0.61 1.353
668.6 2.086 1.986 1.91 0.01 2.785 1.814 0.954 1.09 0.927 1.026 0.523 1.0 2.048 0.61 1.353
668.7 2.086 1.986 1.91 0.01 2.785 1.814 0.954 1.09 0.927 1.026 0.523 1.0 2.048 0.61 1.353
668.8 2.086 1.986 1.91 0.01 2.785 1.814 0.954 1.09 0.927 1.026 0.523 1.0 2.048 0.61 1.353
668.9 2.086 1.986 1.91 0.01 2.785 1.814 0.954 1.09 0.927 1.026 0.523 1.0 2.048 0.61 1.353
669.0 2.086 1.986 1.91 0.01 2.785 1.814 0.954 1.09 0.927 1.026 0.523 1.0 2.048 0.61 1.353
669.1 2.086 1.986 1.91 0.01 2.785 1.814 0.954 1.09 0.927 1.026 0.523 1.0 2.048 0.61 1.353
669.2 2.086 1.986 1.91 0.01 2.785 1.814 0.954 1.09 0.927 1.026 0.523 1.0 2.048 0.61 1.353
669.3 2.086 1.986 1.91 0.01 2.785 1.814 0.954 1.09 0.927 1.026 0.523 1.0 2.048 0.61 1.353
669.4 2.086 1.986 1.91 0.01 2.785 1.814 0.954 1.09 0.927 1.026 0.523 1.0 2.048 0.61 1.353
669.5 2.086 1.986 1.91 0.01 2.785 1.814 0.954 1.09 0.927 1.026 0.523 1.0 2.048 0.61 1.353
669.6 2.086 1.986 1.91 0.01 2.785 1.814 0.954 1.09 0.927 1.026 0.523 1.0 2.048 0.61 1.353
669.7 2.086 1.986 1.91 0.01 2.785 1.814 0.954 1.09 0.927 1.026 0.523 1.0 2.048 0.61 1.353
669.8 2.086 1.986 1.91 0.01 2.785 1.814 0.954 1.09 0.927 1.026 0.523 1.0 2.048 0.61 1.353
669.9 2.086 1.986 1.91 0.01 2.785 1.814 0.954 1.09 0.927 1.026 0.523 1.0 2.048 0.61 1.353
670.0 2.086 1.986 1.91 0.01 2.785 1.814 0.954 1.09 0.927 1.026 0.523 1.0 2.048 0.61 1.353
670.1 2.086 1.986 1.91 0.01 2.785 1.814 0.954 1.09 0.927 1.026 0.523 1.0 2.048 0.61 1.353
670.2 2.086 1.986 1.91 0.01 2.785 1.814 0.954 1.09 0.927 1.026 0.523 1.0 2.048 0.61 1.353
670.3 2.086 1.986 1.91 0.01 2.785 1.814 0.954 1.09 0.927 1.026 0.523 1.0 2.048 0.61 1.353
670.4 2.086 1.986 1.91 0.01 2.785 1.814 0.954 1.09 0.927 1.026 0.523 1.0 2.048 0.61 1.353
670.5 2.086 1.986 1.91 0.01 2.785 1.814 0.954 1.09 0.927 1.026 0.523 1.0 2.048 0.61 1.353
670.6 2.086 1.986 1.91 0.01 2.785 1.814 0.954 1.09 0.927 1.026 0.523 1.0 2.048 0.61 1.353
670.7 2.086 1.986 1.91 0.01 2.785 1.814 0.954 1.09 0.927 1.026 0.523 1.0 2.048 0.61 1.353
670.8 2.086 1.986 1.91 0.01 2.785 1.814 0.954 1.09 0.927 1.026 0.523 1.0 2.048 0.61 1.353
670.9 2.086 1.986 1.91 0.01 2.785 1.814 0.954 1.09 0.927 1.026 0.523 1.0 2.048 0.61 1.353
671.0 2.086 1.986 1.91 0.01 2.785 1.814 0.954 1.09 0.927 1.026 0.523 1.0 2.048 0.61 1.353
671.1 2.086 1.986 1.91 0.01 2.785 1.814 0.954 1.09 0.927 1.026 0.523 1.0 2.048 0.61 1.353
671.2 2.086 1.986 1.91 0.01 2.785 1.814 0.954 1.09 0.927 1.026 0.523 1.0 2.048 0.61 1.353
671.3 2.086 1.986 1.91 0.01 2.785 1.814 0.954 1.09 0.927 1.026 0.523 1.0 2.048 0.61 1.353
671.4 2.086 1.986 1.91 0.01 2.785 1.814 0.954 1.09 0.927 1.026 0.523 1.0 2.048 0.61 1.353
671.5 2.086 1.986 1.91 0.01 2.785 1.814 0.954 1.09 0.927 1.026 0.523 1.0 2.048 0.61 1.353
671.6 2.086 1.986 1.91 0.01 2.785 1.814 0.954 1.09 0.927 1.026 0.523 1.0 2.048 0.61 1.353
671.7 2.086 1.986 1.91 0.01 2.785 1.814 0.954 1.09 0.927 1.026 0.523 1.0 2.048 0.61 1.353
671.8 2.086 1.986 1.91 0.01 2.785 1.814 0.954 1.09 0.927 1.026 0.523 1.0 2.048 0.61 1.353
671.9 2.086 1.986 1.91 0.01 2.785 1.814 0.954 1.09 0.927 1.026 0.523 1.0 2.048 0.61 1.353
672.0 2.086 1.986 1.91 0.01 2.785 1.814 0.954 1.09 0.927 1.026 0.523 1.0 2.048 0.61 1.353
672.1 2.086 1.986 1.91 0.01 2.785 1.814 0.954 1.09 0.927 1.026 0.523 1.0 2.048 0.61 1.353
672.2 2.086 1.986 1.91 0.01 2.785 1.814 0.954 1.09 0.927 1.026 0.523 1.0 2.048 0.61 1.353
672.3 2.086 1.986 1.91 0.01 2.785 1.814 0.954 1.09 0.927 1.026 0.523 1.0 2.048 0.61 1.353
672.4 2.086 1.986 1.91 0.01 2.785 1.814 0.954 1.09 0.927 1.026 0.523 1.0 2.048 0.61 1.353
672.5 2.086 1.986 1.91 0.01 2.785 1.814 0.954 1.09 0.927 1.026 0.523 1.0 2.048 0.61 1.353
672.6 2.086 1.986 1.91 0.01 2.785 1.814 0.954 1.09 0.927 1.026 0.523 1.0 2.048 0.61 1.353
672.7 2.086 1.986 1.91 0.01 2.785 1.814 0.954 1.09 0.927 1.026 0.523 1.0 2.048 0.61 1.353
672.8 2.086 1.986 1.91 0.01 2.785 1.814 0.954 1.09 0.927 1.026 0.523 1.0 2.048 0.61 1.353
672.9 2.086 1.986 1.91 0.01 2.785 1.814 0.954 1.09 0.927 1.026 0.523 1.0 2.048 0.61 1.353
673.0 2.086 1.986 1.91 0.01 2.785 1.814 0.954 1.09 0.927 1.026 0.523 1.0 2.048 0.61 1.353
673.1 2.086 1.986 1.91 0.01 2.785 1.814 0.954 1.09 0.927 1.026 0.523 1.0 2.048 0.61 1.353
673.2 2.086 1.986 1.91 0.01 2.785 1.814 0.954 1.09 0.927 1.026 0.523 1.0 2.048 0.61 1.353
673.3 2.086 1.986 1.91 0.01 2.785 1.814 0.954 1.09 0.927 1.026 0.523 1.0 2.048 0.61 1.353
673.4 2.086 1.986 1.91 0.01 2.785 1.814 0.954 1.09 0.927 1.026 0.523 1.0 2.048 0.61 1.353
673.5 2.086 1.986 1.91 0.01 2.785 1.814 0.954 1.09 0.927 1.026 0.523 1.0 2.048 0.61 1.353
673.6 2.086 1.986 1.91 0.01 2.785 1.814 0.954 1.09 0.927 1.026 0.523 1.0 2.049 0.61 1.353
673.7 2.086 1.986 1.91 0.01 2.785 1.814 0.954 1.09 0.927 1.026 0.523 1.0 2.049 0.61 1.353
673.8 2.086 1.986 1.91 0.01 2.785 1.814 0.954 1.09 0.927 1.026 0.523 1.0 2.049 0.61 1.353
673.9 2.086 1.986 1.91 0.01 2.785 1.814 0.954 1.09 0.927 1.026 0.523 1.0 2.049 0.61 1.353
674.0 2.086 1.986 1.91 0.01 2.785 1.814 0.954 1.09 0.927 1.026 0.523 1.0 2.049 0.61 1.353
674.1 2.086 1.986 1.91 0.01 2.785 1.814 0.954 1.09 0.927 1.026 0.523 1.0 2.049 0.61 1.353
674.2 2.086 1.986 1.91 0.01 2.785 1.814 0.954 1.09 0.927 1.026 0.523 1.0 2.049 0.61 1.353
674.3 2.086 1.986 1.91 0.01 2.785 1.814 0.954 1.09 0.927 1.026 0.523 1.0 2.049 0.61 1.353
674.4 2.086 1.986 1.91 0.01 2.785 1.814 0.954 1.09 0.927 1.026 0.523 1.0 2.049 0.61 1.353
674.5 2.086 1.986 1.91 0.01 2.785 1.814 0.954 1.09 0.927 1.026 0.523 1.0 2.049 0.61 1.353
674.6 2.086 1.986 1.91 0.01 2.785 1.814 0.954 1.09 0.927 1.026 0.523 1.0 2.049 0.61 1.353
674.7 2.086 1.986 1.91 0.01 2.785 1.814 0.954 1.09 0.927 1.026 0.523 1.0 2.049 0.61 1.353
674.8 2.086 1.986 1.91 0.01 2.785 1.814 0.954 1.09 0.927 1.026 0.523 1.0 2.049 0.61 1.353
674.9 2.086 1.986 1.91 0.01 2.785 1.814 0.954 1.09 0.927 1.026 0.523 1.0 2.049 0.61 1.353
675.0 2.086 1.986 1.91 0.01 2.785 1.814 0.954 1.09 0.927 1.026 0.523 1.0 2.049 0.61 1.353
675.1 2.086 1.986 1.91 0.01 2.785 1.814 0.954 1.09 0.927 1.026 0.523 1.0 2.049 0.61 1.353
675.2 2.086 1.986 1.91 0.01 2.785 1.814 0.954 1.09 0.927 1.026 0.523 1.0 2.049 0.61 1.353
675.3 2.086 1.986 1.91 0.01 2.785 1.814 0.954 1.09 0.927 1.026 0.523 1.0 2.049 0.61 1.353
675.4 2.086 1.986 1.91 0.01 2.785 1.814 0.954 1.09 0.927 1.026 0.523 1.0 2.049 0.61 1.353
675.5 2.086 1.986 1.91 0.01 2.785 1.814 0.954 1.09 0.927 1.026 0.523 1.0 2.049 0.61 1.353
675.6 2.086 1.986 1.91 0.01 2.785 1.814 0.954 1.09 0.927 1.026 0.523 1.0 2.049 0.61 1.353
675.7 2.086 1.986 1.91 0.01 2.785 1.814 0.954 1.09 0.927 1.026 0.523 1.0 2.049 0.61 1.353
675.8 2.086 1.986 1.91 0.01 2.785 1.814 0.954 1.09 0.927 1.026 0.523 1.0 2.049 0.61 1.353
675.9 2.086 1.986 1.91 0.01 2.785 1.814 0.954 1.09 0.927 1.026 0.523 1.0 2.049 0.61 1.353
676.0 2.086 1.986 1.91 0.01 2.785 1.814 0.954 1.09 0.927 1.026 0.523 1.0 2.049 0.61 1.353
676.1 2.086 1.986 1.91 0.01 2.785 1.814 0.954 1.09 0.927 1.026 0.523 1.0 2.049 0.61 1.353
676.2 2.086 1.986 1.91 0.01 2.785 1.814 0.954 1.09 0.927 1.026 0.523 1.0 2.049 0.61 1.353
676.3 2.086 1.986 1.91 0.01 2.785 1.814 0.954 1.09 0.927 1.026 0.523 1.0 2.049 0.61 1.353
676.4 2.086 1.986 1.91 0.01 2.785 1.814 0.954 1.09 0.927 1.026 0.523 1.0 2.049 0.61 1.353
676.5 2.086 1.986 1.91 0.01 2.785 1.814 0.954 1.09 0.927 1.026 0.523 1.0 2.049 0.61 1.353
676.6 2.086 1.986 1.91 0.01 2.785 1.814 0.954 1.09 0.927 1.026 0.523 1.0 2.049 0.61 1.353
676.7 2.086 1.986 1.91 0.01 2.785 1.814 0.954 1.09 0.927 1.026 0.523 1.0 2.049 0.61 1.353
676.8 2.086 1.986 1.91 0.01 2.785 1.814 0.954 1.09 0.927 1.026 0.523 1.0 2.049 0.61 1.353
676.9 2.086 1.986 1.91 0.01 2.785 1.814 0.954 1.09 0.927 1.026 0.523 1.0 2.049 0.61 1.353
677.0 2.086 1.986 1.91 0.01 2.785 1.814 0.954 1.09 0.927 1.026 0.523 1.0 2.049 0.61 1.353
677.1 2.086 1.986 1.91 0.01 2.785 1.814 0.954 1.09 0.927 1.026 0.523 1.0 2.049 0.61 1.353
677.2 2.086 1.986 1.91 0.01 2.785 1.814 0.954 1.09 0.927 1.026 0.523 1.0 2.049 0.61 1.353
677.3 2.086 1.986 1.91 0.01 2.785 1.814 0.954 1.09 0.927 1.026 0.523 1.0 2.049 0.61 1.353
677.4 2.086 1.986 1.91 0.01 2.785 1.814 0.954 1.09 0.927 1.026 0.523 1.0 2.049 0.61 1.353
677.5 2.086 1.986 1.91 0.01 2.785 1.814 0.954 1.09 0.927 1.026 0.523 1.0 2.049 0.61 1.353
677.6 2.086 1.986 1.91 0.01 2.785 1.814 0.954 1.09 0.927 1.026 0.523 1.0 2.049 0.61 1.353
677.7 2.086 1.986 1.91 0.01 2.785 1.814 0.954 1.09 0.927 1.026 0.523 1.0 2.049 0.61 1.353
677.8 2.086 1.986 1.91 0.01 2.785 1.814 0.954 1.09 0.927 1.026 0.523 1.0 2.049 0.61 1.353
677.9 2.086 1.986 1.91 0.01 2.785 1.814 0.954 1.09 0.927 1.026 0.523 1.0 2.049 0.61 1.353
678.0 2.086 1.986 1.91 0.01 2.785 1.814 0.954 1.09 0.927 1.026 0.523 1.0 2.049 0.61 1.353
678.1 2.086 1.986 1.91 0.01 2.785 1.814 0.954 1.09 0.927 1.026 0.523 1.0 2.049 0.61 1.353
678.2 2.086 1.986 1.91 0.01 2.785 1.814 0.954 1.09 0.927 1.026 0.523 1.0 2.049 0.61 1.353
678.3 2.086 1.986 1.91 0.01 2.785 1.814 0.954 1.09 0.927 1.026 0.523 1.0 2.049 0.61 1.353
678.4 2.086 1.986 1.91 0.01 2.785 1.814 0.954 1.09 0.927 1.026 0.523 1.0 2.049 0.61 1.353
678.5 2.086 1.986 1.91 0.01 2.785 1.814 0.954 1.09 0.927 1.026 0.523 1.0 2.049 0.61 1.353
678.6 2.086 1.986 1.91 0.01 2.785 1.814 0.954 1.09 0.927 1.026 0.523 1.0 2.049 0.61 1.353
678.7 2.086 1.986 1.91 0.01 2.785 1.814 0.954 1.09 0.927 1.026 0.523 1.0 2.049 0.61 1.353
678.8 2.086 1.986 1.91 0.01 2.785 1.814 0.954 1.09 0.927 1.026 0.523 1.0 2.049 0.61 1.353
678.9 2.086 1.986 1.91 0.01 2.785 1.814 0.954 1.09 0.927 1.026 0.523 1.0 2.049 0.61 1.353
679.0 2.086 1.986 1.91 0.01 2.785 1.814 0.954 1.09 0.927 1.026 0.523 1.0 2.049 0.61 1.353
679.1 2.086 1.986 1.91 0.01 2.785 1.814 0.954 1.09 0.927 1.026 0.523 1.0 2.049 0.61 1.353
679.2 2.086 1.986 1.91 0.01 2.785 1.814 0.954 1.09 0.927 1.026 0.523 1.0 2.049 0.61 1.353
679.3 2.086 1.986 1.91 0.01 2.785 1.814 0.954 1.09 0.927 1.026 0.523 1.0 2.049 0.61 1.353
679.4 2.086 1.986 1.91 0.01 2.785 1.814 0.954 1.09 0.927 1.026 0.523 1.0 2.049 0.61 1.353
679.5 2.086 1.986 1.91 0.01 2.785 1.814 0.954 1.09 0.927 1.026 0.523 1.0 2.049 0.61 1.353
679.6 2.086 1.986 1.91 0.01 2.785 1.814 0.954 1.09 0.927 1.026 0.523 1.0 2.049 0.61 1.353
679.7 2.086 1.986 1.91 0.01 2.785 1.814 0.954 1.09 0.927 1.026 0.523 1.0 2.049 0.61 1.353
679.8 2.086 1.986 1.91 0.01 2.785 1.814 0.954 1.09 0.927 1.026 0.523 1.0 2.049 0.61 1.353
679.9 2.086 1.986 1.91 0.01 2.785 1.814 0.954 1.09 0.927 1.026 0.523 1.0 2.049 0.61 1.353
680.0 2.086 1.986 1.91 0.01 2.785 1.814 0.954 1.09 0.927 1.026 0.523 1.0 2.049 0.61 1.353
680.1 2.086 1.986 1.91 0.01 2.785 1.814 0.954 1.09 0.927 1.026 0.523 1.0 2.049 0.61 1.353
680.2 2.086 1.986 1.91 0.01 2.785 1.814 0.954 1.09 0.927 1.026 0.523 1.0 2.049 0.61 1.353
680.3 2.086 1.986 1.91 0.01 2.785 1.814 0.954 1.09 0.927 1.026 0.523 1.0 2.049 0.61 1.353
680.4 2.086 1.986 1.91 0.01 2.785 1.814 0.954 1.09 0.927 1.026 0.523 1.0 2.049 0.61 1.353
680.5 2.086 1.986 1.91 0.01 2.785 1.814 0.954 1.09 0.927 1.026 0.523 1.0 2.049 0.61 1.353
680.6 2.086 1.986 1.91 0.01 2.785 1.814 0.954 1.09 0.927 1.026 0.523 1.0 2.049 0.61 1.353
680.7 2.086 1.986 1.91 0.01 2.785 1.814 0.954 1.09 0.927 1.026 0.523 1.0 2.049 0.61 1.353
680.8 2.086 1.986 1.91 0.01 2.785 1.814 0.954 1.09 0.927 1.026 0.523 1.0 2.049 0.61 1.353
680.9 2.086 1.986 1.91 0.01 2.785 1.814 0.954 1.09 0.927 1.026 0.523 1.0 2.049 0.61 1.353
681.0 2.086 1.986 1.91 0.01 2.785 1.814 0.954 1.09 0.927 1.026 0.523 1.0 2.049 0.61 1.353
681.1 2.086 1.986 1.91 0.01 2.785 1.814 0.954 1.09 0.927 1.026 0.523 1.0 2.049 0.61 1.353
681.2 2.086 1.986 1.91 0.01 2.785 1.814 0.954 1.09 0.927 1.026 0.523 1.0 2.049 0.61 1.353
681.3 2.086 1.986 1.91 0.01 2.785 1.814 0.954 1.09 0.927 1.026 0.523 1.0 2.049 0.61 1.353
681.4 2.086 1.986 1.91 0.01 2.785 1.814 0.954 1.09 0.927 1.026 0.523 1.0 2.049 0.61 1.353
681.5 2.086 1.986 1.91 0.01 2.785 1.814 0.954 1.09 0.927 1.026 0.523 1.0 2.049 0.611 1.353
681.6 2.086 1.986 1.91 0.01 2.785 1.814 0.954 1.09 0.927 1.026 0.523 1.0 2.049 0.611 1.353
681.7 2.086 1.986 1.91 0.01 2.785 1.814 0.954 1.09 0.927 1.026 0.523 1.0 2.049 0.611 1.353
681.8 2.086 1.986 1.91 0.01 2.785 1.814 0.954 1.09 0.927 1.026 0.523 1.0 2.049 0.611 1.353
681.9 2.086 1.986 1.91 0.01 2.785 1.814 0.954 1.09 0.927 1.026 0.523 1.0 2.049 0.611 1.353
682.0 2.086 1.986 1.91 0.01 2.785 1.814 0.954 1.09 0.927 1.026 0.523 1.0 2.049 0.611 1.353
682.1 2.086 1.986 1.91 0.01 2.785 1.814 0.954 1.09 0.927 1.026 0.523 1.0 2.049 0.611 1.353
682.2 2.086 1.986 1.91 0.01 2.785 1.814 0.954 1.09 0.927 1.026 0.523 1.0 2.049 0.611 1.353
682.3 2.086 1.986 1.91 0.01 2.785 1.814 0.954 1.09 0.927 1.026 0.523 1.0 2.049 0.611 1.353
682.4 2.086 1.986 1.91 0.01 2.785 1.814 0.954 1.09 0.927 1.026 0.523 1.0 2.049 0.611 1.353
682.5 2.086 1.986 1.91 0.01 2.785 1.814 0.954 1.09 0.927 1.026 0.523 1.0 2.049 0.611 1.353
682.6 2.086 1.986 1.91 0.01 2.785 1.814 0.954 1.09 0.927 1.026 0.523 1.0 2.049 0.611 1.353
682.7 2.086 1.986 1.91 0.01 2.785 1.814 0.954 1.09 0.927 1.026 0.523 1.0 2.049 0.611 1.353
682.8 2.086 1.986 1.91 0.01 2.785 1.814 0.954 1.09 0.927 1.026 0.523 1.0 2.049 0.611 1.353
682.9 2.086 1.986 1.91 0.01 2.785 1.814 0.954 1.09 0.927 1.026 0.523 1.0 2.049 0.611 1.353
683.0 2.086 1.986 1.91 0.01 2.785 1.814 0.954 1.09 0.927 1.026 0.523 1.0 2.049 0.611 1.353
683.1 2.086 1.986 1.91 0.01 2.785 1.814 0.954 1.09 0.927 1.026 0.523 1.0 2.049 0.611 1.353
683.2 2.086 1.986 1.91 0.01 2.785 1.814 0.954 1.09 0.927 1.026 0.523 1.0 2.049 0.611 1.353
683.3 2.086 1.986 1.91 0.01 2.785 1.814 0.954 1.09 0.927 1.026 0.523 1.0 2.049 0.611 1.353
683.4 2.086 1.986 1.91 0.01 2.785 1.814 0.954 1.09 0.927 1.026 0.523 1.0 2.049 0.611 1.353
683.5 2.086 1.986 1.91 0.01 2.785 1.814 0.954 1.09 0.927 1.026 0.523 1.0 2.049 0.611 1.353
683.6 2.086 1.986 1.91 0.01 2.785 1.814 0.954 1.09 0.927 1.026 0.523 1.0 2.049 0.611 1.353
683.7 2.086 1.986 1.91 0.01 2.785 1.814 0.954 1.09 0.927 1.026 0.523 1.0 2.049 0.611 1.353
683.8 2.086 1.986 1.91 0.01 2.785 1.814 0.954 1.09 0.927 1.026 0.523 1.0 2.049 0.611 1.353
683.9 2.086 1.986 1.91 0.01 2.785 1.814 0.954 1.09 0.927 1.026 0.523 1.0 2.049 0.611 1.353
684.0 2.086 1.986 1.91 0.01 2.785 1.814 0.954 1.09 0.927 1.026 0.523 1.0 2.049 0.611 1.353
684.1 2.086 1.986 1.91 0.01 2.785 1.814 0.954 1.09 0.927 1.026 0.523 1.0 2.049 0.611 1.353
684.2 2.086 1.986 1.91 0.01 2.785 1.814 0.954 1.09 0.927 1.026 0.523 1.0 2.049 0.611 1.353
684.3 2.086 1.986 1.91 0.01 2.785 1.814 0.954 1.09 0.927 1.026 0.523 1.0 2.049 0.611 1.353
684.4 2.086 1.986 1.91 0.01 2.785 1.814 0.954 1.09 0.927 1.026 0.523 1.0 2.049 0.611 1.353
684.5 2.086 1.986 1.91 0.01 2.785 1.814 0.954 1.09 0.927 1.026 0.523 1.0 2.049 0.611 1.353
684.6 2.086 1.986 1.91 0.01 2.785 1.814 0.954 1.09 0.927 1.026 0.523 1.0 2.049 0.611 1.353
684.7 2.086 1.986 1.91 0.01 2.785 1.814 0.954 1.09 0.927 1.026 0.523 1.0 2.049 0.611 1.353
684.8 2.086 1.986 1.91 0.01 2.785 1.814 0.954 1.09 0.927 1.026 0.523 1.0 2.049 0.611 1.353
684.9 2.086 1.986 1.91 0.01 2.785 1.814 0.954 1.09 0.927 1.026 0.523 1.0 2.049 0.611 1.353
685.0 2.086 1.986 1.91 0.01 2.785 1.814 0.954 1.09 0.927 1.026 0.523 1.0 2.049 0.611 1.353
685.1 2.086 1.986 1.91 0.01 2.785 1.814 0.954 1.09 0.927 1.026 0.523 1.0 2.049 0.611 1.353
685.2 2.086 1.986 1.91 0.01 2.785 1.814 0.954 1.09 0.927 1.026 0.523 1.0 2.049 0.611 1.353
685.3 2.086 1.986 1.91 0.01 2.785 1.814 0.954 1.09 0.927 1.026 0.523 1.0 2.049 0.611 1.353
685.4 2.086 1.986 1.91 0.01 2.785 1.814 0.954 1.09 0.927 1.026 0.523 1.0 2.049 0.611 1.353
685.5 2.086 1.986 1.91 0.01 2.785 1.814 0.954 1.09 0.927 1.026 0.523 1.0 2.049 0.611 1.353
685.6 2.086 1.986 1.91 0.01 2.785 1.814 0.954 1.09 0.927 1.026 0.523 1.0 2.049 0.611 1.353
685.7 2.086 1.986 1.91 0.01 2.785 1.814 0.954 1.09 0.927 1.026 0.523 1.0 2.049 0.611 1.353
685.8 2.086 1.986 1.91 0.01 2.785 1.814 0.954 1.09 0.927 1.026 0.523 1.0 2.049 0.611 1.353
685.9 2.086 1.986 1.91 0.01 2.785 1.814 0.954 1.09 0.927 1.026 0.523 1.0 2.049 0.611 1.353
686.0 2.086 1.986 1.91 0.01 2.785 1.814 0.954 1.09 0.927 1.026 0.523 1.0 2.049 0.611 1.353
686.1 2.086 1.986 1.91 0.01 2.785 1.814 0.954 1.09 0.927 1.026 0.523 1.0 2.049 0.611 1.353
686.2 2.086 1.986 1.91 0.01 2.785 1.814 0.954 1.09 0.927 1.026 0.523 1.0 2.049 0.611 1.353
686.3 2.086 1.986 1.91 0.01 2.785 1.814 0.954 1.09 0.927 1.026 0.523 1.0 2.049 0.611 1.353
686.4 2.086 1.986 1.91 0.01 2.785 1.814 0.954 1.09 0.927 1.026 0.523 1.0 2.049 0.611 1.353
686.5 2.086 1.986 1.91 0.01 2.785 1.814 0.954 1.09 0.927 1.026 0.523 1.0 2.049 0.611 1.353
686.6 2.086 1.986 1.91 0.01 2.785 1.814 0.954 1.09 0.927 1.026 0.523 1.0 2.049 0.611 1.353
686.7 2.086 1.986 1.91 0.01 2.785 1.814 0.954 1.09 0.927 1.026 0.523 1.0 2.049 0.611 1.353
686.8 2.086 1.986 1.91 0.01 2.785 1.814 0.954 1.09 0.927 1.026 0.523 1.0 2.049 0.611 1.353
686.9 2.086 1.986 1.91 0.01 2.785 1.814 0.954 1.09 0.927 1.026 0.523 1.0 2.049 0.611 1.353
687.0 2.086 1.986 1.91 0.01 2.785 1.814 0.954 1.09 0.927 1.026 0.523 1.0 2.049 0.611 1.353
687.1 2.086 1.986 1.91 0.01 2.785 1.814 0.954 1.09 0.927 1.026 0.523 1.0 2.049 0.611 1.353
687.2 2.086 1.986 1.91 0.01 2.785 1.814 0.954 1.09 0.927 1.026 0.523 1.0 2.049 0.611 1.353
687.3 2.086 1.986 1.91 0.01 2.785 1.814 0.954 1.09 0.927 1.026 0.523 1.0 2.049 0.611 1.353
687.4 2.086 1.986 1.91 0.01 2.785 1.814 0.954 1.09 0.927 1.026 0.523 1.0 2.049 0.611 1.353
687.5 2.086 1.986 1.91 0.01 2.785 1.814 0.954 1.09 0.927 1.026 0.523 1.0 2.049 0.611 1.353
687.6 2.086 1.986 1.91 0.01 2.785 1.814 0.954 1.09 0.927 1.026 0.523 1.0 2.049 0.611 1.353
687.7 2.086 1.986 1.91 0.01 2.785 1.814 0.954 1.09 0.927 1.026 0.523 1.0 2.049 0.611 1.353
687.8 2.086 1.986 1.91 0.01 2.785 1.814 0.954 1.09 0.927 1.026 0.523 1.0 2.049 0.611 1.353
687.9 2.086 1.986 1.91 0.01 2.785 1.814 0.954 1.09 0.927 1.026 0.523 1.0 2.049 0.611 1.353
688.0 2.086 1.986 1.91 0.01 2.785 1.814 0.954 1.09 0.927 1.026 0.523 1.0 2.049 0.611 1.353
688.1 2.086 1.986 1.91 0.01 2.785 1.814 0.954 1.09 0.927 1.026 0.523 1.0 2.049 0.611 1.353
688.2 2.086 1.986 1.91 0.01 2.785 1.814 0.954 1.09 0.927 1.026 0.523 1.0 2.049 0.611 1.353
688.3 2.086 1.986 1.91 0.01 2.785 1.814 0.954 1.09 0.927 1.026 0.523 1.0 2.049 0.611 1.353
688.4 2.086 1.986 1.91 0.01 2.785 1.814 0.954 1.09 0.927 1.026 0.523 1.0 2.049 0.611 1.353
688.5 2.086 1.986 1.91 0.01 2.785 1.814 0.954 1.09 0.927 1.026 0.523 1.0 2.049 0.611 1.353
688.6 2.086 1.986 1.91 0.01 2.785 1.814 0.954 1.09 0.927 1.026 0.523 1.0 2.049 0.611 1.353
688.7 2.086 1.986 1.91 0.01 2.785 1.814 0.954 1.09 0.927 1.026 0.523 1.0 2.049 0.611 1.353
688.8 2.086 1.986 1.91 0.01 2.785 1.814 0.954 1.09 0.927 1.026 0.523 1.0 2.049 0.611 1.353
688.9 2.086 1.986 1.91 0.01 2.785 1.814 0.954 1.09 0.927 1.026 0.523 1.0 2.049 0.611 1.353
689.0 2.086 1.986 1.91 0.01 2.785 1.814 0.954 1.09 0.927 1.026 0.523 1.0 2.049 0.611 1.353
689.1 2.086 1.986 1.91 0.01 2.785 1.814 0.954 1.09 0.927 1.026 0.523 1.0 2.049 0.611 1.353
689.2 2.086 1.986 1.91 0.01 2.785 1.814 0.954 1.09 0.927 1.026 0.523 1.0 2.049 0.611 1.353
689.3 2.086 1.986 1.91 0.01 2.785 1.814 0.954 1.09 0.927 1.026 0.523 1.0 2.049 0.611 1.353
689.4 2.086 1.986 1.91 0.01 2.785 1.814 0.954 1.09 0.927 1.026 0.523 1.0 2.049 0.611 1.353
689.5 2.086 1.986 1.91 0.01 2.785 1.814 0.954 1.09 0.927 1.026 0.523 1.0 2.049 0.611 1.353
689.6 2.086 1.986 1.91 0.01 2.785 1.814 0.954 1.09 0.927 1.026 0.523 1.0 2.049 0.611 1.353
689.7 2.086 1.986 1.91 0.01 2.785 1.814 0.954 1.09 0.927 1.026 0.523 1.0 2.049 0.611 1.353
689.8 2.086 1.986 1.91 0.01 2.785 1.814 0.954 1.09 0.927 1.026 0.523 1.0 2.049 0.611 1.353
689.9 2.086 1.986 1.91 0.01 2.785 1.814 0.954 1.09 0.927 1.026 0.523 1.0 2.049 0.611 1.353
690.0 2.086 1.986 1.91 0.01 2.785 1.814 0.954 1.09 0.927 1.026 0.523 1.0 2.049 0.611 1.353
690.1 2.086 1.986 1.91 0.01 2.785 1.814 0.954 1.09 0.927 1.026 0.523 1.0 2.049 0.611 1.353
690.2 2.086 1.986 1.91 0.01 2.785 1.814 0.954 1.09 0.927 1.026 0.523 1.0 2.049 0.611 1.353
690.3 2.086 1.986 1.91 0.01 2.785 1.814 0.954 1.09 0.927 1.026 0.523 1.0 2.049 0.611 1.353
690.4 2.086 1.986 1.91 0.01 2.785 1.814 0.954 1.09 0.927 1.026 0.523 1.0 2.049 0.611 1.353
690.5 2.086 1.986 1.91 0.01 2.785 1.814 0.954 1.09 0.927 1.026 0.523 1.0 2.049 0.611 1.353
690.6 2.086 1.986 1.91 0.01 2.785 1.814 0.954 1.09 0.927 1.026 0.523 1.0 2.049 0.611 1.353
690.7 2.086 1.986 1.91 0.01 2.785 1.814 0.954 1.09 0.927 1.026 0.523 1.0 2.049 0.611 1.353
690.8 2.086 1.986 1.91 0.01 2.785 1.814 0.954 1.09 0.927 1.026 0.523 1.0 2.049 0.611 1.353
690.9 2.086 1.986 1.91 0.01 2.785 1.814 0.954 1.09 0.927 1.026 0.523 1.0 2.049 0.611 1.353
691.0 2.086 1.986 1.91 0.01 2.785 1.814 0.954 1.09 0.927 1.026 0.523 1.0 2.049 0.611 1.353
691.1 2.086 1.986 1.91 0.01 2.785 1.814 0.954 1.09 0.927 1.026 0.523 1.0 2.049 0.611 1.353
691.2 2.086 1.986 1.91 0.01 2.785 1.814 0.954 1.09 0.927 1.026 0.523 1.0 2.049 0.611 1.353
691.3 2.086 1.986 1.91 0.01 2.785 1.814 0.954 1.09 0.927 1.026 0.523 1.0 2.049 0.611 1.353
691.4 2.086 1.986 1.91 0.01 2.785 1.814 0.954 1.09 0.927 1.026 0.523 1.0 2.049 0.611 1.353
691.5 2.086 1.986 1.91 0.01 2.785 1.814 0.954 1.09 0.927 1.026 0.523 1.0 2.049 0.611 1.353
691.6 2.086 1.986 1.91 0.01 2.785 1.814 0.954 1.09 0.927 1.026 0.523 1.0 2.049 0.611 1.353
691.7 2.086 1.986 1.91 0.01 2.785 1.814 0.954 1.09 0.927 1.026 0.523 1.0 2.049 0.611 1.353
691.8 2.086 1.986 1.91 0.01 2.785 1.814 0.954 1.09 0.927 1.026 0.523 1.0 2.049 0.611 1.353
691.9 2.086 1.986 1.91 0.01 2.785 1.814 0.954 1.09 0.927 1.026 0.523 1.0 2.049 0.611 1.353
692.0 2.086 1.986 1.91 0.01 2.785 1.814 0.954 1.09 0.927 1.026 0.523 1.0 2.049 0.611 1.353
692.1 2.086 1.986 1.91 0.01 2.785 1.814 0.954 1.09 0.927 1.026 0.523 1.0 2.049 0.611 1.353
692.2 2.086 1.986 1.91 0.01 2.785 1.814 0.954 1.09 0.927 1.026 0.523 1.0 2.049 0.611 1.353
692.3 2.086 1.986 1.91 0.01 2.785 1.814 0.954 1.09 0.927 1.026 0.523 1.0 2.049 0.611 1.353
692.4 2.086 1.986 1.91 0.01 2.785 1.814 0.954 1.09 0.927 1.026 0.523 1.0 2.049 0.611 1.353
692.5 2.086 1.986 1.91 0.01 2.785 1.814 0.954 1.09 0.927 1.026 0.523 1.0 2.049 0.611 1.353
692.6 2.086 1.986 1.91 0.01 2.785 1.814 0.954 1.09 0.927 1.026 0.523 1.0 2.049 0.611 1.353
692.7 2.086 1.986 1.91 0.01 2.785 1.814 0.954 1.09 0.927 1.026 0.523 1.0 2.049 0.611 1.353
692.8 2.086 1.986 1.91 0.01 2.785 1.814 0.954 1.09 0.927 1.026 0.523 1.0 2.049 0.611 1.353
692.9 2.086 1.986 1.91 0.01 2.785 1.814 0.954 1.09 0.927 1.026 0.523 1.0 2.049 0.611 1.353
693.0 2.086 1.986 1.91 0.01 2.785 1.814 0.954 1.09 0.927 1.026 0.523 1.0 2.049 0.611 1.353
693.1 2.086 1.986 1.91 0.01 2.785 1.814 0.954 1.09 0.927 1.026 0.523 1.0 2.049 0.611 1.353
693.2 2.086 1.986 1.91 0.01 2.785 1.814 0.954 1.09 0.927 1.026 0.523 1.0 2.049 0.611 1.353
693.3 2.086 1.986 1.91 0.01 2.785 1.814 0.954 1.09 0.927 1.026 0.523 1.0 2.049 0.611 1.353
693.4 2.086 1.986 1.91 0.01 2.785 1.814 0.954 1.09 0.927 1.026 0.523 1.0 2.049 0.611 1.353
693.5 2.086 1.986 1.91 0.01 2.785 1.814 0.954 1.09 0.927 1.026 0.523 1.0 2.049 0.611 1.353
693.6 2.086 1.986 1.91 0.01 2.785 1.814 0.954 1.09 0.927 1.026 0.523 1.0 2.049 0.611 1.353
693.7 2.086 1.986 1.91 0.01 2.785 1.814 0.954 1.09 0.927 1.026 0.523 1.0 2.049 0.611 1.353
693.8 2.086 1.986 1.91 0.01 2.785 1.814 0.954 1.09 0.927 1.026 0.523 1.0 2.049 0.611 1.353
693.9 2.086 1.986 1.91 0.01 2.785 1.814 0.954 1.09 0.927 1.026 0.523 1.0 2.049 0.611 1.353
694.0 2.086 1.986 1.91 0.01 2.785 1.814 0.954 1.09 0.927 1.026 0.523 1.0 2.049 0.611 1.353
694.1 2.086 1.986 1.91 0.01 2.785 1.814 0.954 1.09 0.927 1.026 0.523 1.0 2.049 0.611 1.353
694.2 2.086 1.986 1.91 0.01 2.785 1.814 0.954 1.09 0.927 1.026 0.523 1.0 2.049 0.611 1.353
694.3 2.086 1.986 1.91 0.01 2.785 1.814 0.954 1.09 0.927 1.026 0.523 1.0 2.049 0.611 1.353
694.4 2.086 1.986 1.91 0.01 2.785 1.814 0.954 1.09 0.927 1.026 0.523 1.0 2.049 0.611 1.353
694.5 2.086 1.986 1.91 0.01 2.785 1.814 0.954 1.09 0.927 1.026 0.523 1.0 2.049 0.611 1.353
694.6 2.086 1.986 1.91 0.01 2.785 1.814 0.954 1.09 0.927 1.026 0.523 1.0 2.049 0.611 1.353
694.7 2.086 1.986 1.91 0.01 2.785 1.814 0.954 1.09 0.927 1.026 0.523 1.0 2.049 0.611 1.353
694.8 2.086 1.986 1.91 0.01 2.785 1.814 0.954 1.09 0.927 1.026 0.523 1.0 2.049 0.611 1.353
694.9 2.086 1.986 1.91 0.01 2.785 1.814 0.954 1.09 0.927 1.026 0.523 1.0 2.049 0.611 1.353
695.0 2.086 1.986 1.91 0.01 2.785 1.814 0.954 1.09 0.927 1.026 0.523 1.0 2.049 0.611 1.353
695.1 2.086 1.986 1.91 0.01 2.785 1.814 0.954 1.09 0.927 1.026 0.523 1.0 2.049 0.611 1.353
695.2 2.086 1.986 1.91 0.01 2.785 1.814 0.954 1.09 0.927 1.026 0.523 1.0 2.049 0.611 1.353
695.3 2.086 1.986 1.91 0.01 2.785 1.814 0.954 1.09 0.927 1.026 0.523 1.0 2.049 0.611 1.353
695.4 2.086 1.986 1.91 0.01 2.785 1.814 0.954 1.09 0.927 1.026 0.523 1.0 2.049 0.611 1.353
695.5 2.086 1.986 1.91 0.01 2.785 1.814 0.954 1.09 0.927 1.026 0.523 1.0 2.049 0.611 1.353
695.6 2.086 1.986 1.91 0.01 2.785 1.814 0.954 1.09 0.927 1.026 0.523 1.0 2.049 0.611 1.353
695.7 2.086 1.986 1.91 0.01 2.785 1.814 0.954 1.09 0.927 1.026 0.523 1.0 2.049 0.611 1.353
695.8 2.086 1.986 1.91 0.01 2.785 1.814 0.954 1.09 0.927 1.026 0.523 1.0 2.049 0.611 1.353
695.9 2.086 1.986 1.91 0.01 2.785 1.814 0.954 1.09 0.927 1.026 0.523 1.0 2.049 0.611 1.353
696.0 2.086 1.986 1.91 0.01 2.785 1.814 0.954 1.09 0.927 1.026 0.523 1.0 2.049 0.611 1.353
696.1 2.086 1.986 1.91 0.01 2.785 1.814 0.954 1.09 0.927 1.026 0.523 1.0 2.049 0.611 1.353
696.2 2.086 1.986 1.91 0.01 2.785 1.814 0.954 1.09 0.927 1.026 0.523 1.0 2.049 0.611 1.353
696.3 2.086 1.986 1.91 0.01 2.785 1.814 0.954 1.09 0.927 1.026 0.523 1.0 2.049 0.611 1.353
696.4 2.086 1.986 1.91 0.01 2.785 1.814 0.954 1.09 0.927 1.026 0.523 1.0 2.049 0.611 1.353
696.5 2.086 1.986 1.91 0.01 2.785 1.814 0.954 1.09 0.927 1.026 0.523 1.0 2.049 0.611 1.353
696.6 2.086 1.986 1.91 0.01 2.785 1.814 0.954 1.09 0.927 1.026 0.523 1.0 2.049 0.611 1.353
696.7 2.086 1.986 1.91 0.01 2.785 1.814 0.954 1.09 0.927 1.026 0.523 1.0 2.049 0.611 1.353
696.8 2.086 1.986 1.91 0.01 2.785 1.814 0.954 1.09 0.927 1.026 0.523 1.0 2.049 0.611 1.353
696.9 2.086 1.986 1.91 0.01 2.785 1.814 0.954 1.09 0.927 1.026 0.523 1.0 2.049 0.611 1.353
697.0 2.086 1.986 1.91 0.01 2.785 1.814 0.954 1.09 0.927 1.026 0.523 1.0 2.049 0.611 1.353
697.1 2.086 1.986 1.91 0.01 2.785 1.814 0.954 1.09 0.927 1.026 0.523 1.0 2.049 0.611 1.353
697.2 2.086 1.986 1.91 0.01 2.785 1.814 0.954 1.09 0.927 1.026 0.523 1.0 2.049 0.611 1.353
697.3 2.086 1.986 1.91 0.01 2.785 1.814 0.954 1.09 0.927 1.026 0.523 1.0 2.049 0.611 1.353
697.4 2.086 1.986 1.91 0.01 2.785 1.814 0.954 1.09 0.927 1.026 0.523 1.0 2.049 0.611 1.353
697.5 2.086 1.986 1.91 0.01 2.785 1.814 0.954 1.09 0.927 1.026 0.523 1.0 2.049 0.611 1.353
697.6 2.086 1.986 1.91 0.01 2.785 1.814 0.954 1.09 0.927 1.026 0.523 1.0 2.049 0.611 1.353
697.7 2.086 1.986 1.91 0.01 2.785 1.814 0.954 1.09 0.927 1.026 0.523 1.0 2.049 0.611 1.353
697.8 2.086 1.986 1.91 0.01 2.785 1.814 0.954 1.09 0.927 1.026 0.523 1.0 2.049 0.611 1.353
697.9 2.086 1.986 1.91 0.01 2.785 1.814 0.954 1.09 0.927 1.026 0.523 1.0 2.049 0.611 1.353
698.0 2.086 1.986 1.91 0.01 2.785 1.814 0.954 1.09 0.927 1.026 0.523 1.0 2.049 0.611 1.353
698.1 2.086 1.986 1.91 0.01 2.785 1.814 0.954 1.09 0.927 1.026 0.523 1.0 2.049 0.611 1.353
698.2 2.086 1.986 1.91 0.01 2.785 1.814 0.954 1.09 0.927 1.026 0.523 1.0 2.049 0.611 1.353
698.3 2.086 1.986 1.91 0.01 2.785 1.814 0.954 1.09 0.927 1.026 0.523 1.0 2.049 0.611 1.353
698.4 2.086 1.986 1.91 0.01 2.785 1.814 0.954 1.09 0.927 1.026 0.523 1.0 2.049 0.611 1.353
698.5 2.086 1.986 1.91 0.01 2.785 1.814 0.954 1.09 0.927 1.026 0.523 1.0 2.049 0.611 1.353
698.6 2.086 1.986 1.91 0.01 2.785 1.814 0.954 1.09 0.927 1.026 0.523 1.0 2.049 0.611 1.353
698.7 2.086 1.986 1.91 0.01 2.785 1.814 0.954 1.09 0.927 1.026 0.523 1.0 2.049 0.611 1.353
698.8 2.086 1.986 1.91 0.01 2.785 1.814 0.954 1.09 0.927 1.026 0.523 1.0 2.049 0.611 1.353
698.9 2.086 1.986 1.91 0.01 2.785 1.814 0.954 1.09 0.927 1.026 0.523 1.0 2.049 0.611 1.353
699.0 2.086 1.986 1.91 0.01 2.785 1.814 0.954 1.09 0.927 1.026 0.523 1.0 2.049 0.611 1.353
699.1 2.086 1.986 1.91 0.01 2.785 1.814 0.954 1.09 0.927 1.026 0.523 1.0 2.049 0.611 1.353
699.2 2.086 1.986 1.91 0.01 2.785 1.814 0.954 1.09 0.927 1.026 0.523 1.0 2.049 0.611 1.353
699.3 2.086 1.986 1.91 0.01 2.785 1.814 0.954 1.09 0.927 1.026 0.523 1.0 2.049 0.611 1.353
699.4 2.086 1.986 1.91 0.01 2.785 1.814 0.954 1.09 0.927 1.026 0.523 1.0 2.049 0.611 1.353
699.5 2.086 1.986 1.91 0.01 2.785 1.814 0.954 1.09 0.927 1.026 0.523 1.0 2.049 0.611 1.353
699.6 2.086 1.986 1.91 0.01 2.785 1.814 0.954 1.09 0.927 1.026 0.523 1.0 2.049 0.611 1.353
699.7 2.086 1.986 1.91 0.01 2.785 1.814 0.954 1.09 0.927 1.026 0.523 1.0 2.049 0.611 1.353
699.8 2.086 1.986 1.91 0.01 2.785 1.814 0.954 1.09 0.927 1.026 0.523 1.0 2.049 0.611 1.353
699.9 2.086 1.986 1.91 0.01 2.785 1.814 0.954 1.09 0.927 1.026 0.523 1.0 2.049 0.611 1.353
