300.0 2.086 1.986 1.91 0.01 2.785 1.814 0.009 0.015 0.009
300.1 2.086 1.986 1.91 0.01 2.785 1.814 0.008 0.018 0.009
300.2 2.086 1.986 1.91 0.01 2.785 1.814 0.008 0.022 0.009
300.3 2.086 1.986 1.91 0.01 2.785 1.814 0.007 0.024 0.009
300.4 2.086 1.986 1.91 0.01 2.785 1.814 0.007 0.026 0.01
300.5 2.086 1.986 1.91 0.01 2.785 1.814 0.007 0.028 0.01
300.6 2.086 1.986 1.91 0.01 2.785 1.814 0.007 0.03 0.011
300.7 2.086 1.986 1.91 0.01 2.785 1.814 0.006 0.032 0.012
300.8 2.086 1.986 1.91 0.01 2.785 1.814 0.007 0.033 0.012
300.9 2.086 1.986 1.91 0.01 2.785 1.814 0.007 0.035 0.013
301.0 2.086 1.986 1.91 0.01 2.785 1.814 0.007 0.037 0.014
301.1 2.086 1.986 1.91 0.01 2.785 1.814 0.007 0.038 0.014
301.2 2.086 1.986 1.91 0.01 2.785 1.814 0.007 0.04 0.015
301.3 2.086 1.986 1.91 0.01 2.785 1.814 0.008 0.042 0.016
301.4 2.086 1.986 1.91 0.01 2.785 1.814 0.008 0.044 0.017
301.5 2.086 1.986 1.91 0.01 2.785 1.814 0.008 0.046 0.017
301.6 2.086 1.986 1.91 0.01 2.785 1.814 0.009 0.048 0.018
301.7 2.086 1.986 1.91 0.01 2.785 1.814 0.009 0.05 0.019
301.8 2.086 1.986 1.91 0.01 2.785 1.814 0.01 0.052 0.02
301.9 2.086 1.986 1.91 0.01 2.785 1.814 0.01 0.054 0.021
302.0 2.086 1.986 1.91 0.01 2.785 1.814 0.011 0.056 0.022
302.1 2.086 1.986 1.91 0.01 2.785 1.814 0.011 0.059 0.023
302.2 2.086 1.986 1.91 0.01 2.785 1.814 0.012 0.061 0.024
302.3 2.086 1.986 1.91 0.01 2.785 1.814 0.012 0.064 0.025
302.4 2.086 1.986 1.91 0.01 2.785 1.814 0.013 0.066 0.026
302.5 2.086 1.986 1.91 0.01 2.785 1.814 0.014 0.069 0.027
302.6 2.086 1.986 1.91 0.01 2.785 1.814 0.014 0.072 0.028
302.7 2.086 1.986 1.91 0.01 2.785 1.814 0.015 0.075 0.029
302.8 2.086 1.986 1.91 0.01 2.785 1.814 0.016 0.078 0.03
302.9 2.086 1.986 1.91 0.01 2.785 1.814 0.017 0.081 0.032
303.0 2.086 1.986 1.91 0.01 2.785 1.814 0.017 0.085 0.033
303.1 2.086 1.986 1.91 0.01 2.785 1.814 0.018 0.088 0.034
303.2 2.086 1.986 1.91 0.01 2.785 1.814 0.019 0.092 0.036
303.3 2.086 1.986 1.91 0.01 2.785 1.814 0.02 0.095 0.037
303.4 2.086 1.986 1.91 0.01 2.785 1.814 0.021 0.099 0.039
303.5 2.086 1.986 1.91 0.01 2.785 1.814 0.022 0.103 0.04
303.6 2.086 1.986 1.91 0.01 2.785 1.814 0.024 0.107 0.042
303.7 2.086 1.986 1.91 0.01 2.785 1.814 0.025 0.111 0.044
303.8 2.086 1.986 1.91 0.01 2.785 1.814 0.026 0.116 0.046
303.9 2.086 1.986 1.91 0.01 2.785 1.814 0.027 0.12 0.048
304.0 2.086 1.986 1.91 0.01 2.785 1.814 0.029 0.125 0.049
304.1 2.086 1.986 1.91 0.01 2.785 1.814 0.03 0.13 0.051
304.2 2.086 1.986 1.91 0.01 2.785 1.814 0.032 0.134 0.054
304.3 2.086 1.986 1.91 0.01 2.785 1.814 0.033 0.139 0.056
304.4 2.086 1.986 1.91 0.01 2.785 1.814 0.035 0.145 0.058
304.5 2.086 1.986 1.91 0.01 2.785 1.814 0.037 0.15 0.06
304.6 2.086 1.986 1.91 0.01 2.785 1.814 0.039 0.155 0.062
304.7 2.086 1.986 1.91 0.01 2.785 1.814 0.041 0.161 0.065
304.8 2.086 1.986 1.91 0.01 2.785 1.814 0.043 0.167 0.067
304.9 2.086 1.986 1.91 0.01 2.785 1.814 0.045 0.172 0.07
305.0 2.086 1.986 1.91 0.01 2.785 1.814 0.047 0.179 0.073
305.1 2.086 1.986 1.91 0.01 2.785 1.814 0.05 0.185 0.075
305.2 2.086 1.986 1.91 0.01 2.785 1.814 0.052 0.191 0.078
305.3 2.086 1.986 1.91 0.01 2.785 1.814 0.055 0.197 0.081
305.4 2.086 1.986 1.91 0.01 2.785 1.814 0.057 0.204 0.084
305.5 2.086 1.986 1.91 0.01 2.785 1.814 0.06 0.211 0.087
305.6 2.086 1.986 1.91 0.01 2.785 1.814 0.063 0.218 0.09
305.7 2.086 1.986 1.91 0.01 2.785 1.814 0.066 0.224 0.093
305.8 2.086 1.986 1.91 0.01 2.785 1.814 0.069 0.232 0.097
305.9 2.086 1.986 1.91 0.01 2.785 1.814 0.072 0.239 0.1
306.0 2.086 1.986 1.91 0.01 2.785 1.814 0.076 0.246 0.104
306.1 2.086 1.986 1.91 0.01 2.785 1.814 0.079 0.254 0.107
306.2 2.086 1.986 1.91 0.01 2.785 1.814 0.083 0.261 0.111
306.3 2.086 1.986 1.91 0.01 2.785 1.814 0.087 0.269 0.115
306.4 2.086 1.986 1.91 0.01 2.785 1.814 0.091 0.277 0.119
306.5 2.086 1.986 1.91 0.01 2.785 1.814 0.095 0.285 0.123
306.6 2.086 1.986 1.91 0.01 2.785 1.814 0.099 0.293 0.127
306.7 2.086 1.986 1.91 0.01 2.785 1.814 0.103 0.301 0.131
306.8 2.086 1.986 1.91 0.01 2.785 1.814 0.108 0.309 0.135
306.9 2.086 1.986 1.91 0.01 2.785 1.814 0.112 0.317 0.139
307.0 2.086 1.986 1.91 0.01 2.785 1.814 0.117 0.326 0.144
307.1 2.086 1.986 1.91 0.01 2.785 1.814 0.122 0.334 0.148
307.2 2.086 1.986 1.91 0.01 2.785 1.814 0.127 0.343 0.153
307.3 2.086 1.986 1.91 0.01 2.785 1.814 0.132 0.351 0.158
307.4 2.086 1.986 1.91 0.01 2.785 1.814 0.138 0.36 0.163
307.5 2.086 1.986 1.91 0.01 2.785 1.814 0.143 0.369 0.167
307.6 2.086 1.986 1.91 0.01 2.785 1.814 0.149 0.378 0.172
307.7 2.086 1.986 1.91 0.01 2.785 1.814 0.154 0.386 0.177
307.8 2.086 1.986 1.91 0.01 2.785 1.814 0.16 0.395 0.183
307.9 2.086 1.986 1.91 0.01 2.785 1.814 0.166 0.404 0.188
308.0 2.086 1.986 1.91 0.01 2.785 1.814 0.172 0.413 0.193
308.1 2.086 1.986 1.91 0.01 2.785 1.814 0.179 0.422 0.199
308.2 2.086 1.986 1.91 0.01 2.785 1.814 0.185 0.431 0.204
308.3 2.086 1.986 1.91 0.01 2.785 1.814 0.191 0.44 0.21
308.4 2.086 1.986 1.91 0.01 2.785 1.814 0.198 0.449 0.215
308.5 2.086 1.986 1.91 0.01 2.785 1.814 0.205 0.458 0.221
308.6 2.086 1.986 1.91 0.01 2.785 1.814 0.211 0.467 0.227
308.7 2.086 1.986 1.91 0.01 2.785 1.814 0.218 0.476 0.233
308.8 2.086 1.986 1.91 0.01 2.785 1.814 0.225 0.485 0.239
308.9 2.086 1.986 1.91 0.01 2.785 1.814 0.233 0.493 0.245
309.0 2.086 1.986 1.91 0.01 2.785 1.814 0.24 0.502 0.251
309.1 2.086 1.986 1.91 0.01 2.785 1.814 0.247 0.511 0.257
309.2 2.086 1.986 1.91 0.01 2.785 1.814 0.254 0.52 0.263
309.3 2.086 1.986 1.91 0.01 2.785 1.814 0.262 0.529 0.27
309.4 2.086 1.986 1.91 0.01 2.785 1.814 0.269 0.537 0.276
309.5 2.086 1.986 1.91 0.01 2.785 1.814 0.277 0.546 0.282
309.6 2.086 1.986 1.91 0.01 2.785 1.814 0.285 0.555 0.289
309.7 2.086 1.986 1.91 0.01 2.785 1.814 0.292 0.563 0.295
309.8 2.086 1.986 1.91 0.01 2.785 1.814 0.3 0.572 0.302
309.9 2.086 1.986 1.91 0.01 2.785 1.814 0.308 0.58 0.308
310.0 2.086 1.986 1.91 0.01 2.785 1.814 0.316 0.589 0.315
310.1 2.086 1.986 1.91 0.01 2.785 1.814 0.323 0.597 0.322
310.2 2.086 1.986 1.91 0.01 2.785 1.814 0.331 0.605 0.328
310.3 2.086 1.986 1.91 0.01 2.785 1.814 0.339 0.614 0.335
310.4 2.086 1.986 1.91 0.01 2.785 1.814 0.347 0.622 0.342
310.5 2.086 1.986 1.91 0.01 2.785 1.814 0.355 0.63 0.349
310.6 2.086 1.986 1.91 0.01 2.785 1.814 0.363 0.638 0.355
310.7 2.086 1.986 1.91 0.01 2.785 1.814 0.371 0.645 0.362
310.8 2.086 1.986 1.91 0.01 2.785 1.814 0.379 0.653 0.369
310.9 2.086 1.986 1.91 0.01 2.785 1.814 0.387 0.661 0.376
311.0 2.086 1.986 1.91 0.01 2.785 1.814 0.395 0.669 0.383
311.1 2.086 1.986 1.91 0.01 2.785 1.814 0.403 0.676 0.39
311.2 2.086 1.986 1.91 0.01 2.785 1.814 0.411 0.684 0.396
311.3 2.086 1.986 1.91 0.01 2.785 1.814 0.418 0.691 0.403
311.4 2.086 1.986 1.91 0.01 2.785 1.814 0.426 0.698 0.41
311.5 2.086 1.986 1.91 0.01 2.785 1.814 0.434 0.705 0.417
311.6 2.086 1.986 1.91 0.01 2.785 1.814 0.442 0.712 0.424
311.7 2.086 1.986 1.91 0.01 2.785 1.814 0.45 0.719 0.431
311.8 2.086 1.986 1.91 0.01 2.785 1.814 0.457 0.726 0.438
311.9 2.086 1.986 1.91 0.01 2.785 1.814 0.465 0.733 0.444
312.0 2.086 1.986 1.91 0.01 2.785 1.814 0.473 0.74 0.451
312.1 2.086 1.986 1.91 0.01 2.785 1.814 0.48 0.746 0.458
312.2 2.086 1.986 1.91 0.01 2.785 1.814 0.488 0.753 0.465
312.3 2.086 1.986 1.91 0.01 2.785 1.814 0.495 0.759 0.471
312.4 2.086 1.986 1.91 0.01 2.785 1.814 0.503 0.766 0.478
312.5 2.086 1.986 1.91 0.01 2.785 1.814 0.51 0.772 0.485
312.6 2.086 1.986 1.91 0.01 2.785 1.814 0.517 0.778 0.491
312.7 2.086 1.986 1.91 0.01 2.785 1.814 0.525 0.784 0.498
312.8 2.086 1.986 1.91 0.01 2.785 1.814 0.532 0.79 0.504
312.9 2.086 1.986 1.91 0.01 2.785 1.814 0.539 0.796 0.511
313.0 2.086 1.986 1.91 0.01 2.785 1.814 0.546 0.801 0.517
313.1 2.086 1.986 1.91 0.01 2.785 1.814 0.553 0.807 0.524
313.2 2.086 1.986 1.91 0.01 2.785 1.814 0.56 0.813 0.53
313.3 2.086 1.986 1.91 0.01 2.785 1.814 0.567 0.818 0.536
313.4 2.086 1.986 1.91 0.01 2.785 1.814 0.573 0.823 0.542
313.5 2.086 1.986 1.91 0.01 2.785 1.814 0.58 0.829 0.549
313.6 2.086 1.986 1.91 0.01 2.785 1.814 0.587 0.834 0.555
313.7 2.086 1.986 1.91 0.01 2.785 1.814 0.593 0.839 0.561
313.8 2.086 1.986 1.91 0.01 2.785 1.814 0.6 0.844 0.567
313.9 2.086 1.986 1.91 0.01 2.785 1.814 0.606 0.849 0.573
314.0 2.086 1.986 1.91 0.01 2.785 1.814 0.612 0.854 0.579
314.1 2.086 1.986 1.91 0.01 2.785 1.814 0.618 0.859 0.585
314.2 2.086 1.986 1.91 0.01 2.785 1.814 0.624 0.863 0.59
314.3 2.086 1.986 1.91 0.01 2.785 1.814 0.63 0.868 0.596
314.4 2.086 1.986 1.91 0.01 2.785 1.814 0.636 0.872 0.602
314.5 2.086 1.986 1.91 0.01 2.785 1.814 0.642 0.877 0.607
314.6 2.086 1.986 1.91 0.01 2.785 1.814 0.648 0.881 0.613
314.7 2.086 1.986 1.91 0.01 2.785 1.814 0.654 0.885 0.618
314.8 2.086 1.986 1.91 0.01 2.785 1.814 0.659 0.89 0.624
314.9 2.086 1.986 1.91 0.01 2.785 1.814 0.665 0.894 0.629
315.0 2.086 1.986 1.91 0.01 2.785 1.814 0.67 0.898 0.634
315.1 2.086 1.986 1.91 0.01 2.785 1.814 0.676 0.902 0.64
315.2 2.086 1.986 1.91 0.01 2.785 1.814 0.681 0.906 0.645
315.3 2.086 1.986 1.91 0.01 2.785 1.814 0.686 0.909 0.65
315.4 2.086 1.986 1.91 0.01 2.785 1.814 0.691 0.913 0.655
315.5 2.086 1.986 1.91 0.01 2.785 1.814 0.697 0.917 0.66
315.6 2.086 1.986 1.91 0.01 2.785 1.814 0.701 0.92 0.665
315.7 2.086 1.986 1.91 0.01 2.785 1.814 0.706 0.924 0.67
315.8 2.086 1.986 1.91 0.01 2.785 1.814 0.711 0.927 0.674
315.9 2.086 1.986 1.91 0.01 2.785 1.814 0.716 0.931 0.679
316.0 2.086 1.986 1.91 0.01 2.785 1.814 0.721 0.934 0.684
316.1 2.086 1.986 1.91 0.01 2.785 1.814 0.725 0.937 0.688
316.2 2.086 1.986 1.91 0.01 2.785 1.814 0.73 0.941 0.693
316.3 2.086 1.986 1.91 0.01 2.785 1.814 0.734 0.944 0.697
316.4 2.086 1.986 1.91 0.01 2.785 1.814 0.739 0.947 0.701
316.5 2.086 1.986 1.91 0.01 2.785 1.814 0.743 0.95 0.706
316.6 2.086 1.986 1.91 0.01 2.785 1.814 0.747 0.953 0.71
316.7 2.086 1.986 1.91 0.01 2.785 1.814 0.751 0.956 0.714
316.8 2.086 1.986 1.91 0.01 2.785 1.814 0.755 0.959 0.718
316.9 2.086 1.986 1.91 0.01 2.785 1.814 0.759 0.961 0.722
317.0 2.086 1.986 1.91 0.01 2.785 1.814 0.763 0.964 0.726
317.1 2.086 1.986 1.91 0.01 2.785 1.814 0.767 0.967 0.73
317.2 2.086 1.986 1.91 0.01 2.785 1.814 0.771 0.969 0.734
317.3 2.086 1.986 1.91 0.01 2.785 1.814 0.774 0.972 0.738
317.4 2.086 1.986 1.91 0.01 2.785 1.814 0.778 0.974 0.741
317.5 2.086 1.986 1.91 0.01 2.785 1.814 0.782 0.977 0.745
317.6 2.086 1.986 1.91 0.01 2.785 1.814 0.785 0.979 0.749
317.7 2.086 1.986 1.91 0.01 2.785 1.814 0.789 0.982 0.752
317.8 2.086 1.986 1.91 0.01 2.785 1.814 0.792 0.984 0.756
317.9 2.086 1.986 1.91 0.01 2.785 1.814 0.795 0.986 0.759
318.0 2.086 1.986 1.91 0.01 2.785 1.814 0.799 0.988 0.762
318.1 2.086 1.986 1.91 0.01 2.785 1.814 0.802 0.991 0.766
318.2 2.086 1.986 1.91 0.01 2.785 1.814 0.805 0.993 0.769
318.3 2.086 1.986 1.91 0.01 2.785 1.814 0.808 0.995 0.772
318.4 2.086 1.986 1.91 0.01 2.785 1.814 0.811 0.997 0.775
318.5 2.086 1.986 1.91 0.01 2.785 1.814 0.814 0.999 0.778
318.6 2.086 1.986 1.91 0.01 2.785 1.814 0.817 1.001 0.781
318.7 2.086 1.986 1.91 0.01 2.785 1.814 0.82 1.003 0.784
318.8 2.086 1.986 1.91 0.01 2.785 1.814 0.823 1.005 0.787
318.9 2.086 1.986 1.91 0.01 2.785 1.814 0.825 1.006 0.79
319.0 2.086 1.986 1.91 0.01 2.785 1.814 0.828 1.008 0.793
319.1 2.086 1.986 1.91 0.01 2.785 1.814 0.831 1.01 0.795
319.2 2.086 1.986 1.91 0.01 2.785 1.814 0.833 1.012 0.798
319.3 2.086 1.986 1.91 0.01 2.785 1.814 0.836 1.013 0.801
319.4 2.086 1.986 1.91 0.01 2.785 1.814 0.838 1.015 0.803
319.5 2.086 1.986 1.91 0.01 2.785 1.814 0.841 1.017 0.806
319.6 2.086 1.986 1.91 0.01 2.785 1.814 0.843 1.018 0.808
319.7 2.086 1.986 1.91 0.01 2.785 1.814 0.846 1.02 0.811
319.8 2.086 1.986 1.91 0.01 2.785 1.814 0.848 1.021 0.813
319.9 2.086 1.986 1.91 0.01 2.785 1.814 0.85 1.023 0.816
320.0 2.086 1.986 1.91 0.01 2.785 1.814 0.852 1.024 0.818
320.1 2.086 1.986 1.91 0.01 2.785 1.814 0.854 1.026 0.82
320.2 2.086 1.986 1.91 0.01 2.785 1.814 0.857 1.027 0.822
320.3 2.086 1.986 1.91 0.01 2.785 1.814 0.859 1.029 0.825
320.4 2.086 1.986 1.91 0.01 2.785 1.814 0.861 1.03 0.827
320.5 2.086 1.986 1.91 0.01 2.785 1.814 0.863 1.031 0.829
320.6 2.086 1.986 1.91 0.01 2.785 1.814 0.865 1.032 0.831
320.7 2.086 1.986 1.91 0.01 2.785 1.814 0.867 1.034 0.833
320.8 2.086 1.986 1.91 0.01 2.785 1.814 0.868 1.035 0.835
320.9 2.086 1.986 1.91 0.01 2.785 1.814 0.87 1.036 0.837
321.0 2.086 1.986 1.91 0.01 2.785 1.814 0.872 1.037 0.839
321.1 2.086 1.986 1.91 0.01 2.785 1.814 0.874 1.038 0.841
321.2 2.086 1.986 1.91 0.01 2.785 1.814 0.876 1.04 0.842
321.3 2.086 1.986 1.91 0.01 2.785 1.814 0.877 1.041 0.844
321.4 2.086 1.986 1.91 0.01 2.785 1.814 0.879 1.042 0.846
321.5 2.086 1.986 1.91 0.01 2.785 1.814 0.88 1.043 0.848
321.6 2.086 1.986 1.91 0.01 2.785 1.814 0.882 1.044 0.849
321.7 2.086 1.986 1.91 0.01 2.785 1.814 0.884 1.045 0.851
321.8 2.086 1.986 1.91 0.01 2.785 1.814 0.885 1.046 0.853
321.9 2.086 1.986 1.91 0.01 2.785 1.814 0.887 1.047 0.854
322.0 2.086 1.986 1.91 0.01 2.785 1.814 0.888 1.048 0.856
322.1 2.086 1.986 1.91 0.01 2.785 1.814 0.889 1.049 0.857
322.2 2.086 1.986 1.91 0.01 2.785 1.814 0.891 1.05 0.859
322.3 2.086 1.986 1.91 0.01 2.785 1.814 0.892 1.05 0.86
322.4 2.086 1.986 1.91 0.01 2.785 1.814 0.894 1.051 0.862
322.5 2.086 1.986 1.91 0.01 2.785 1.814 0.895 1.052 0.863
322.6 2.086 1.986 1.91 0.01 2.785 1.814 0.896 1.053 0.864
322.7 2.086 1.986 1.91 0.01 2.785 1.814 0.897 1.054 0.866
322.8 2.086 1.986 1.91 0.01 2.785 1.814 0.899 1.055 0.867
322.9 2.086 1.986 1.91 0.01 2.785 1.814 0.9 1.055 0.868
323.0 2.086 1.986 1.91 0.01 2.785 1.814 0.901 1.056 0.87
323.1 2.086 1.986 1.91 0.01 2.785 1.814 0.902 1.057 0.871
323.2 2.086 1.986 1.91 0.01 2.785 1.814 0.903 1.058 0.872
323.3 2.086 1.986 1.91 0.01 2.785 1.814 0.904 1.058 0.873
323.4 2.086 1.986 1.91 0.01 2.785 1.814 0.906 1.059 0.874
323.5 2.086 1.986 1.91 0.01 2.785 1.814 0.907 1.06 0.876
323.6 2.086 1.986 1.91 0.01 2.785 1.814 0.908 1.06 0.877
323.7 2.086 1.986 1.91 0.01 2.785 1.814 0.909 1.061 0.878
323.8 2.086 1.986 1.91 0.01 2.785 1.814 0.91 1.062 0.879
323.9 2.086 1.986 1.91 0.01 2.785 1.814 0.911 1.062 0.88
324.0 2.086 1.986 1.91 0.01 2.785 1.814 0.912 1.063 0.881
324.1 2.086 1.986 1.91 0.01 2.785 1.814 0.912 1.063 0.882
324.2 2.086 1.986 1.91 0.01 2.785 1.814 0.913 1.064 0.883
324.3 2.086 1.986 1.91 0.01 2.785 1.814 0.914 1.065 0.884
324.4 2.086 1.986 1.91 0.01 2.785 1.814 0.915 1.065 0.885
324.5 2.086 1.986 1.91 0.01 2.785 1.814 0.916 1.066 0.886
324.6 2.086 1.986 1.91 0.01 2.785 1.814 0.917 1.066 0.887
324.7 2.086 1.986 1.91 0.01 2.785 1.814 0.918 1.067 0.887
324.8 2.086 1.986 1.91 0.01 2.785 1.814 0.918 1.067 0.888
324.9 2.086 1.986 1.91 0.01 2.785 1.814 0.919 1.068 0.889
325.0 2.086 1.986 1.91 0.01 2.785 1.814 0.92 1.068 0.89
325.1 2.086 1.986 1.91 0.01 2.785 1.814 0.921 1.069 0.891
325.2 2.086 1.986 1.91 0.01 2.785 1.814 0.921 1.069 0.892
325.3 2.086 1.986 1.91 0.01 2.785 1.814 0.922 1.07 0.892
325.4 2.086 1.986 1.91 0.01 2.785 1.814 0.923 1.07 0.893
325.5 2.086 1.986 1.91 0.01 2.785 1.814 0.924 1.07 0.894
325.6 2.086 1.986 1.91 0.01 2.785 1.814 0.924 1.071 0.895
325.7 2.086 1.986 1.91 0.01 2.785 1.814 0.925 1.071 0.895
325.8 2.086 1.986 1.91 0.01 2.785 1.814 0.926 1.072 0.896
325.9 2.086 1.986 1.91 0.01 2.785 1.814 0.926 1.072 0.897
326.0 2.086 1.986 1.91 0.01 2.785 1.814 0.927 1.072 0.897
326.1 2.086 1.986 1.91 0.01 2.785 1.814 0.927 1.073 0.898
326.2 2.086 1.986 1.91 0.01 2.785 1.814 0.928 1.073 0.899
326.3 2.086 1.986 1.91 0.01 2.785 1.814 0.929 1.074 0.899
326.4 2.086 1.986 1.91 0.01 2.785 1.814 0.929 1.074 0.9
326.5 2.086 1.986 1.91 0.01 2.785 1.814 0.93 1.074 0.9
326.6 2.086 1.986 1.91 0.01 2.785 1.814 0.93 1.075 0.901
326.7 2.086 1.986 1.91 0.01 2.785 1.814 0.931 1.075 0.902
326.8 2.086 1.986 1.91 0.01 2.785 1.814 0.931 1.075 0.902
326.9 2.086 1.986 1.91 0.01 2.785 1.814 0.932 1.076 0.903
327.0 2.086 1.986 1.91 0.01 2.785 1.814 0.932 1.076 0.903
327.1 2.086 1.986 1.91 0.01 2.785 1.814 0.933 1.076 0.904
327.2 2.086 1.986 1.91 0.01 2.785 1.814 0.933 1.077 0.904
327.3 2.086 1.986 1.91 0.01 2.785 1.814 0.934 1.077 0.905
327.4 2.086 1.986 1.91 0.01 2.785 1.814 0.934 1.077 0.905
327.5 2.086 1.986 1.91 0.01 2.785 1.814 0.935 1.077 0.906
327.6 2.086 1.986 1.91 0.01 2.785 1.814 0.935 1.078 0.906
327.7 2.086 1.986 1.91 0.01 2.785 1.814 0.935 1.078 0.907
327.8 2.086 1.986 1.91 0.01 2.785 1.814 0.936 1.078 0.907
327.9 2.086 1.986 1.91 0.01 2.785 1.814 0.936 1.078 0.908
328.0 2.086 1.986 1.91 0.01 2.785 1.814 0.937 1.079 0.908
328.1 2.086 1.986 1.91 0.01 2.785 1.814 0.937 1.079 0.908
328.2 2.086 1.986 1.91 0.01 2.785 1.814 0.937 1.079 0.909
328.3 2.086 1.986 1.91 0.01 2.785 1.814 0.938 1.079 0.909
328.4 2.086 1.986 1.91 0.01 2.785 1.814 0.938 1.08 0.91
328.5 2.086 1.986 1.91 0.01 2.785 1.814 0.938 1.08 0.91
328.6 2.086 1.986 1.91 0.01 2.785 1.814 0.939 1.08 0.91
328.7 2.086 1.986 1.91 0.01 2.785 1.814 0.939 1.08 0.911
328.8 2.086 1.986 1.91 0.01 2.785 1.814 0.939 1.081 0.911
328.9 2.086 1.986 1.91 0.01 2.785 1.814 0.94 1.081 0.911
329.0 2.086 1.986 1.91 0.01 2.785 1.814 0.94 1.081 0.912
329.1 2.086 1.986 1.91 0.01 2.785 1.814 0.94 1.081 0.912
329.2 2.086 1.986 1.91 0.01 2.785 1.814 0.941 1.081 0.912
329.3 2.086 1.986 1.91 0.01 2.785 1.814 0.941 1.081 0.913
329.4 2.086 1.986 1.91 0.01 2.785 1.814 0.941 1.082 0.913
329.5 2.086 1.986 1.91 0.01 2.785 1.814 0.942 1.082 0.913
329.6 2.086 1.986 1.91 0.01 2.785 1.814 0.942 1.082 0.914
329.7 2.086 1.986 1.91 0.01 2.785 1.814 0.942 1.082 0.914
329.8 2.086 1.986 1.91 0.01 2.785 1.814 0.942 1.082 0.914
329.9 2.086 1.986 1.91 0.01 2.785 1.814 0.943 1.083 0.915
330.0 2.086 1.986 1.91 0.01 2.785 1.814 0.943 1.083 0.915
330.1 2.086 1.986 1.91 0.01 2.785 1.814 0.943 1.083 0.915
330.2 2.086 1.986 1.91 0.01 2.785 1.814 0.943 1.083 0.915
330.3 2.086 1.986 1.91 0.01 2.785 1.814 0.944 1.083 0.916
330.4 2.086 1.986 1.91 0.01 2.785 1.814 0.944 1.083 0.916
330.5 2.086 1.986 1.91 0.01 2.785 1.814 0.944 1.083 0.916
330.6 2.086 1.986 1.91 0.01 2.785 1.814 0.944 1.084 0.916
330.7 2.086 1.986 1.91 0.01 2.785 1.814 0.945 1.084 0.917
330.8 2.086 1.986 1.91 0.01 2.785 1.814 0.945 1.084 0.917
330.9 2.086 1.986 1.91 0.01 2.785 1.814 0.945 1.084 0.917
331.0 2.086 1.986 1.91 0.01 2.785 1.814 0.945 1.084 0.917
331.1 2.086 1.986 1.91 0.01 2.785 1.814 0.945 1.084 0.918
331.2 2.086 1.986 1.91 0.01 2.785 1.814 0.946 1.084 0.918
331.3 2.086 1.986 1.91 0.01 2.785 1.814 0.946 1.084 0.918
331.4 2.086 1.986 1.91 0.01 2.785 1.814 0.946 1.085 0.918
331.5 2.086 1.986 1.91 0.01 2.785 1.814 0.946 1.085 0.918
331.6 2.086 1.986 1.91 0.01 2.785 1.814 0.946 1.085 0.919
331.7 2.086 1.986 1.91 0.01 2.785 1.814 0.946 1.085 0.919
331.8 2.086 1.986 1.91 0.01 2.785 1.814 0.947 1.085 0.919
331.9 2.086 1.986 1.91 0.01 2.785 1.814 0.947 1.085 0.919
332.0 2.086 1.986 1.91 0.01 2.785 1.814 0.947 1.085 0.919
332.1 2.086 1.986 1.91 0.01 2.785 1.814 0.947 1.085 0.919
332.2 2.086 1.986 1.91 0.01 2.785 1.814 0.947 1.085 0.92
332.3 2.086 1.986 1.91 0.01 2.785 1.814 0.947 1.086 0.92
332.4 2.086 1.986 1.91 0.01 2.785 1.814 0.948 1.086 0.92
332.5 2.086 1.986 1.91 0.01 2.785 1.814 0.948 1.086 0.92
332.6 2.086 1.986 1.91 0.01 2.785 1.814 0.948 1.086 0.92
332.7 2.086 1.986 1.91 0.01 2.785 1.814 0.948 1.086 0.92
332.8 2.086 1.986 1.91 0.01 2.785 1.814 0.948 1.086 0.921
332.9 2.086 1.986 1.91 0.01 2.785 1.814 0.948 1.086 0.921
333.0 2.086 1.986 1.91 0.01 2.785 1.814 0.948 1.086 0.921
333.1 2.086 1.986 1.91 0.01 2.785 1.814 0.949 1.086 0.921
333.2 2.086 1.986 1.91 0.01 2.785 1.814 0.949 1.086 0.921
333.3 2.086 1.986 1.91 0.01 2.785 1.814 0.949 1.086 0.921
333.4 2.086 1.986 1.91 0.01 2.785 1.814 0.949 1.086 0.921
333.5 2.086 1.986 1.91 0.01 2.785 1.814 0.949 1.087 0.921
333.6 2.086 1.986 1.91 0.01 2.785 1.814 0.949 1.087 0.922
333.7 2.086 1.986 1.91 0.01 2.785 1.814 0.949 1.087 0.922
333.8 2.086 1.986 1.91 0.01 2.785 1.814 0.949 1.087 0.922
333.9 2.086 1.986 1.91 0.01 2.785 1.814 0.949 1.087 0.922
334.0 2.086 1.986 1.91 0.01 2.785 1.814 0.95 1.087 0.922
334.1 2.086 1.986 1.91 0.01 2.785 1.814 0.95 1.087 0.922
334.2 2.086 1.986 1.91 0.01 2.785 1.814 0.95 1.087 0.922
334.3 2.086 1.986 1.91 0.01 2.785 1.814 0.95 1.087 0.922
334.4 2.086 1.986 1.91 0.01 2.785 1.814 0.95 1.087 0.922
334.5 2.086 1.986 1.91 0.01 2.785 1.814 0.95 1.087 0.923
334.6 2.086 1.986 1.91 0.01 2.785 1.814 0.95 1.087 0.923
334.7 2.086 1.986 1.91 0.01 2.785 1.814 0.95 1.087 0.923
334.8 2.086 1.986 1.91 0.01 2.785 1.814 0.95 1.087 0.923
334.9 2.086 1.986 1.91 0.01 2.785 1.814 0.95 1.087 0.923
335.0 2.086 1.986 1.91 0.01 2.785 1.814 0.95 1.087 0.923
335.1 2.086 1.986 1.91 0.01 2.785 1.814 0.951 1.087 0.923
335.2 2.086 1.986 1.91 0.01 2.785 1.814 0.951 1.088 0.923
335.3 2.086 1.986 1.91 0.01 2.785 1.814 0.951 1.088 0.923
335.4 2.086 1.986 1.91 0.01 2.785 1.814 0.951 1.088 0.923
335.5 2.086 1.986 1.91 0.01 2.785 1.814 0.951 1.088 0.923
335.6 2.086 1.986 1.91 0.01 2.785 1.814 0.951 1.088 0.924
335.7 2.086 1.986 1.91 0.01 2.785 1.814 0.951 1.088 0.924
335.8 2.086 1.986 1.91 0.01 2.785 1.814 0.951 1.088 0.924
335.9 2.086 1.986 1.91 0.01 2.785 1.814 0.951 1.088 0.924
336.0 2.086 1.986 1.91 0.01 2.785 1.814 0.951 1.088 0.924
336.1 2.086 1.986 1.91 0.01 2.785 1.814 0.951 1.088 0.924
336.2 2.086 1.986 1.91 0.01 2.785 1.814 0.951 1.088 0.924
336.3 2.086 1.986 1.91 0.01 2.785 1.814 0.951 1.088 0.924
336.4 2.086 1.986 1.91 0.01 2.785 1.814 0.951 1.088 0.924
336.5 2.086 1.986 1.91 0.01 2.785 1.814 0.952 1.088 0.924
336.6 2.086 1.986 1.91 0.01 2.785 1.814 0.952 1.088 0.924
336.7 2.086 1.986 1.91 0.01 2.785 1.814 0.952 1.088 0.924
336.8 2.086 1.986 1.91 0.01 2.785 1.814 0.952 1.088 0.924
336.9 2.086 1.986 1.91 0.01 2.785 1.814 0.952 1.088 0.924
337.0 2.086 1.986 1.91 0.01 2.785 1.814 0.952 1.088 0.925
337.1 2.086 1.986 1.91 0.01 2.785 1.814 0.952 1.088 0.925
337.2 2.086 1.986 1.91 0.01 2.785 1.814 0.952 1.088 0.925
337.3 2.086 1.986 1.91 0.01 2.785 1.814 0.952 1.088 0.925
337.4 2.086 1.986 1.91 0.01 2.785 1.814 0.952 1.088 0.925
337.5 2.086 1.986 1.91 0.01 2.785 1.814 0.952 1.088 0.925
337.6 2.086 1.986 1.91 0.01 2.785 1.814 0.952 1.088 0.925
337.7 2.086 1.986 1.91 0.01 2.785 1.814 0.952 1.088 0.925
337.8 2.086 1.986 1.91 0.01 2.785 1.814 0.952 1.088 0.925
337.9 2.086 1.986 1.91 0.01 2.785 1.814 0.952 1.089 0.925
338.0 2.086 1.986 1.91 0.01 2.785 1.814 0.952 1.089 0.925
338.1 2.086 1.986 1.91 0.01 2.785 1.814 0.952 1.089 0.925
338.2 2.086 1.986 1.91 0.01 2.785 1.814 0.952 1.089 0.925
338.3 2.086 1.986 1.91 0.01 2.785 1.814 0.952 1.089 0.925
338.4 2.086 1.986 1.91 0.01 2.785 1.814 0.952 1.089 0.925
338.5 2.086 1.986 1.91 0.01 2.785 1.814 0.952 1.089 0.925
338.6 2.086 1.986 1.91 0.01 2.785 1.814 0.952 1.089 0.925
338.7 2.086 1.986 1.91 0.01 2.785 1.814 0.953 1.089 0.925
338.8 2.086 1.986 1.91 0.01 2.785 1.814 0.953 1.089 0.925
338.9 2.086 1.986 1.91 0.01 2.785 1.814 0.953 1.089 0.925
339.0 2.086 1.986 1.91 0.01 2.785 1.814 0.953 1.089 0.925
339.1 2.086 1.986 1.91 0.01 2.785 1.814 0.953 1.089 0.925
339.2 2.086 1.986 1.91 0.01 2.785 1.814 0.953 1.089 0.925
339.3 2.086 1.986 1.91 0.01 2.785 1.814 0.953 1.089 0.926
339.4 2.086 1.986 1.91 0.01 2.785 1.814 0.953 1.089 0.926
339.5 2.086 1.986 1.91 0.01 2.785 1.814 0.953 1.089 0.926
339.6 2.086 1.986 1.91 0.01 2.785 1.814 0.953 1.089 0.926
339.7 2.086 1.986 1.91 0.01 2.785 1.814 0.953 1.089 0.926
339.8 2.086 1.986 1.91 0.01 2.785 1.814 0.953 1.089 0.926
339.9 2.086 1.986 1.91 0.01 2.785 1.814 0.953 1.089 0.926
340.0 2.086 1.986 1.91 0.01 2.785 1.814 0.953 1.089 0.926
340.1 2.086 1.986 1.91 0.01 2.785 1.814 0.953 1.089 0.926
340.2 2.086 1.986 1.91 0.01 2.785 1.814 0.953 1.089 0.926
340.3 2.086 1.986 1.91 0.01 2.785 1.814 0.953 1.089 0.926
340.4 2.086 1.986 1.91 0.01 2.785 1.814 0.953 1.089 0.926
340.5 2.086 1.986 1.91 0.01 2.785 1.814 0.953 1.089 0.926
340.6 2.086 1.986 1.91 0.01 2.785 1.814 0.953 1.089 0.926
340.7 2.086 1.986 1.91 0.01 2.785 1.814 0.953 1.089 0.926
340.8 2.086 1.986 1.91 0.01 2.785 1.814 0.953 1.089 0.926
340.9 2.086 1.986 1.91 0.01 2.785 1.814 0.953 1.089 0.926
341.0 2.086 1.986 1.91 0.01 2.785 1.814 0.953 1.089 0.926
341.1 2.086 1.986 1.91 0.01 2.785 1.814 0.953 1.089 0.926
341.2 2.086 1.986 1.91 0.01 2.785 1.814 0.953 1.089 0.926
341.3 2.086 1.986 1.91 0.01 2.785 1.814 0.953 1.089 0.926
341.4 2.086 1.986 1.91 0.01 2.785 1.814 0.953 1.089 0.926
341.5 2.086 1.986 1.91 0.01 2.785 1.814 0.953 1.089 0.926
341.6 2.086 1.986 1.91 0.01 2.785 1.814 0.953 1.089 0.926
341.7 2.086 1.986 1.91 0.01 2.785 1.814 0.953 1.089 0.926
341.8 2.086 1.986 1.91 0.01 2.785 1.814 0.953 1.089 0.926
341.9 2.086 1.986 1.91 0.01 2.785 1.814 0.953 1.089 0.926
342.0 2.086 1.986 1.91 0.01 2.785 1.814 0.953 1.089 0.926
342.1 2.086 1.986 1.91 0.01 2.785 1.814 0.953 1.089 0.926
342.2 2.086 1.986 1.91 0.01 2.785 1.814 0.953 1.089 0.926
342.3 2.086 1.986 1.91 0.01 2.785 1.814 0.953 1.089 0.926
342.4 2.086 1.986 1.91 0.01 2.785 1.814 0.953 1.089 0.926
342.5 2.086 1.986 1.91 0.01 2.785 1.814 0.953 1.089 0.926
342.6 2.086 1.986 1.91 0.01 2.785 1.814 0.953 1.089 0.926
342.7 2.086 1.986 1.91 0.01 2.785 1.814 0.953 1.089 0.926
342.8 2.086 1.986 1.91 0.01 2.785 1.814 0.953 1.089 0.926
342.9 2.086 1.986 1.91 0.01 2.785 1.814 0.953 1.089 0.926
343.0 2.086 1.986 1.91 0.01 2.785 1.814 0.953 1.089 0.926
343.1 2.086 1.986 1.91 0.01 2.785 1.814 0.954 1.089 0.926
343.2 2.086 1.986 1.91 0.01 2.785 1.814 0.954 1.089 0.926
343.3 2.086 1.986 1.91 0.01 2.785 1.814 0.954 1.089 0.926
343.4 2.086 1.986 1.91 0.01 2.785 1.814 0.954 1.089 0.926
343.5 2.086 1.986 1.91 0.01 2.785 1.814 0.954 1.089 0.926
343.6 2.086 1.986 1.91 0.01 2.785 1.814 0.954 1.089 0.926
343.7 2.086 1.986 1.91 0.01 2.785 1.814 0.954 1.089 0.926
343.8 2.086 1.986 1.91 0.01 2.785 1.814 0.954 1.089 0.926
343.9 2.086 1.986 1.91 0.01 2.785 1.814 0.954 1.089 0.927
344.0 2.086 1.986 1.91 0.01 2.785 1.814 0.954 1.089 0.927
344.1 2.086 1.986 1.91 0.01 2.785 1.814 0.954 1.089 0.927
344.2 2.086 1.986 1.91 0.01 2.785 1.814 0.954 1.089 0.927
344.3 2.086 1.986 1.91 0.01 2.785 1.814 0.954 1.089 0.927
344.4 2.086 1.986 1.91 0.01 2.785 1.814 0.954 1.089 0.927
344.5 2.086 1.986 1.91 0.01 2.785 1.814 0.954 1.089 0.927
344.6 2.086 1.986 1.91 0.01 2.785 1.814 0.954 1.089 0.927
344.7 2.086 1.986 1.91 0.01 2.785 1.814 0.954 1.089 0.927
344.8 2.086 1.986 1.91 0.01 2.785 1.814 0.954 1.089 0.927
344.9 2.086 1.986 1.91 0.01 2.785 1.814 0.954 1.089 0.927
345.0 2.086 1.986 1.91 0.01 2.785 1.814 0.954 1.089 0.927
345.1 2.086 1.986 1.91 0.01 2.785 1.814 0.954 1.089 0.927
345.2 2.086 1.986 1.91 0.01 2.785 1.814 0.954 1.089 0.927
345.3 2.086 1.986 1.91 0.01 2.785 1.814 0.954 1.089 0.927
345.4 2.086 1.986 1.91 0.01 2.785 1.814 0.954 1.089 0.927
345.5 2.086 1.986 1.91 0.01 2.785 1.814 0.954 1.089 0.927
345.6 2.086 1.986 1.91 0.01 2.785 1.814 0.954 1.089 0.927
345.7 2.086 1.986 1.91 0.01 2.785 1.814 0.954 1.089 0.927
345.8 2.086 1.986 1.91 0.01 2.785 1.814 0.954 1.089 0.927
345.9 2.086 1.986 1.91 0.01 2.785 1.814 0.954 1.089 0.927
346.0 2.086 1.986 1.91 0.01 2.785 1.814 0.954 1.09 0.927
346.1 2.086 1.986 1.91 0.01 2.785 1.814 0.954 1.09 0.927
346.2 2.086 1.986 1.91 0.01 2.785 1.814 0.954 1.09 0.927
346.3 2.086 1.986 1.91 0.01 2.785 1.814 0.954 1.09 0.927
346.4 2.086 1.986 1.91 0.01 2.785 1.814 0.954 1.09 0.927
346.5 2.086 1.986 1.91 0.01 2.785 1.814 0.954 1.09 0.927
346.6 2.086 1.986 1.91 0.01 2.785 1.814 0.954 1.09 0.927
346.7 2.086 1.986 1.91 0.01 2.785 1.814 0.954 1.09 0.927
346.8 2.086 1.986 1.91 0.01 2.785 1.814 0.954 1.09 0.927
346.9 2.086 1.986 1.91 0.01 2.785 1.814 0.954 1.09 0.927
347.0 2.086 1.986 1.91 0.01 2.785 1.814 0.954 1.09 0.927
347.1 2.086 1.986 1.91 0.01 2.785 1.814 0.954 1.09 0.927
347.2 2.086 1.986 1.91 0.01 2.785 1.814 0.954 1.09 0.927
347.3 2.086 1.986 1.91 0.01 2.785 1.814 0.954 1.09 0.927
347.4 2.086 1.986 1.91 0.01 2.785 1.814 0.954 1.09 0.927
347.5 2.086 1.986 1.91 0.01 2.785 1.814 0.954 1.09 0.927
347.6 2.086 1.986 1.91 0.01 2.785 1.814 0.954 1.09 0.927
347.7 2.086 1.986 1.91 0.01 2.785 1.814 0.954 1.09 0.927
347.8 2.086 1.986 1.91 0.01 2.785 1.814 0.954 1.09 0.927
347.9 2.086 1.986 1.91 0.01 2.785 1.814 0.954 1.09 0.927
348.0 2.086 1.986 1.91 0.01 2.785 1.814 0.954 1.09 0.927
348.1 2.086 1.986 1.91 0.01 2.785 1.814 0.954 1.09 0.927
348.2 2.086 1.986 1.91 0.01 2.785 1.814 0.954 1.09 0.927
348.3 2.086 1.986 1.91 0.01 2.785 1.814 0.954 1.09 0.927
348.4 2.086 1.986 1.91 0.01 2.785 1.814 0.954 1.09 0.927
348.5 2.086 1.986 1.91 0.01 2.785 1.814 0.954 1.09 0.927
348.6 2.086 1.986 1.91 0.01 2.785 1.814 0.954 1.09 0.927
348.7 2.086 1.986 1.91 0.01 2.785 1.814 0.954 1.09 0.927
348.8 2.086 1.986 1.91 0.01 2.785 1.814 0.954 1.09 0.927
348.9 2.086 1.986 1.91 0.01 2.785 1.814 0.954 1.09 0.927
349.0 2.086 1.986 1.91 0.01 2.785 1.814 0.954 1.09 0.927
349.1 2.086 1.986 1.91 0.01 2.785 1.814 0.954 1.09 0.927
349.2 2.086 1.986 1.91 0.01 2.785 1.814 0.954 1.09 0.927
349.3 2.086 1.986 1.91 0.01 2.785 1.814 0.954 1.09 0.927
349.4 2.086 1.986 1.91 0.01 2.785 1.814 0.954 1.09 0.927
349.5 2.086 1.986 1.91 0.01 2.785 1.814 0.954 1.09 0.927
349.6 2.086 1.986 1.91 0.01 2.785 1.814 0.954 1.09 0.927
349.7 2.086 1.986 1.91 0.01 2.785 1.814 0.954 1.09 0.927
349.8 2.086 1.986 1.91 0.01 2.785 1.814 0.954 1.09 0.927
349.9 2.086 1.986 1.91 0.01 2.785 1.814 0.954 1.09 0.927
350.0 2.086 1.986 1.91 0.01 2.785 1.814 0.954 1.09 0.927
350.1 2.086 1.986 1.91 0.01 2.785 1.814 0.954 1.09 0.927
350.2 2.086 1.986 1.91 0.01 2.785 1.814 0.954 1.09 0.927
350.3 2.086 1.986 1.91 0.01 2.785 1.814 0.954 1.09 0.927
350.4 2.086 1.986 1.91 0.01 2.785 1.814 0.954 1.09 0.927
350.5 2.086 1.986 1.91 0.01 2.785 1.814 0.954 1.09 0.927
350.6 2.086 1.986 1.91 0.01 2.785 1.814 0.954 1.09 0.927
350.7 2.086 1.986 1.91 0.01 2.785 1.814 0.954 1.09 0.927
350.8 2.086 1.986 1.91 0.01 2.785 1.814 0.954 1.09 0.927
350.9 2.086 1.986 1.91 0.01 2.785 1.814 0.954 1.09 0.927
351.0 2.086 1.986 1.91 0.01 2.785 1.814 0.954 1.09 0.927
351.1 2.086 1.986 1.91 0.01 2.785 1.814 0.954 1.09 0.927
351.2 2.086 1.986 1.91 0.01 2.785 1.814 0.954 1.09 0.927
351.3 2.086 1.986 1.91 0.01 2.785 1.814 0.954 1.09 0.927
351.4 2.086 1.986 1.91 0.01 2.785 1.814 0.954 1.09 0.927
351.5 2.086 1.986 1.91 0.01 2.785 1.814 0.954 1.09 0.927
351.6 2.086 1.986 1.91 0.01 2.785 1.814 0.954 1.09 0.927
351.7 2.086 1.986 1.91 0.01 2.785 1.814 0.954 1.09 0.927
351.8 2.086 1.986 1.91 0.01 2.785 1.814 0.954 1.09 0.927
351.9 2.086 1.986 1.91 0.01 2.785 1.814 0.954 1.09 0.927
352.0 2.086 1.986 1.91 0.01 2.785 1.814 0.954 1.09 0.927
352.1 2.086 1.986 1.91 0.01 2.785 1.814 0.954 1.09 0.927
352.2 2.086 1.986 1.91 0.01 2.785 1.814 0.954 1.09 0.927
352.3 2.086 1.986 1.91 0.01 2.785 1.814 0.954 1.09 0.927
352.4 2.086 1.986 1.91 0.01 2.785 1.814 0.954 1.09 0.927
352.5 2.086 1.986 1.91 0.01 2.785 1.814 0.954 1.09 0.927
352.6 2.086 1.986 1.91 0.01 2.785 1.814 0.954 1.09 0.927
352.7 2.086 1.986 1.91 0.01 2.785 1.814 0.954 1.09 0.927
352.8 2.086 1.986 1.91 0.01 2.785 1.814 0.954 1.09 0.927
352.9 2.086 1.986 1.91 0.01 2.785 1.814 0.954 1.09 0.927
353.0 2.086 1.986 1.91 0.01 2.785 1.814 0.954 1.09 0.927
353.1 2.086 1.986 1.91 0.01 2.785 1.814 0.954 1.09 0.927
353.2 2.086 1.986 1.91 0.01 2.785 1.814 0.954 1.09 0.927
353.3 2.086 1.986 1.91 0.01 2.785 1.814 0.954 1.09 0.927
353.4 2.086 1.986 1.91 0.01 2.785 1.814 0.954 1.09 0.927
353.5 2.086 1.986 1.91 0.01 2.785 1.814 0.954 1.09 0.927
353.6 2.086 1.986 1.91 0.01 2.785 1.814 0.954 1.09 0.927
353.7 2.086 1.986 1.91 0.01 2.785 1.814 0.954 1.09 0.927
353.8 2.086 1.986 1.91 0.01 2.785 1.814 0.954 1.09 0.927
353.9 2.086 1.986 1.91 0.01 2.785 1.814 0.954 1.09 0.927
354.0 2.086 1.986 1.91 0.01 2.785 1.814 0.954 1.09 0.927
354.1 2.086 1.986 1.91 0.01 2.785 1.814 0.954 1.09 0.927
354.2 2.086 1.986 1.91 0.01 2.785 1.814 0.954 1.09 0.927
354.3 2.086 1.986 1.91 0.01 2.785 1.814 0.954 1.09 0.927
354.4 2.086 1.986 1.91 0.01 2.785 1.814 0.954 1.09 0.927
354.5 2.086 1.986 1.91 0.01 2.785 1.814 0.954 1.09 0.927
354.6 2.086 1.986 1.91 0.01 2.785 1.814 0.954 1.09 0.927
354.7 2.086 1.986 1.91 0.01 2.785 1.814 0.954 1.09 0.927
354.8 2.086 1.986 1.91 0.01 2.785 1.814 0.954 1.09 0.927
354.9 2.086 1.986 1.91 0.01 2.785 1.814 0.954 1.09 0.927
355.0 2.086 1.986 1.91 0.01 2.785 1.814 0.954 1.09 0.927
355.1 2.086 1.986 1.91 0.01 2.785 1.814 0.954 1.09 0.927
355.2 2.086 1.986 1.91 0.01 2.785 1.814 0.954 1.09 0.927
355.3 2.086 1.986 1.91 0.01 2.785 1.814 0.954 1.09 0.927
355.4 2.086 1.986 1.91 0.01 2.785 1.814 0.954 1.09 0.927
355.5 2.086 1.986 1.91 0.01 2.785 1.814 0.954 1.09 0.927
355.6 2.086 1.986 1.91 0.01 2.785 1.814 0.954 1.09 0.927
355.7 2.086 1.986 1.91 0.01 2.785 1.814 0.954 1.09 0.927
355.8 2.086 1.986 1.91 0.01 2.785 1.814 0.954 1.09 0.927
355.9 2.086 1.986 1.91 0.01 2.785 1.814 0.954 1.09 0.927
356.0 2.086 1.986 1.91 0.01 2.785 1.814 0.954 1.09 0.927
356.1 2.086 1.986 1.91 0.01 2.785 1.814 0.954 1.09 0.927
356.2 2.086 1.986 1.91 0.01 2.785 1.814 0.954 1.09 0.927
356.3 2.086 1.986 1.91 0.01 2.785 1.814 0.954 1.09 0.927
356.4 2.086 1.986 1.91 0.01 2.785 1.814 0.954 1.09 0.927
356.5 2.086 1.986 1.91 0.01 2.785 1.814 0.954 1.09 0.927
356.6 2.086 1.986 1.91 0.01 2.785 1.814 0.954 1.09 0.927
356.7 2.086 1.986 1.91 0.01 2.785 1.814 0.954 1.09 0.927
356.8 2.086 1.986 1.91 0.01 2.785 1.814 0.954 1.09 0.927
356.9 2.086 1.986 1.91 0.01 2.785 1.814 0.954 1.09 0.927
357.0 2.086 1.986 1.91 0.01 2.785 1.814 0.954 1.09 0.927
357.1 2.086 1.986 1.91 0.01 2.785 1.814 0.954 1.09 0.927
357.2 2.086 1.986 1.91 0.01 2.785 1.814 0.954 1.09 0.927
357.3 2.086 1.986 1.91 0.01 2.785 1.814 0.954 1.09 0.927
357.4 2.086 1.986 1.91 0.01 2.785 1.814 0.954 1.09 0.927
357.5 2.086 1.986 1.91 0.01 2.785 1.814 0.954 1.09 0.927
357.6 2.086 1.986 1.91 0.01 2.785 1.814 0.954 1.09 0.927
357.7 2.086 1.986 1.91 0.01 2.785 1.814 0.954 1.09 0.927
357.8 2.086 1.986 1.91 0.01 2.785 1.814 0.954 1.09 0.927
357.9 2.086 1.986 1.91 0.01 2.785 1.814 0.954 1.09 0.927
358.0 2.086 1.986 1.91 0.01 2.785 1.814 0.954 1.09 0.927
358.1 2.086 1.986 1.91 0.01 2.785 1.814 0.954 1.09 0.927
358.2 2.086 1.986 1.91 0.01 2.785 1.814 0.954 1.09 0.927
358.3 2.086 1.986 1.91 0.01 2.785 1.814 0.954 1.09 0.927
358.4 2.086 1.986 1.91 0.01 2.785 1.814 0.954 1.09 0.927
358.5 2.086 1.986 1.91 0.01 2.785 1.814 0.954 1.09 0.927
358.6 2.086 1.986 1.91 0.01 2.785 1.814 0.954 1.09 0.927
358.7 2.086 1.986 1.91 0.01 2.785 1.814 0.954 1.09 0.927
358.8 2.086 1.986 1.91 0.01 2.785 1.814 0.954 1.09 0.927
358.9 2.086 1.986 1.91 0.01 2.785 1.814 0.954 1.09 0.927
359.0 2.086 1.986 1.91 0.01 2.785 1.814 0.954 1.09 0.927
359.1 2.086 1.986 1.91 0.01 2.785 1.814 0.954 1.09 0.927
359.2 2.086 1.986 1.91 0.01 2.785 1.814 0.954 1.09 0.927
359.3 2.086 1.986 1.91 0.01 2.785 1.814 0.954 1.09 0.927
359.4 2.086 1.986 1.91 0.01 2.785 1.814 0.954 1.09 0.927
359.5 2.086 1.986 1.91 0.01 2.785 1.814 0.954 1.09 0.927
359.6 2.086 1.986 1.91 0.01 2.785 1.814 0.954 1.09 0.927
359.7 2.086 1.986 1.91 0.01 2.785 1.814 0.954 1.09 0.927
359.8 2.086 1.986 1.91 0.01 2.785 1.814 0.954 1.09 0.927
359.9 2.086 1.986 1.91 0.01 2.785 1.814 0.954 1.09 0.927
360.0 2.086 1.986 1.91 0.01 2.785 1.814 0.954 1.09 0.927
360.1 2.086 1.986 1.91 0.01 2.785 1.814 0.954 1.09 0.927
360.2 2.086 1.986 1.91 0.01 2.785 1.814 0.954 1.09 0.927
360.3 2.086 1.986 1.91 0.01 2.785 1.814 0.954 1.09 0.927
360.4 2.086 1.986 1.91 0.01 2.785 1.814 0.954 1.09 0.927
360.5 2.086 1.986 1.91 0.01 2.785 1.814 0.954 1.09 0.927
360.6 2.086 1.986 1.91 0.01 2.785 1.814 0.954 1.09 0.927
360.7 2.086 1.986 1.91 0.01 2.785 1.814 0.954 1.09 0.927
360.8 2.086 1.986 1.91 0.01 2.785 1.814 0.954 1.09 0.927
360.9 2.086 1.986 1.91 0.01 2.785 1.814 0.954 1.09 0.927
361.0 2.086 1.986 1.91 0.01 2.785 1.814 0.954 1.09 0.927
361.1 2.086 1.986 1.91 0.01 2.785 1.814 0.954 1.09 0.927
361.2 2.086 1.986 1.91 0.01 2.785 1.814 0.954 1.09 0.927
361.3 2.086 1.986 1.91 0.01 2.785 1.814 0.954 1.09 0.927
361.4 2.086 1.986 1.91 0.01 2.785 1.814 0.954 1.09 0.927
361.5 2.086 1.986 1.91 0.01 2.785 1.814 0.954 1.09 0.927
361.6 2.086 1.986 1.91 0.01 2.785 1.814 0.954 1.09 0.927
361.7 2.086 1.986 1.91 0.01 2.785 1.814 0.954 1.09 0.927
361.8 2.086 1.986 1.91 0.01 2.785 1.814 0.954 1.09 0.927
361.9 2.086 1.986 1.91 0.01 2.785 1.814 0.954 1.09 0.927
362.0 2.086 1.986 1.91 0.01 2.785 1.814 0.954 1.09 0.927
362.1 2.086 1.986 1.91 0.01 2.785 1.814 0.954 1.09 0.927
362.2 2.086 1.986 1.91 0.01 2.785 1.814 0.954 1.09 0.927
362.3 2.086 1.986 1.91 0.01 2.785 1.814 0.954 1.09 0.927
362.4 2.086 1.986 1.91 0.01 2.785 1.814 0.954 1.09 0.927
362.5 2.086 1.986 1.91 0.01 2.785 1.814 0.954 1.09 0.927
362.6 2.086 1.986 1.91 0.01 2.785 1.814 0.954 1.09 0.927
362.7 2.086 1.986 1.91 0.01 2.785 1.814 0.954 1.09 0.927
362.8 2.086 1.986 1.91 0.01 2.785 1.814 0.954 1.09 0.927
362.9 2.086 1.986 1.91 0.01 2.785 1.814 0.954 1.09 0.927
363.0 2.086 1.986 1.91 0.01 2.785 1.814 0.954 1.09 0.927
363.1 2.086 1.986 1.91 0.01 2.785 1.814 0.954 1.09 0.927
363.2 2.086 1.986 1.91 0.01 2.785 1.814 0.954 1.09 0.927
363.3 2.086 1.986 1.91 0.01 2.785 1.814 0.954 1.09 0.927
363.4 2.086 1.986 1.91 0.01 2.785 1.814 0.954 1.09 0.927
363.5 2.086 1.986 1.91 0.01 2.785 1.814 0.954 1.09 0.927
363.6 2.086 1.986 1.91 0.01 2.785 1.814 0.954 1.09 0.927
363.7 2.086 1.986 1.91 0.01 2.785 1.814 0.954 1.09 0.927
363.8 2.086 1.986 1.91 0.01 2.785 1.814 0.954 1.09 0.927
363.9 2.086 1.986 1.91 0.01 2.785 1.814 0.954 1.09 0.927
364.0 2.086 1.986 1.91 0.01 2.785 1.814 0.954 1.09 0.927
364.1 2.086 1.986 1.91 0.01 2.785 1.814 0.954 1.09 0.927
364.2 2.086 1.986 1.91 0.01 2.785 1.814 0.954 1.09 0.927
364.3 2.086 1.986 1.91 0.01 2.785 1.814 0.954 1.09 0.927
364.4 2.086 1.986 1.91 0.01 2.785 1.814 0.954 1.09 0.927
364.5 2.086 1.986 1.91 0.01 2.785 1.814 0.954 1.09 0.927
364.6 2.086 1.986 1.91 0.01 2.785 1.814 0.954 1.09 0.927
364.7 2.086 1.986 1.91 0.01 2.785 1.814 0.954 1.09 0.927
364.8 2.086 1.986 1.91 0.01 2.785 1.814 0.954 1.09 0.927
364.9 2.086 1.986 1.91 0.01 2.785 1.814 0.954 1.09 0.927
365.0 2.086 1.986 1.91 0.01 2.785 1.814 0.954 1.09 0.927
365.1 2.086 1.986 1.91 0.01 2.785 1.814 0.954 1.09 0.927
365.2 2.086 1.986 1.91 0.01 2.785 1.814 0.954 1.09 0.927
365.3 2.086 1.986 1.91 0.01 2.785 1.814 0.954 1.09 0.927
365.4 2.086 1.986 1.91 0.01 2.785 1.814 0.954 1.09 0.927
365.5 2.086 1.986 1.91 0.01 2.785 1.814 0.954 1.09 0.927
365.6 2.086 1.986 1.91 0.01 2.785 1.814 0.954 1.09 0.927
365.7 2.086 1.986 1.91 0.01 2.785 1.814 0.954 1.09 0.927
365.8 2.086 1.986 1.91 0.01 2.785 1.814 0.954 1.09 0.927
365.9 2.086 1.986 1.91 0.01 2.785 1.814 0.954 1.09 0.927
366.0 2.086 1.986 1.91 0.01 2.785 1.814 0.954 1.09 0.927
366.1 2.086 1.986 1.91 0.01 2.785 1.814 0.954 1.09 0.927
366.2 2.086 1.986 1.91 0.01 2.785 1.814 0.954 1.09 0.927
366.3 2.086 1.986 1.91 0.01 2.785 1.814 0.954 1.09 0.927
366.4 2.086 1.986 1.91 0.01 2.785 1.814 0.954 1.09 0.927
366.5 2.086 1.986 1.91 0.01 2.785 1.814 0.954 1.09 0.927
366.6 2.086 1.986 1.91 0.01 2.785 1.814 0.954 1.09 0.927
366.7 2.086 1.986 1.91 0.01 2.785 1.814 0.954 1.09 0.927
366.8 2.086 1.986 1.91 0.01 2.785 1.814 0.954 1.09 0.927
366.9 2.086 1.986 1.91 0.01 2.785 1.814 0.954 1.09 0.927
367.0 2.086 1.986 1.91 0.01 2.785 1.814 0.954 1.09 0.927
367.1 2.086 1.986 1.91 0.01 2.785 1.814 0.954 1.09 0.927
367.2 2.086 1.986 1.91 0.01 2.785 1.814 0.954 1.09 0.927
367.3 2.086 1.986 1.91 0.01 2.785 1.814 0.954 1.09 0.927
367.4 2.086 1.986 1.91 0.01 2.785 1.814 0.954 1.09 0.927
367.5 2.086 1.986 1.91 0.01 2.785 1.814 0.954 1.09 0.927
367.6 2.086 1.986 1.91 0.01 2.785 1.814 0.954 1.09 0.927
367.7 2.086 1.986 1.91 0.01 2.785 1.814 0.954 1.09 0.927
367.8 2.086 1.986 1.91 0.01 2.785 1.814 0.954 1.09 0.927
367.9 2.086 1.986 1.91 0.01 2.785 1.814 0.954 1.09 0.927
368.0 2.086 1.986 1.91 0.01 2.785 1.814 0.954 1.09 0.927
368.1 2.086 1.986 1.91 0.01 2.785 1.814 0.954 1.09 0.927
368.2 2.086 1.986 1.91 0.01 2.785 1.814 0.954 1.09 0.927
368.3 2.086 1.986 1.91 0.01 2.785 1.814 0.954 1.09 0.927
368.4 2.086 1.986 1.91 0.01 2.785 1.814 0.954 1.09 0.927
368.5 2.086 1.986 1.91 0.01 2.785 1.814 0.954 1.09 0.927
368.6 2.086 1.986 1.91 0.01 2.785 1.814 0.954 1.09 0.927
368.7 2.086 1.986 1.91 0.01 2.785 1.814 0.954 1.09 0.927
368.8 2.086 1.986 1.91 0.01 2.785 1.814 0.954 1.09 0.927
368.9 2.086 1.986 1.91 0.01 2.785 1.814 0.954 1.09 0.927
369.0 2.086 1.986 1.91 0.01 2.785 1.814 0.954 1.09 0.927
369.1 2.086 1.986 1.91 0.01 2.785 1.814 0.954 1.09 0.927
369.2 2.086 1.986 1.91 0.01 2.785 1.814 0.954 1.09 0.927
369.3 2.086 1.986 1.91 0.01 2.785 1.814 0.954 1.09 0.927
369.4 2.086 1.986 1.91 0.01 2.785 1.814 0.954 1.09 0.927
369.5 2.086 1.986 1.91 0.01 2.785 1.814 0.954 1.09 0.927
369.6 2.086 1.986 1.91 0.01 2.785 1.814 0.954 1.09 0.927
369.7 2.086 1.986 1.91 0.01 2.785 1.814 0.954 1.09 0.927
369.8 2.086 1.986 1.91 0.01 2.785 1.814 0.954 1.09 0.927
369.9 2.086 1.986 1.91 0.01 2.785 1.814 0.954 1.09 0.927
370.0 2.086 1.986 1.91 0.01 2.785 1.814 0.954 1.09 0.927
370.1 2.086 1.986 1.91 0.01 2.785 1.814 0.954 1.09 0.927
370.2 2.086 1.986 1.91 0.01 2.785 1.814 0.954 1.09 0.927
370.3 2.086 1.986 1.91 0.01 2.785 1.814 0.954 1.09 0.927
370.4 2.086 1.986 1.91 0.01 2.785 1.814 0.954 1.09 0.927
370.5 2.086 1.986 1.91 0.01 2.785 1.814 0.954 1.09 0.927
370.6 2.086 1.986 1.91 0.01 2.785 1.814 0.954 1.09 0.927
370.7 2.086 1.986 1.91 0.01 2.785 1.814 0.954 1.09 0.927
370.8 2.086 1.986 1.91 0.01 2.785 1.814 0.954 1.09 0.927
370.9 2.086 1.986 1.91 0.01 2.785 1.814 0.954 1.09 0.927
371.0 2.086 1.986 1.91 0.01 2.785 1.814 0.954 1.09 0.927
371.1 2.086 1.986 1.91 0.01 2.785 1.814 0.954 1.09 0.927
371.2 2.086 1.986 1.91 0.01 2.785 1.814 0.954 1.09 0.927
371.3 2.086 1.986 1.91 0.01 2.785 1.814 0.954 1.09 0.927
371.4 2.086 1.986 1.91 0.01 2.785 1.814 0.954 1.09 0.927
371.5 2.086 1.986 1.91 0.01 2.785 1.814 0.954 1.09 0.927
371.6 2.086 1.986 1.91 0.01 2.785 1.814 0.954 1.09 0.927
371.7 2.086 1.986 1.91 0.01 2.785 1.814 0.954 1.09 0.927
371.8 2.086 1.986 1.91 0.01 2.785 1.814 0.954 1.09 0.927
371.9 2.086 1.986 1.91 0.01 2.785 1.814 0.954 1.09 0.927
372.0 2.086 1.986 1.91 0.01 2.785 1.814 0.954 1.09 0.927
372.1 2.086 1.986 1.91 0.01 2.785 1.814 0.954 1.09 0.927
372.2 2.086 1.986 1.91 0.01 2.785 1.814 0.954 1.09 0.927
372.3 2.086 1.986 1.91 0.01 2.785 1.814 0.954 1.09 0.927
372.4 2.086 1.986 1.91 0.01 2.785 1.814 0.954 1.09 0.927
372.5 2.086 1.986 1.91 0.01 2.785 1.814 0.954 1.09 0.927
372.6 2.086 1.986 1.91 0.01 2.785 1.814 0.954 1.09 0.927
372.7 2.086 1.986 1.91 0.01 2.785 1.814 0.954 1.09 0.927
372.8 2.086 1.986 1.91 0.01 2.785 1.814 0.954 1.09 0.927
372.9 2.086 1.986 1.91 0.01 2.785 1.814 0.954 1.09 0.927
373.0 2.086 1.986 1.91 0.01 2.785 1.814 0.954 1.09 0.927
373.1 2.086 1.986 1.91 0.01 2.785 1.814 0.954 1.09 0.927
373.2 2.086 1.986 1.91 0.01 2.785 1.814 0.954 1.09 0.927
373.3 2.086 1.986 1.91 0.01 2.785 1.814 0.954 1.09 0.927
373.4 2.086 1.986 1.91 0.01 2.785 1.814 0.954 1.09 0.927
373.5 2.086 1.986 1.91 0.01 2.785 1.814 0.954 1.09 0.927
373.6 2.086 1.986 1.91 0.01 2.785 1.814 0.954 1.09 0.927
373.7 2.086 1.986 1.91 0.01 2.785 1.814 0.954 1.09 0.927
373.8 2.086 1.986 1.91 0.01 2.785 1.814 0.954 1.09 0.927
373.9 2.086 1.986 1.91 0.01 2.785 1.814 0.954 1.09 0.927
374.0 2.086 1.986 1.91 0.01 2.785 1.814 0.954 1.09 0.927
374.1 2.086 1.986 1.91 0.01 2.785 1.814 0.954 1.09 0.927
374.2 2.086 1.986 1.91 0.01 2.785 1.814 0.954 1.09 0.927
374.3 2.086 1.986 1.91 0.01 2.785 1.814 0.954 1.09 0.927
374.4 2.086 1.986 1.91 0.01 2.785 1.814 0.954 1.09 0.927
374.5 2.086 1.986 1.91 0.01 2.785 1.814 0.954 1.09 0.927
374.6 2.086 1.986 1.91 0.01 2.785 1.814 0.954 1.09 0.927
374.7 2.086 1.986 1.91 0.01 2.785 1.814 0.954 1.09 0.927
374.8 2.086 1.986 1.91 0.01 2.785 1.814 0.954 1.09 0.927
374.9 2.086 1.986 1.91 0.01 2.785 1.814 0.954 1.09 0.927
375.0 2.086 1.986 1.91 0.01 2.785 1.814 0.954 1.09 0.927
375.1 2.086 1.986 1.91 0.01 2.785 1.814 0.954 1.09 0.927
375.2 2.086 1.986 1.91 0.01 2.785 1.814 0.954 1.09 0.927
375.3 2.086 1.986 1.91 0.01 2.785 1.814 0.954 1.09 0.927
375.4 2.086 1.986 1.91 0.01 2.785 1.814 0.954 1.09 0.927
375.5 2.086 1.986 1.91 0.01 2.785 1.814 0.954 1.09 0.927
375.6 2.086 1.986 1.91 0.01 2.785 1.814 0.954 1.09 0.927
375.7 2.086 1.986 1.91 0.01 2.785 1.814 0.954 1.09 0.927
375.8 2.086 1.986 1.91 0.01 2.785 1.814 0.954 1.09 0.927
375.9 2.086 1.986 1.91 0.01 2.785 1.814 0.954 1.09 0.927
376.0 2.086 1.986 1.91 0.01 2.785 1.814 0.954 1.09 0.927
376.1 2.086 1.986 1.91 0.01 2.785 1.814 0.954 1.09 0.927
376.2 2.086 1.986 1.91 0.01 2.785 1.814 0.954 1.09 0.927
376.3 2.086 1.986 1.91 0.01 2.785 1.814 0.954 1.09 0.927
376.4 2.086 1.986 1.91 0.01 2.785 1.814 0.954 1.09 0.927
376.5 2.086 1.986 1.91 0.01 2.785 1.814 0.954 1.09 0.927
376.6 2.086 1.986 1.91 0.01 2.785 1.814 0.954 1.09 0.927
376.7 2.086 1.986 1.91 0.01 2.785 1.814 0.954 1.09 0.927
376.8 2.086 1.986 1.91 0.01 2.785 1.814 0.954 1.09 0.927
376.9 2.086 1.986 1.91 0.01 2.785 1.814 0.954 1.09 0.927
377.0 2.086 1.986 1.91 0.01 2.785 1.814 0.954 1.09 0.927
377.1 2.086 1.986 1.91 0.01 2.785 1.814 0.954 1.09 0.927
377.2 2.086 1.986 1.91 0.01 2.785 1.814 0.954 1.09 0.927
377.3 2.086 1.986 1.91 0.01 2.785 1.814 0.954 1.09 0.927
377.4 2.086 1.986 1.91 0.01 2.785 1.814 0.954 1.09 0.927
377.5 2.086 1.986 1.91 0.01 2.785 1.814 0.954 1.09 0.927
377.6 2.086 1.986 1.91 0.01 2.785 1.814 0.954 1.09 0.927
377.7 2.086 1.986 1.91 0.01 2.785 1.814 0.954 1.09 0.927
377.8 2.086 1.986 1.91 0.01 2.785 1.814 0.954 1.09 0.927
377.9 2.086 1.986 1.91 0.01 2.785 1.814 0.954 1.09 0.927
378.0 2.086 1.986 1.91 0.01 2.785 1.814 0.954 1.09 0.927
378.1 2.086 1.986 1.91 0.01 2.785 1.814 0.954 1.09 0.927
378.2 2.086 1.986 1.91 0.01 2.785 1.814 0.954 1.09 0.927
378.3 2.086 1.986 1.91 0.01 2.785 1.814 0.954 1.09 0.927
378.4 2.086 1.986 1.91 0.01 2.785 1.814 0.954 1.09 0.927
378.5 2.086 1.986 1.91 0.01 2.785 1.814 0.954 1.09 0.927
378.6 2.086 1.986 1.91 0.01 2.785 1.814 0.954 1.09 0.927
378.7 2.086 1.986 1.91 0.01 2.785 1.814 0.954 1.09 0.927
378.8 2.086 1.986 1.91 0.01 2.785 1.814 0.954 1.09 0.927
378.9 2.086 1.986 1.91 0.01 2.785 1.814 0.954 1.09 0.927
379.0 2.086 1.986 1.91 0.01 2.785 1.814 0.954 1.09 0.927
379.1 2.086 1.986 1.91 0.01 2.785 1.814 0.954 1.09 0.927
379.2 2.086 1.986 1.91 0.01 2.785 1.814 0.954 1.09 0.927
379.3 2.086 1.986 1.91 0.01 2.785 1.814 0.954 1.09 0.927
379.4 2.086 1.986 1.91 0.01 2.785 1.814 0.954 1.09 0.927
379.5 2.086 1.986 1.91 0.01 2.785 1.814 0.954 1.09 0.927
379.6 2.086 1.986 1.91 0.01 2.785 1.814 0.954 1.09 0.927
379.7 2.086 1.986 1.91 0.01 2.785 1.814 0.954 1.09 0.927
379.8 2.086 1.986 1.91 0.01 2.785 1.814 0.954 1.09 0.927
379.9 2.086 1.986 1.91 0.01 2.785 1.814 0.954 1.09 0.927
380.0 2.086 1.986 1.91 0.01 2.785 1.814 0.954 1.09 0.927
380.1 2.086 1.986 1.91 0.01 2.785 1.814 0.954 1.09 0.927
380.2 2.086 1.986 1.91 0.01 2.785 1.814 0.954 1.09 0.927
380.3 2.086 1.986 1.91 0.01 2.785 1.814 0.954 1.09 0.927
380.4 2.086 1.986 1.91 0.01 2.785 1.814 0.954 1.09 0.927
380.5 2.086 1.986 1.91 0.01 2.785 1.814 0.954 1.09 0.927
380.6 2.086 1.986 1.91 0.01 2.785 1.814 0.954 1.09 0.927
380.7 2.086 1.986 1.91 0.01 2.785 1.814 0.954 1.09 0.927
380.8 2.086 1.986 1.91 0.01 2.785 1.814 0.954 1.09 0.927
380.9 2.086 1.986 1.91 0.01 2.785 1.814 0.954 1.09 0.927
381.0 2.086 1.986 1.91 0.01 2.785 1.814 0.954 1.09 0.927
381.1 2.086 1.986 1.91 0.01 2.785 1.814 0.954 1.09 0.927
381.2 2.086 1.986 1.91 0.01 2.785 1.814 0.954 1.09 0.927
381.3 2.086 1.986 1.91 0.01 2.785 1.814 0.954 1.09 0.927
381.4 2.086 1.986 1.91 0.01 2.785 1.814 0.954 1.09 0.927
381.5 2.086 1.986 1.91 0.01 2.785 1.814 0.954 1.09 0.927
381.6 2.086 1.986 1.91 0.01 2.785 1.814 0.954 1.09 0.927
381.7 2.086 1.986 1.91 0.01 2.785 1.814 0.954 1.09 0.927
381.8 2.086 1.986 1.91 0.01 2.785 1.814 0.954 1.09 0.927
381.9 2.086 1.986 1.91 0.01 2.785 1.814 0.954 1.09 0.927
382.0 2.086 1.986 1.91 0.01 2.785 1.814 0.954 1.09 0.927
382.1 2.086 1.986 1.91 0.01 2.785 1.814 0.954 1.09 0.927
382.2 2.086 1.986 1.91 0.01 2.785 1.814 0.954 1.09 0.927
382.3 2.086 1.986 1.91 0.01 2.785 1.814 0.954 1.09 0.927
382.4 2.086 1.986 1.91 0.01 2.785 1.814 0.954 1.09 0.927
382.5 2.086 1.986 1.91 0.01 2.785 1.814 0.954 1.09 0.927
382.6 2.086 1.986 1.91 0.01 2.785 1.814 0.954 1.09 0.927
382.7 2.086 1.986 1.91 0.01 2.785 1.814 0.954 1.09 0.927
382.8 2.086 1.986 1.91 0.01 2.785 1.814 0.954 1.09 0.927
382.9 2.086 1.986 1.91 0.01 2.785 1.814 0.954 1.09 0.927
383.0 2.086 1.986 1.91 0.01 2.785 1.814 0.954 1.09 0.927
383.1 2.086 1.986 1.91 0.01 2.785 1.814 0.954 1.09 0.927
383.2 2.086 1.986 1.91 0.01 2.785 1.814 0.954 1.09 0.927
383.3 2.086 1.986 1.91 0.01 2.785 1.814 0.954 1.09 0.927
383.4 2.086 1.986 1.91 0.01 2.785 1.814 0.954 1.09 0.927
383.5 2.086 1.986 1.91 0.01 2.785 1.814 0.954 1.09 0.927
383.6 2.086 1.986 1.91 0.01 2.785 1.814 0.954 1.09 0.927
383.7 2.086 1.986 1.91 0.01 2.785 1.814 0.954 1.09 0.927
383.8 2.086 1.986 1.91 0.01 2.785 1.814 0.954 1.09 0.927
383.9 2.086 1.986 1.91 0.01 2.785 1.814 0.954 1.09 0.927
384.0 2.086 1.986 1.91 0.01 2.785 1.814 0.954 1.09 0.927
384.1 2.086 1.986 1.91 0.01 2.785 1.814 0.954 1.09 0.927
384.2 2.086 1.986 1.91 0.01 2.785 1.814 0.954 1.09 0.927
384.3 2.086 1.986 1.91 0.01 2.785 1.814 0.954 1.09 0.927
384.4 2.086 1.986 1.91 0.01 2.785 1.814 0.954 1.09 0.927
384.5 2.086 1.986 1.91 0.01 2.785 1.814 0.954 1.09 0.927
384.6 2.086 1.986 1.91 0.01 2.785 1.814 0.954 1.09 0.927
384.7 2.086 1.986 1.91 0.01 2.785 1.814 0.954 1.09 0.927
384.8 2.086 1.986 1.91 0.01 2.785 1.814 0.954 1.09 0.927
384.9 2.086 1.986 1.91 0.01 2.785 1.814 0.954 1.09 0.927
385.0 2.086 1.986 1.91 0.01 2.785 1.814 0.954 1.09 0.927
385.1 2.086 1.986 1.91 0.01 2.785 1.814 0.954 1.09 0.927
385.2 2.086 1.986 1.91 0.01 2.785 1.814 0.954 1.09 0.927
385.3 2.086 1.986 1.91 0.01 2.785 1.814 0.954 1.09 0.927
385.4 2.086 1.986 1.91 0.01 2.785 1.814 0.954 1.09 0.927
385.5 2.086 1.986 1.91 0.01 2.785 1.814 0.954 1.09 0.927
385.6 2.086 1.986 1.91 0.01 2.785 1.814 0.954 1.09 0.927
385.7 2.086 1.986 1.91 0.01 2.785 1.814 0.954 1.09 0.927
385.8 2.086 1.986 1.91 0.01 2.785 1.814 0.954 1.09 0.927
385.9 2.086 1.986 1.91 0.01 2.785 1.814 0.954 1.09 0.927
386.0 2.086 1.986 1.91 0.01 2.785 1.814 0.954 1.09 0.927
386.1 2.086 1.986 1.91 0.01 2.785 1.814 0.954 1.09 0.927
386.2 2.086 1.986 1.91 0.01 2.785 1.814 0.954 1.09 0.927
386.3 2.086 1.986 1.91 0.01 2.785 1.814 0.954 1.09 0.927
386.4 2.086 1.986 1.91 0.01 2.785 1.814 0.954 1.09 0.927
386.5 2.086 1.986 1.91 0.01 2.785 1.814 0.954 1.09 0.927
386.6 2.086 1.986 1.91 0.01 2.785 1.814 0.954 1.09 0.927
386.7 2.086 1.986 1.91 0.01 2.785 1.814 0.954 1.09 0.927
386.8 2.086 1.986 1.91 0.01 2.785 1.814 0.954 1.09 0.927
386.9 2.086 1.986 1.91 0.01 2.785 1.814 0.954 1.09 0.927
387.0 2.086 1.986 1.91 0.01 2.785 1.814 0.954 1.09 0.927
387.1 2.086 1.986 1.91 0.01 2.785 1.814 0.954 1.09 0.927
387.2 2.086 1.986 1.91 0.01 2.785 1.814 0.954 1.09 0.927
387.3 2.086 1.986 1.91 0.01 2.785 1.814 0.954 1.09 0.927
387.4 2.086 1.986 1.91 0.01 2.785 1.814 0.954 1.09 0.927
387.5 2.086 1.986 1.91 0.01 2.785 1.814 0.954 1.09 0.927
387.6 2.086 1.986 1.91 0.01 2.785 1.814 0.954 1.09 0.927
387.7 2.086 1.986 1.91 0.01 2.785 1.814 0.954 1.09 0.927
387.8 2.086 1.986 1.91 0.01 2.785 1.814 0.954 1.09 0.927
387.9 2.086 1.986 1.91 0.01 2.785 1.814 0.954 1.09 0.927
388.0 2.086 1.986 1.91 0.01 2.785 1.814 0.954 1.09 0.927
388.1 2.086 1.986 1.91 0.01 2.785 1.814 0.954 1.09 0.927
388.2 2.086 1.986 1.91 0.01 2.785 1.814 0.954 1.09 0.927
388.3 2.086 1.986 1.91 0.01 2.785 1.814 0.954 1.09 0.927
388.4 2.086 1.986 1.91 0.01 2.785 1.814 0.954 1.09 0.927
388.5 2.086 1.986 1.91 0.01 2.785 1.814 0.954 1.09 0.927
388.6 2.086 1.986 1.91 0.01 2.785 1.814 0.954 1.09 0.927
388.7 2.086 1.986 1.91 0.01 2.785 1.814 0.954 1.09 0.927
388.8 2.086 1.986 1.91 0.01 2.785 1.814 0.954 1.09 0.927
388.9 2.086 1.986 1.91 0.01 2.785 1.814 0.954 1.09 0.927
389.0 2.086 1.986 1.91 0.01 2.785 1.814 0.954 1.09 0.927
389.1 2.086 1.986 1.91 0.01 2.785 1.814 0.954 1.09 0.927
389.2 2.086 1.986 1.91 0.01 2.785 1.814 0.954 1.09 0.927
389.3 2.086 1.986 1.91 0.01 2.785 1.814 0.954 1.09 0.927
389.4 2.086 1.986 1.91 0.01 2.785 1.814 0.954 1.09 0.927
389.5 2.086 1.986 1.91 0.01 2.785 1.814 0.954 1.09 0.927
389.6 2.086 1.986 1.91 0.01 2.785 1.814 0.954 1.09 0.927
389.7 2.086 1.986 1.91 0.01 2.785 1.814 0.954 1.09 0.927
389.8 2.086 1.986 1.91 0.01 2.785 1.814 0.954 1.09 0.927
389.9 2.086 1.986 1.91 0.01 2.785 1.814 0.954 1.09 0.927
390.0 2.086 1.986 1.91 0.01 2.785 1.814 0.954 1.09 0.927
390.1 2.086 1.986 1.91 0.01 2.785 1.814 0.954 1.09 0.927
390.2 2.086 1.986 1.91 0.01 2.785 1.814 0.954 1.09 0.927
390.3 2.086 1.986 1.91 0.01 2.785 1.814 0.954 1.09 0.927
390.4 2.086 1.986 1.91 0.01 2.785 1.814 0.954 1.09 0.927
390.5 2.086 1.986 1.91 0.01 2.785 1.814 0.954 1.09 0.927
390.6 2.086 1.986 1.91 0.01 2.785 1.814 0.954 1.09 0.927
390.7 2.086 1.986 1.91 0.01 2.785 1.814 0.954 1.09 0.927
390.8 2.086 1.986 1.91 0.01 2.785 1.814 0.954 1.09 0.927
390.9 2.086 1.986 1.91 0.01 2.785 1.814 0.954 1.09 0.927
391.0 2.086 1.986 1.91 0.01 2.785 1.814 0.954 1.09 0.927
391.1 2.086 1.986 1.91 0.01 2.785 1.814 0.954 1.09 0.927
391.2 2.086 1.986 1.91 0.01 2.785 1.814 0.954 1.09 0.927
391.3 2.086 1.986 1.91 0.01 2.785 1.814 0.954 1.09 0.927
391.4 2.086 1.986 1.91 0.01 2.785 1.814 0.954 1.09 0.927
391.5 2.086 1.986 1.91 0.01 2.785 1.814 0.954 1.09 0.927
391.6 2.086 1.986 1.91 0.01 2.785 1.814 0.954 1.09 0.927
391.7 2.086 1.986 1.91 0.01 2.785 1.814 0.954 1.09 0.927
391.8 2.086 1.986 1.91 0.01 2.785 1.814 0.954 1.09 0.927
391.9 2.086 1.986 1.91 0.01 2.785 1.814 0.954 1.09 0.927
392.0 2.086 1.986 1.91 0.01 2.785 1.814 0.954 1.09 0.927
392.1 2.086 1.986 1.91 0.01 2.785 1.814 0.954 1.09 0.927
392.2 2.086 1.986 1.91 0.01 2.785 1.814 0.954 1.09 0.927
392.3 2.086 1.986 1.91 0.01 2.785 1.814 0.954 1.09 0.927
392.4 2.086 1.986 1.91 0.01 2.785 1.814 0.954 1.09 0.927
392.5 2.086 1.986 1.91 0.01 2.785 1.814 0.954 1.09 0.927
392.6 2.086 1.986 1.91 0.01 2.785 1.814 0.954 1.09 0.927
392.7 2.086 1.986 1.91 0.01 2.785 1.814 0.954 1.09 0.927
392.8 2.086 1.986 1.91 0.01 2.785 1.814 0.954 1.09 0.927
392.9 2.086 1.986 1.91 0.01 2.785 1.814 0.954 1.09 0.927
393.0 2.086 1.986 1.91 0.01 2.785 1.814 0.954 1.09 0.927
393.1 2.086 1.986 1.91 0.01 2.785 1.814 0.954 1.09 0.927
393.2 2.086 1.986 1.91 0.01 2.785 1.814 0.954 1.09 0.927
393.3 2.086 1.986 1.91 0.01 2.785 1.814 0.954 1.09 0.927
393.4 2.086 1.986 1.91 0.01 2.785 1.814 0.954 1.09 0.927
393.5 2.086 1.986 1.91 0.01 2.785 1.814 0.954 1.09 0.927
393.6 2.086 1.986 1.91 0.01 2.785 1.814 0.954 1.09 0.927
393.7 2.086 1.986 1.91 0.01 2.785 1.814 0.954 1.09 0.927
393.8 2.086 1.986 1.91 0.01 2.785 1.814 0.954 1.09 0.927
393.9 2.086 1.986 1.91 0.01 2.785 1.814 0.954 1.09 0.927
394.0 2.086 1.986 1.91 0.01 2.785 1.814 0.954 1.09 0.927
394.1 2.086 1.986 1.91 0.01 2.785 1.814 0.954 1.09 0.927
394.2 2.086 1.986 1.91 0.01 2.785 1.814 0.954 1.09 0.927
394.3 2.086 1.986 1.91 0.01 2.785 1.814 0.954 1.09 0.927
394.4 2.086 1.986 1.91 0.01 2.785 1.814 0.954 1.09 0.927
394.5 2.086 1.986 1.91 0.01 2.785 1.814 0.954 1.09 0.927
394.6 2.086 1.986 1.91 0.01 2.785 1.814 0.954 1.09 0.927
394.7 2.086 1.986 1.91 0.01 2.785 1.814 0.954 1.09 0.927
394.8 2.086 1.986 1.91 0.01 2.785 1.814 0.954 1.09 0.927
394.9 2.086 1.986 1.91 0.01 2.785 1.814 0.954 1.09 0.927
395.0 2.086 1.986 1.91 0.01 2.785 1.814 0.954 1.09 0.927
395.1 2.086 1.986 1.91 0.01 2.785 1.814 0.954 1.09 0.927
395.2 2.086 1.986 1.91 0.01 2.785 1.814 0.954 1.09 0.927
395.3 2.086 1.986 1.91 0.01 2.785 1.814 0.954 1.09 0.927
395.4 2.086 1.986 1.91 0.01 2.785 1.814 0.954 1.09 0.927
395.5 2.086 1.986 1.91 0.01 2.785 1.814 0.954 1.09 0.927
395.6 2.086 1.986 1.91 0.01 2.785 1.814 0.954 1.09 0.927
395.7 2.086 1.986 1.91 0.01 2.785 1.814 0.954 1.09 0.927
395.8 2.086 1.986 1.91 0.01 2.785 1.814 0.954 1.09 0.927
395.9 2.086 1.986 1.91 0.01 2.785 1.814 0.954 1.09 0.927
396.0 2.086 1.986 1.91 0.01 2.785 1.814 0.954 1.09 0.927
396.1 2.086 1.986 1.91 0.01 2.785 1.814 0.954 1.09 0.927
396.2 2.086 1.986 1.91 0.01 2.785 1.814 0.954 1.09 0.927
396.3 2.086 1.986 1.91 0.01 2.785 1.814 0.954 1.09 0.927
396.4 2.086 1.986 1.91 0.01 2.785 1.814 0.954 1.09 0.927
396.5 2.086 1.986 1.91 0.01 2.785 1.814 0.954 1.09 0.927
396.6 2.086 1.986 1.91 0.01 2.785 1.814 0.954 1.09 0.927
396.7 2.086 1.986 1.91 0.01 2.785 1.814 0.954 1.09 0.927
396.8 2.086 1.986 1.91 0.01 2.785 1.814 0.954 1.09 0.927
396.9 2.086 1.986 1.91 0.01 2.785 1.814 0.954 1.09 0.927
397.0 2.086 1.986 1.91 0.01 2.785 1.814 0.954 1.09 0.927
397.1 2.086 1.986 1.91 0.01 2.785 1.814 0.954 1.09 0.927
397.2 2.086 1.986 1.91 0.01 2.785 1.814 0.954 1.09 0.927
397.3 2.086 1.986 1.91 0.01 2.785 1.814 0.954 1.09 0.927
397.4 2.086 1.986 1.91 0.01 2.785 1.814 0.954 1.09 0.927
397.5 2.086 1.986 1.91 0.01 2.785 1.814 0.954 1.09 0.927
397.6 2.086 1.986 1.91 0.01 2.785 1.814 0.954 1.09 0.927
397.7 2.086 1.986 1.91 0.01 2.785 1.814 0.954 1.09 0.927
397.8 2.086 1.986 1.91 0.01 2.785 1.814 0.954 1.09 0.927
397.9 2.086 1.986 1.91 0.01 2.785 1.814 0.954 1.09 0.927
398.0 2.086 1.986 1.91 0.01 2.785 1.814 0.954 1.09 0.927
398.1 2.086 1.986 1.91 0.01 2.785 1.814 0.954 1.09 0.927
398.2 2.086 1.986 1.91 0.01 2.785 1.814 0.954 1.09 0.927
398.3 2.086 1.986 1.91 0.01 2.785 1.814 0.954 1.09 0.927
398.4 2.086 1.986 1.91 0.01 2.785 1.814 0.954 1.09 0.927
398.5 2.086 1.986 1.91 0.01 2.785 1.814 0.954 1.09 0.927
398.6 2.086 1.986 1.91 0.01 2.785 1.814 0.954 1.09 0.927
398.7 2.086 1.986 1.91 0.01 2.785 1.814 0.954 1.09 0.927
398.8 2.086 1.986 1.91 0.01 2.785 1.814 0.954 1.09 0.927
398.9 2.086 1.986 1.91 0.01 2.785 1.814 0.954 1.09 0.927
399.0 2.086 1.986 1.91 0.01 2.785 1.814 0.954 1.09 0.927
399.1 2.086 1.986 1.91 0.01 2.785 1.814 0.954 1.09 0.927
399.2 2.086 1.986 1.91 0.01 2.785 1.814 0.954 1.09 0.927
399.3 2.086 1.986 1.91 0.01 2.785 1.814 0.954 1.09 0.927
399.4 2.086 1.986 1.91 0.01 2.785 1.814 0.954 1.09 0.927
399.5 2.086 1.986 1.91 0.01 2.785 1.814 0.954 1.09 0.927
399.6 2.086 1.986 1.91 0.01 2.785 1.814 0.954 1.09 0.927
399.7 2.086 1.986 1.91 0.01 2.785 1.814 0.954 1.09 0.927
399.8 2.086 1.986 1.91 0.01 2.785 1.814 0.954 1.09 0.927
399.9 2.086 1.986 1.91 0.01 2.785 1.814 0.954 1.09 0.927
