100.0 2.086 1.986 1.91 0.01 0.014 0.008
100.1 2.086 1.986 1.91 0.01 0.017 0.007
100.2 2.086 1.986 1.91 0.01 0.018 0.007
100.3 2.086 1.986 1.91 0.01 0.019 0.007
100.4 2.086 1.986 1.91 0.01 0.021 0.008
100.5 2.086 1.986 1.91 0.01 0.022 0.008
100.6 2.086 1.986 1.91 0.01 0.023 0.009
100.7 2.086 1.986 1.91 0.01 0.025 0.009
100.8 2.086 1.986 1.91 0.01 0.026 0.01
100.9 2.086 1.986 1.91 0.01 0.027 0.01
101.0 2.086 1.986 1.91 0.01 0.029 0.011
101.1 2.086 1.986 1.91 0.01 0.031 0.011
101.2 2.086 1.986 1.91 0.01 0.032 0.012
101.3 2.086 1.986 1.91 0.01 0.034 0.013
101.4 2.086 1.986 1.91 0.01 0.036 0.014
101.5 2.086 1.986 1.91 0.01 0.038 0.014
101.6 2.086 1.986 1.91 0.01 0.041 0.015
101.7 2.086 1.986 1.91 0.01 0.043 0.016
101.8 2.086 1.986 1.91 0.01 0.045 0.017
101.9 2.086 1.986 1.91 0.01 0.048 0.018
102.0 2.086 1.986 1.91 0.01 0.051 0.019
102.1 2.086 1.986 1.91 0.01 0.054 0.02
102.2 2.086 1.986 1.91 0.01 0.057 0.021
102.3 2.086 1.986 1.91 0.01 0.06 0.023
102.4 2.086 1.986 1.91 0.01 0.063 0.024
102.5 2.086 1.986 1.91 0.01 0.067 0.025
102.6 2.086 1.986 1.91 0.01 0.071 0.027
102.7 2.086 1.986 1.91 0.01 0.074 0.028
102.8 2.086 1.986 1.91 0.01 0.079 0.03
102.9 2.086 1.986 1.91 0.01 0.083 0.031
103.0 2.086 1.986 1.91 0.01 0.088 0.033
103.1 2.086 1.986 1.91 0.01 0.093 0.035
103.2 2.086 1.986 1.91 0.01 0.098 0.037
103.3 2.086 1.986 1.91 0.01 0.103 0.039
103.4 2.086 1.986 1.91 0.01 0.109 0.041
103.5 2.086 1.986 1.91 0.01 0.115 0.044
103.6 2.086 1.986 1.91 0.01 0.121 0.046
103.7 2.086 1.986 1.91 0.01 0.128 0.049
103.8 2.086 1.986 1.91 0.01 0.135 0.052
103.9 2.086 1.986 1.91 0.01 0.142 0.055
104.0 2.086 1.986 1.91 0.01 0.15 0.058
104.1 2.086 1.986 1.91 0.01 0.158 0.061
104.2 2.086 1.986 1.91 0.01 0.166 0.064
104.3 2.086 1.986 1.91 0.01 0.175 0.068
104.4 2.086 1.986 1.91 0.01 0.184 0.072
104.5 2.086 1.986 1.91 0.01 0.194 0.075
104.6 2.086 1.986 1.91 0.01 0.204 0.08
104.7 2.086 1.986 1.91 0.01 0.215 0.084
104.8 2.086 1.986 1.91 0.01 0.226 0.089
104.9 2.086 1.986 1.91 0.01 0.238 0.093
105.0 2.086 1.986 1.91 0.01 0.25 0.098
105.1 2.086 1.986 1.91 0.01 0.263 0.104
105.2 2.086 1.986 1.91 0.01 0.276 0.109
105.3 2.086 1.986 1.91 0.01 0.29 0.115
105.4 2.086 1.986 1.91 0.01 0.304 0.121
105.5 2.086 1.986 1.91 0.01 0.319 0.128
105.6 2.086 1.986 1.91 0.01 0.335 0.134
105.7 2.086 1.986 1.91 0.01 0.351 0.141
105.8 2.086 1.986 1.91 0.01 0.368 0.149
105.9 2.086 1.986 1.91 0.01 0.385 0.156
106.0 2.086 1.986 1.91 0.01 0.403 0.164
106.1 2.086 1.986 1.91 0.01 0.422 0.173
106.2 2.086 1.986 1.91 0.01 0.441 0.182
106.3 2.086 1.986 1.91 0.01 0.461 0.191
106.4 2.086 1.986 1.91 0.01 0.482 0.2
106.5 2.086 1.986 1.91 0.01 0.503 0.21
106.6 2.086 1.986 1.91 0.01 0.525 0.22
106.7 2.086 1.986 1.91 0.01 0.548 0.231
106.8 2.086 1.986 1.91 0.01 0.571 0.242
106.9 2.086 1.986 1.91 0.01 0.595 0.253
107.0 2.086 1.986 1.91 0.01 0.619 0.265
107.1 2.086 1.986 1.91 0.01 0.644 0.277
107.2 2.086 1.986 1.91 0.01 0.67 0.29
107.3 2.086 1.986 1.91 0.01 0.696 0.303
107.4 2.086 1.986 1.91 0.01 0.723 0.317
107.5 2.086 1.986 1.91 0.01 0.751 0.331
107.6 2.086 1.986 1.91 0.01 0.779 0.345
107.7 2.086 1.986 1.91 0.01 0.807 0.36
107.8 2.086 1.986 1.91 0.01 0.836 0.375
107.9 2.086 1.986 1.91 0.01 0.865 0.391
108.0 2.086 1.986 1.91 0.01 0.895 0.407
108.1 2.086 1.986 1.91 0.01 0.925 0.423
108.2 2.086 1.986 1.91 0.01 0.955 0.44
108.3 2.086 1.986 1.91 0.01 0.986 0.457
108.4 2.086 1.986 1.91 0.01 1.017 0.475
108.5 2.086 1.986 1.91 0.01 1.049 0.492
108.6 2.086 1.986 1.91 0.01 1.08 0.511
108.7 2.086 1.986 1.91 0.01 1.112 0.529
108.8 2.086 1.986 1.91 0.01 1.144 0.548
108.9 2.086 1.986 1.91 0.01 1.176 0.567
109.0 2.086 1.986 1.91 0.01 1.208 0.586
109.1 2.086 1.986 1.91 0.01 1.24 0.606
109.2 2.086 1.986 1.91 0.01 1.272 0.626
109.3 2.086 1.986 1.91 0.01 1.304 0.646
109.4 2.086 1.986 1.91 0.01 1.336 0.666
109.5 2.086 1.986 1.91 0.01 1.368 0.686
109.6 2.086 1.986 1.91 0.01 1.4 0.706
109.7 2.086 1.986 1.91 0.01 1.431 0.727
109.8 2.086 1.986 1.91 0.01 1.463 0.748
109.9 2.086 1.986 1.91 0.01 1.494 0.768
110.0 2.086 1.986 1.91 0.01 1.525 0.789
110.1 2.086 1.986 1.91 0.01 1.555 0.81
110.2 2.086 1.986 1.91 0.01 1.586 0.83
110.3 2.086 1.986 1.91 0.01 1.616 0.851
110.4 2.086 1.986 1.91 0.01 1.646 0.872
110.5 2.086 1.986 1.91 0.01 1.675 0.892
110.6 2.086 1.986 1.91 0.01 1.704 0.913
110.7 2.086 1.986 1.91 0.01 1.732 0.933
110.8 2.086 1.986 1.91 0.01 1.76 0.954
110.9 2.086 1.986 1.91 0.01 1.788 0.974
111.0 2.086 1.986 1.91 0.01 1.815 0.994
111.1 2.086 1.986 1.91 0.01 1.842 1.014
111.2 2.086 1.986 1.91 0.01 1.868 1.033
111.3 2.086 1.986 1.91 0.01 1.894 1.053
111.4 2.086 1.986 1.91 0.01 1.92 1.072
111.5 2.086 1.986 1.91 0.01 1.944 1.091
111.6 2.086 1.986 1.91 0.01 1.969 1.109
111.7 2.086 1.986 1.91 0.01 1.993 1.128
111.8 2.086 1.986 1.91 0.01 2.016 1.146
111.9 2.086 1.986 1.91 0.01 2.039 1.164
112.0 2.086 1.986 1.91 0.01 2.061 1.182
112.1 2.086 1.986 1.91 0.01 2.083 1.199
112.2 2.086 1.986 1.91 0.01 2.104 1.216
112.3 2.086 1.986 1.91 0.01 2.125 1.233
112.4 2.086 1.986 1.91 0.01 2.145 1.249
112.5 2.086 1.986 1.91 0.01 2.165 1.265
112.6 2.086 1.986 1.91 0.01 2.184 1.281
112.7 2.086 1.986 1.91 0.01 2.203 1.296
112.8 2.086 1.986 1.91 0.01 2.222 1.311
112.9 2.086 1.986 1.91 0.01 2.239 1.326
113.0 2.086 1.986 1.91 0.01 2.257 1.341
113.1 2.086 1.986 1.91 0.01 2.274 1.355
113.2 2.086 1.986 1.91 0.01 2.29 1.369
113.3 2.086 1.986 1.91 0.01 2.306 1.382
113.4 2.086 1.986 1.91 0.01 2.322 1.395
113.5 2.086 1.986 1.91 0.01 2.337 1.408
113.6 2.086 1.986 1.91 0.01 2.351 1.421
113.7 2.086 1.986 1.91 0.01 2.366 1.433
113.8 2.086 1.986 1.91 0.01 2.379 1.445
113.9 2.086 1.986 1.91 0.01 2.393 1.457
114.0 2.086 1.986 1.91 0.01 2.406 1.468
114.1 2.086 1.986 1.91 0.01 2.419 1.479
114.2 2.086 1.986 1.91 0.01 2.431 1.49
114.3 2.086 1.986 1.91 0.01 2.443 1.5
114.4 2.086 1.986 1.91 0.01 2.454 1.51
114.5 2.086 1.986 1.91 0.01 2.465 1.52
114.6 2.086 1.986 1.91 0.01 2.476 1.53
114.7 2.086 1.986 1.91 0.01 2.487 1.539
114.8 2.086 1.986 1.91 0.01 2.497 1.548
114.9 2.086 1.986 1.91 0.01 2.507 1.557
115.0 2.086 1.986 1.91 0.01 2.516 1.565
115.1 2.086 1.986 1.91 0.01 2.525 1.573
115.2 2.086 1.986 1.91 0.01 2.534 1.581
115.3 2.086 1.986 1.91 0.01 2.543 1.589
115.4 2.086 1.986 1.91 0.01 2.551 1.597
115.5 2.086 1.986 1.91 0.01 2.559 1.604
115.6 2.086 1.986 1.91 0.01 2.567 1.611
115.7 2.086 1.986 1.91 0.01 2.575 1.618
115.8 2.086 1.986 1.91 0.01 2.582 1.625
115.9 2.086 1.986 1.91 0.01 2.589 1.631
116.0 2.086 1.986 1.91 0.01 2.596 1.637
116.1 2.086 1.986 1.91 0.01 2.603 1.643
116.2 2.086 1.986 1.91 0.01 2.609 1.649
116.3 2.086 1.986 1.91 0.01 2.615 1.655
116.4 2.086 1.986 1.91 0.01 2.621 1.66
116.5 2.086 1.986 1.91 0.01 2.627 1.666
116.6 2.086 1.986 1.91 0.01 2.633 1.671
116.7 2.086 1.986 1.91 0.01 2.638 1.676
116.8 2.086 1.986 1.91 0.01 2.643 1.681
116.9 2.086 1.986 1.91 0.01 2.648 1.685
117.0 2.086 1.986 1.91 0.01 2.653 1.69
117.1 2.086 1.986 1.91 0.01 2.658 1.694
117.2 2.086 1.986 1.91 0.01 2.662 1.698
117.3 2.086 1.986 1.91 0.01 2.667 1.702
117.4 2.086 1.986 1.91 0.01 2.671 1.706
117.5 2.086 1.986 1.91 0.01 2.675 1.71
117.6 2.086 1.986 1.91 0.01 2.679 1.714
117.7 2.086 1.986 1.91 0.01 2.683 1.717
117.8 2.086 1.986 1.91 0.01 2.686 1.721
117.9 2.086 1.986 1.91 0.01 2.69 1.724
118.0 2.086 1.986 1.91 0.01 2.693 1.727
118.1 2.086 1.986 1.91 0.01 2.696 1.73
118.2 2.086 1.986 1.91 0.01 2.7 1.733
118.3 2.086 1.986 1.91 0.01 2.703 1.736
118.4 2.086 1.986 1.91 0.01 2.706 1.739
118.5 2.086 1.986 1.91 0.01 2.709 1.742
118.6 2.086 1.986 1.91 0.01 2.711 1.744
118.7 2.086 1.986 1.91 0.01 2.714 1.747
118.8 2.086 1.986 1.91 0.01 2.716 1.749
118.9 2.086 1.986 1.91 0.01 2.719 1.751
119.0 2.086 1.986 1.91 0.01 2.721 1.754
119.1 2.086 1.986 1.91 0.01 2.724 1.756
119.2 2.086 1.986 1.91 0.01 2.726 1.758
119.3 2.086 1.986 1.91 0.01 2.728 1.76
119.4 2.086 1.986 1.91 0.01 2.73 1.762
119.5 2.086 1.986 1.91 0.01 2.732 1.764
119.6 2.086 1.986 1.91 0.01 2.734 1.766
119.7 2.086 1.986 1.91 0.01 2.736 1.767
119.8 2.086 1.986 1.91 0.01 2.738 1.769
119.9 2.086 1.986 1.91 0.01 2.739 1.771
120.0 2.086 1.986 1.91 0.01 2.741 1.772
120.1 2.086 1.986 1.91 0.01 2.743 1.774
120.2 2.086 1.986 1.91 0.01 2.744 1.775
120.3 2.086 1.986 1.91 0.01 2.746 1.777
120.4 2.086 1.986 1.91 0.01 2.747 1.778
120.5 2.086 1.986 1.91 0.01 2.748 1.779
120.6 2.086 1.986 1.91 0.01 2.75 1.78
120.7 2.086 1.986 1.91 0.01 2.751 1.782
120.8 2.086 1.986 1.91 0.01 2.752 1.783
120.9 2.086 1.986 1.91 0.01 2.753 1.784
121.0 2.086 1.986 1.91 0.01 2.755 1.785
121.1 2.086 1.986 1.91 0.01 2.756 1.786
121.2 2.086 1.986 1.91 0.01 2.757 1.787
121.3 2.086 1.986 1.91 0.01 2.758 1.788
121.4 2.086 1.986 1.91 0.01 2.759 1.789
121.5 2.086 1.986 1.91 0.01 2.76 1.79
121.6 2.086 1.986 1.91 0.01 2.761 1.791
121.7 2.086 1.986 1.91 0.01 2.762 1.792
121.8 2.086 1.986 1.91 0.01 2.762 1.793
121.9 2.086 1.986 1.91 0.01 2.763 1.793
122.0 2.086 1.986 1.91 0.01 2.764 1.794
122.1 2.086 1.986 1.91 0.01 2.765 1.795
122.2 2.086 1.986 1.91 0.01 2.766 1.796
122.3 2.086 1.986 1.91 0.01 2.766 1.796
122.4 2.086 1.986 1.91 0.01 2.767 1.797
122.5 2.086 1.986 1.91 0.01 2.768 1.798
122.6 2.086 1.986 1.91 0.01 2.768 1.798
122.7 2.086 1.986 1.91 0.01 2.769 1.799
122.8 2.086 1.986 1.91 0.01 2.77 1.799
122.9 2.086 1.986 1.91 0.01 2.77 1.8
123.0 2.086 1.986 1.91 0.01 2.771 1.8
123.1 2.086 1.986 1.91 0.01 2.771 1.801
123.2 2.086 1.986 1.91 0.01 2.772 1.801
123.3 2.086 1.986 1.91 0.01 2.772 1.802
123.4 2.086 1.986 1.91 0.01 2.773 1.802
123.5 2.086 1.986 1.91 0.01 2.773 1.803
123.6 2.086 1.986 1.91 0.01 2.774 1.803
123.7 2.086 1.986 1.91 0.01 2.774 1.804
123.8 2.086 1.986 1.91 0.01 2.774 1.804
123.9 2.086 1.986 1.91 0.01 2.775 1.804
124.0 2.086 1.986 1.91 0.01 2.775 1.805
124.1 2.086 1.986 1.91 0.01 2.776 1.805
124.2 2.086 1.986 1.91 0.01 2.776 1.805
124.3 2.086 1.986 1.91 0.01 2.776 1.806
124.4 2.086 1.986 1.91 0.01 2.777 1.806
124.5 2.086 1.986 1.91 0.01 2.777 1.806
124.6 2.086 1.986 1.91 0.01 2.777 1.807
124.7 2.086 1.986 1.91 0.01 2.777 1.807
124.8 2.086 1.986 1.91 0.01 2.778 1.807
124.9 2.086 1.986 1.91 0.01 2.778 1.807
125.0 2.086 1.986 1.91 0.01 2.778 1.808
125.1 2.086 1.986 1.91 0.01 2.779 1.808
125.2 2.086 1.986 1.91 0.01 2.779 1.808
125.3 2.086 1.986 1.91 0.01 2.779 1.808
125.4 2.086 1.986 1.91 0.01 2.779 1.809
125.5 2.086 1.986 1.91 0.01 2.779 1.809
125.6 2.086 1.986 1.91 0.01 2.78 1.809
125.7 2.086 1.986 1.91 0.01 2.78 1.809
125.8 2.086 1.986 1.91 0.01 2.78 1.809
125.9 2.086 1.986 1.91 0.01 2.78 1.81
126.0 2.086 1.986 1.91 0.01 2.78 1.81
126.1 2.086 1.986 1.91 0.01 2.781 1.81
126.2 2.086 1.986 1.91 0.01 2.781 1.81
126.3 2.086 1.986 1.91 0.01 2.781 1.81
126.4 2.086 1.986 1.91 0.01 2.781 1.81
126.5 2.086 1.986 1.91 0.01 2.781 1.811
126.6 2.086 1.986 1.91 0.01 2.781 1.811
126.7 2.086 1.986 1.91 0.01 2.782 1.811
126.8 2.086 1.986 1.91 0.01 2.782 1.811
126.9 2.086 1.986 1.91 0.01 2.782 1.811
127.0 2.086 1.986 1.91 0.01 2.782 1.811
127.1 2.086 1.986 1.91 0.01 2.782 1.811
127.2 2.086 1.986 1.91 0.01 2.782 1.811
127.3 2.086 1.986 1.91 0.01 2.782 1.811
127.4 2.086 1.986 1.91 0.01 2.782 1.812
127.5 2.086 1.986 1.91 0.01 2.783 1.812
127.6 2.086 1.986 1.91 0.01 2.783 1.812
127.7 2.086 1.986 1.91 0.01 2.783 1.812
127.8 2.086 1.986 1.91 0.01 2.783 1.812
127.9 2.086 1.986 1.91 0.01 2.783 1.812
128.0 2.086 1.986 1.91 0.01 2.783 1.812
128.1 2.086 1.986 1.91 0.01 2.783 1.812
128.2 2.086 1.986 1.91 0.01 2.783 1.812
128.3 2.086 1.986 1.91 0.01 2.783 1.812
128.4 2.086 1.986 1.91 0.01 2.783 1.812
128.5 2.086 1.986 1.91 0.01 2.783 1.813
128.6 2.086 1.986 1.91 0.01 2.783 1.813
128.7 2.086 1.986 1.91 0.01 2.784 1.813
128.8 2.086 1.986 1.91 0.01 2.784 1.813
128.9 2.086 1.986 1.91 0.01 2.784 1.813
129.0 2.086 1.986 1.91 0.01 2.784 1.813
129.1 2.086 1.986 1.91 0.01 2.784 1.813
129.2 2.086 1.986 1.91 0.01 2.784 1.813
129.3 2.086 1.986 1.91 0.01 2.784 1.813
129.4 2.086 1.986 1.91 0.01 2.784 1.813
129.5 2.086 1.986 1.91 0.01 2.784 1.813
129.6 2.086 1.986 1.91 0.01 2.784 1.813
129.7 2.086 1.986 1.91 0.01 2.784 1.813
129.8 2.086 1.986 1.91 0.01 2.784 1.813
129.9 2.086 1.986 1.91 0.01 2.784 1.813
130.0 2.086 1.986 1.91 0.01 2.784 1.813
130.1 2.086 1.986 1.91 0.01 2.784 1.813
130.2 2.086 1.986 1.91 0.01 2.784 1.813
130.3 2.086 1.986 1.91 0.01 2.784 1.813
130.4 2.086 1.986 1.91 0.01 2.784 1.813
130.5 2.086 1.986 1.91 0.01 2.784 1.813
130.6 2.086 1.986 1.91 0.01 2.784 1.813
130.7 2.086 1.986 1.91 0.01 2.784 1.814
130.8 2.086 1.986 1.91 0.01 2.784 1.814
130.9 2.086 1.986 1.91 0.01 2.784 1.814
131.0 2.086 1.986 1.91 0.01 2.785 1.814
131.1 2.086 1.986 1.91 0.01 2.785 1.814
131.2 2.086 1.986 1.91 0.01 2.785 1.814
131.3 2.086 1.986 1.91 0.01 2.785 1.814
131.4 2.086 1.986 1.91 0.01 2.785 1.814
131.5 2.086 1.986 1.91 0.01 2.785 1.814
131.6 2.086 1.986 1.91 0.01 2.785 1.814
131.7 2.086 1.986 1.91 0.01 2.785 1.814
131.8 2.086 1.986 1.91 0.01 2.785 1.814
131.9 2.086 1.986 1.91 0.01 2.785 1.814
132.0 2.086 1.986 1.91 0.01 2.785 1.814
132.1 2.086 1.986 1.91 0.01 2.785 1.814
132.2 2.086 1.986 1.91 0.01 2.785 1.814
132.3 2.086 1.986 1.91 0.01 2.785 1.814
132.4 2.086 1.986 1.91 0.01 2.785 1.814
132.5 2.086 1.986 1.91 0.01 2.785 1.814
132.6 2.086 1.986 1.91 0.01 2.785 1.814
132.7 2.086 1.986 1.91 0.01 2.785 1.814
132.8 2.086 1.986 1.91 0.01 2.785 1.814
132.9 2.086 1.986 1.91 0.01 2.785 1.814
133.0 2.086 1.986 1.91 0.01 2.785 1.814
133.1 2.086 1.986 1.91 0.01 2.785 1.814
133.2 2.086 1.986 1.91 0.01 2.785 1.814
133.3 2.086 1.986 1.91 0.01 2.785 1.814
133.4 2.086 1.986 1.91 0.01 2.785 1.814
133.5 2.086 1.986 1.91 0.01 2.785 1.814
133.6 2.086 1.986 1.91 0.01 2.785 1.814
133.7 2.086 1.986 1.91 0.01 2.785 1.814
133.8 2.086 1.986 1.91 0.01 2.785 1.814
133.9 2.086 1.986 1.91 0.01 2.785 1.814
134.0 2.086 1.986 1.91 0.01 2.785 1.814
134.1 2.086 1.986 1.91 0.01 2.785 1.814
134.2 2.086 1.986 1.91 0.01 2.785 1.814
134.3 2.086 1.986 1.91 0.01 2.785 1.814
134.4 2.086 1.986 1.91 0.01 2.785 1.814
134.5 2.086 1.986 1.91 0.01 2.785 1.814
134.6 2.086 1.986 1.91 0.01 2.785 1.814
134.7 2.086 1.986 1.91 0.01 2.785 1.814
134.8 2.086 1.986 1.91 0.01 2.785 1.814
134.9 2.086 1.986 1.91 0.01 2.785 1.814
135.0 2.086 1.986 1.91 0.01 2.785 1.814
135.1 2.086 1.986 1.91 0.01 2.785 1.814
135.2 2.086 1.986 1.91 0.01 2.785 1.814
135.3 2.086 1.986 1.91 0.01 2.785 1.814
135.4 2.086 1.986 1.91 0.01 2.785 1.814
135.5 2.086 1.986 1.91 0.01 2.785 1.814
135.6 2.086 1.986 1.91 0.01 2.785 1.814
135.7 2.086 1.986 1.91 0.01 2.785 1.814
135.8 2.086 1.986 1.91 0.01 2.785 1.814
135.9 2.086 1.986 1.91 0.01 2.785 1.814
136.0 2.086 1.986 1.91 0.01 2.785 1.814
136.1 2.086 1.986 1.91 0.01 2.785 1.814
136.2 2.086 1.986 1.91 0.01 2.785 1.814
136.3 2.086 1.986 1.91 0.01 2.785 1.814
136.4 2.086 1.986 1.91 0.01 2.785 1.814
136.5 2.086 1.986 1.91 0.01 2.785 1.814
136.6 2.086 1.986 1.91 0.01 2.785 1.814
136.7 2.086 1.986 1.91 0.01 2.785 1.814
136.8 2.086 1.986 1.91 0.01 2.785 1.814
136.9 2.086 1.986 1.91 0.01 2.785 1.814
137.0 2.086 1.986 1.91 0.01 2.785 1.814
137.1 2.086 1.986 1.91 0.01 2.785 1.814
137.2 2.086 1.986 1.91 0.01 2.785 1.814
137.3 2.086 1.986 1.91 0.01 2.785 1.814
137.4 2.086 1.986 1.91 0.01 2.785 1.814
137.5 2.086 1.986 1.91 0.01 2.785 1.814
137.6 2.086 1.986 1.91 0.01 2.785 1.814
137.7 2.086 1.986 1.91 0.01 2.785 1.814
137.8 2.086 1.986 1.91 0.01 2.785 1.814
137.9 2.086 1.986 1.91 0.01 2.785 1.814
138.0 2.086 1.986 1.91 0.01 2.785 1.814
138.1 2.086 1.986 1.91 0.01 2.785 1.814
138.2 2.086 1.986 1.91 0.01 2.785 1.814
138.3 2.086 1.986 1.91 0.01 2.785 1.814
138.4 2.086 1.986 1.91 0.01 2.785 1.814
138.5 2.086 1.986 1.91 0.01 2.785 1.814
138.6 2.086 1.986 1.91 0.01 2.785 1.814
138.7 2.086 1.986 1.91 0.01 2.785 1.814
138.8 2.086 1.986 1.91 0.01 2.785 1.814
138.9 2.086 1.986 1.91 0.01 2.785 1.814
139.0 2.086 1.986 1.91 0.01 2.785 1.814
139.1 2.086 1.986 1.91 0.01 2.785 1.814
139.2 2.086 1.986 1.91 0.01 2.785 1.814
139.3 2.086 1.986 1.91 0.01 2.785 1.814
139.4 2.086 1.986 1.91 0.01 2.785 1.814
139.5 2.086 1.986 1.91 0.01 2.785 1.814
139.6 2.086 1.986 1.91 0.01 2.785 1.814
139.7 2.086 1.986 1.91 0.01 2.785 1.814
139.8 2.086 1.986 1.91 0.01 2.785 1.814
139.9 2.086 1.986 1.91 0.01 2.785 1.814
140.0 2.086 1.986 1.91 0.01 2.785 1.814
140.1 2.086 1.986 1.91 0.01 2.785 1.814
140.2 2.086 1.986 1.91 0.01 2.785 1.814
140.3 2.086 1.986 1.91 0.01 2.785 1.814
140.4 2.086 1.986 1.91 0.01 2.785 1.814
140.5 2.086 1.986 1.91 0.01 2.785 1.814
140.6 2.086 1.986 1.91 0.01 2.785 1.814
140.7 2.086 1.986 1.91 0.01 2.785 1.814
140.8 2.086 1.986 1.91 0.01 2.785 1.814
140.9 2.086 1.986 1.91 0.01 2.785 1.814
141.0 2.086 1.986 1.91 0.01 2.785 1.814
141.1 2.086 1.986 1.91 0.01 2.785 1.814
141.2 2.086 1.986 1.91 0.01 2.785 1.814
141.3 2.086 1.986 1.91 0.01 2.785 1.814
141.4 2.086 1.986 1.91 0.01 2.785 1.814
141.5 2.086 1.986 1.91 0.01 2.785 1.814
141.6 2.086 1.986 1.91 0.01 2.785 1.814
141.7 2.086 1.986 1.91 0.01 2.785 1.814
141.8 2.086 1.986 1.91 0.01 2.785 1.814
141.9 2.086 1.986 1.91 0.01 2.785 1.814
142.0 2.086 1.986 1.91 0.01 2.785 1.814
142.1 2.086 1.986 1.91 0.01 2.785 1.814
142.2 2.086 1.986 1.91 0.01 2.785 1.814
142.3 2.086 1.986 1.91 0.01 2.785 1.814
142.4 2.086 1.986 1.91 0.01 2.785 1.814
142.5 2.086 1.986 1.91 0.01 2.785 1.814
142.6 2.086 1.986 1.91 0.01 2.785 1.814
142.7 2.086 1.986 1.91 0.01 2.785 1.814
142.8 2.086 1.986 1.91 0.01 2.785 1.814
142.9 2.086 1.986 1.91 0.01 2.785 1.814
143.0 2.086 1.986 1.91 0.01 2.785 1.814
143.1 2.086 1.986 1.91 0.01 2.785 1.814
143.2 2.086 1.986 1.91 0.01 2.785 1.814
143.3 2.086 1.986 1.91 0.01 2.785 1.814
143.4 2.086 1.986 1.91 0.01 2.785 1.814
143.5 2.086 1.986 1.91 0.01 2.785 1.814
143.6 2.086 1.986 1.91 0.01 2.785 1.814
143.7 2.086 1.986 1.91 0.01 2.785 1.814
143.8 2.086 1.986 1.91 0.01 2.785 1.814
143.9 2.086 1.986 1.91 0.01 2.785 1.814
144.0 2.086 1.986 1.91 0.01 2.785 1.814
144.1 2.086 1.986 1.91 0.01 2.785 1.814
144.2 2.086 1.986 1.91 0.01 2.785 1.814
144.3 2.086 1.986 1.91 0.01 2.785 1.814
144.4 2.086 1.986 1.91 0.01 2.785 1.814
144.5 2.086 1.986 1.91 0.01 2.785 1.814
144.6 2.086 1.986 1.91 0.01 2.785 1.814
144.7 2.086 1.986 1.91 0.01 2.785 1.814
144.8 2.086 1.986 1.91 0.01 2.785 1.814
144.9 2.086 1.986 1.91 0.01 2.785 1.814
145.0 2.086 1.986 1.91 0.01 2.785 1.814
145.1 2.086 1.986 1.91 0.01 2.785 1.814
145.2 2.086 1.986 1.91 0.01 2.785 1.814
145.3 2.086 1.986 1.91 0.01 2.785 1.814
145.4 2.086 1.986 1.91 0.01 2.785 1.814
145.5 2.086 1.986 1.91 0.01 2.785 1.814
145.6 2.086 1.986 1.91 0.01 2.785 1.814
145.7 2.086 1.986 1.91 0.01 2.785 1.814
145.8 2.086 1.986 1.91 0.01 2.785 1.814
145.9 2.086 1.986 1.91 0.01 2.785 1.814
146.0 2.086 1.986 1.91 0.01 2.785 1.814
146.1 2.086 1.986 1.91 0.01 2.785 1.814
146.2 2.086 1.986 1.91 0.01 2.785 1.814
146.3 2.086 1.986 1.91 0.01 2.785 1.814
146.4 2.086 1.986 1.91 0.01 2.785 1.814
146.5 2.086 1.986 1.91 0.01 2.785 1.814
146.6 2.086 1.986 1.91 0.01 2.785 1.814
146.7 2.086 1.986 1.91 0.01 2.785 1.814
146.8 2.086 1.986 1.91 0.01 2.785 1.814
146.9 2.086 1.986 1.91 0.01 2.785 1.814
147.0 2.086 1.986 1.91 0.01 2.785 1.814
147.1 2.086 1.986 1.91 0.01 2.785 1.814
147.2 2.086 1.986 1.91 0.01 2.785 1.814
147.3 2.086 1.986 1.91 0.01 2.785 1.814
147.4 2.086 1.986 1.91 0.01 2.785 1.814
147.5 2.086 1.986 1.91 0.01 2.785 1.814
147.6 2.086 1.986 1.91 0.01 2.785 1.814
147.7 2.086 1.986 1.91 0.01 2.785 1.814
147.8 2.086 1.986 1.91 0.01 2.785 1.814
147.9 2.086 1.986 1.91 0.01 2.785 1.814
148.0 2.086 1.986 1.91 0.01 2.785 1.814
148.1 2.086 1.986 1.91 0.01 2.785 1.814
148.2 2.086 1.986 1.91 0.01 2.785 1.814
148.3 2.086 1.986 1.91 0.01 2.785 1.814
148.4 2.086 1.986 1.91 0.01 2.785 1.814
148.5 2.086 1.986 1.91 0.01 2.785 1.814
148.6 2.086 1.986 1.91 0.01 2.785 1.814
148.7 2.086 1.986 1.91 0.01 2.785 1.814
148.8 2.086 1.986 1.91 0.01 2.785 1.814
148.9 2.086 1.986 1.91 0.01 2.785 1.814
149.0 2.086 1.986 1.91 0.01 2.785 1.814
149.1 2.086 1.986 1.91 0.01 2.785 1.814
149.2 2.086 1.986 1.91 0.01 2.785 1.814
149.3 2.086 1.986 1.91 0.01 2.785 1.814
149.4 2.086 1.986 1.91 0.01 2.785 1.814
149.5 2.086 1.986 1.91 0.01 2.785 1.814
149.6 2.086 1.986 1.91 0.01 2.785 1.814
149.7 2.086 1.986 1.91 0.01 2.785 1.814
149.8 2.086 1.986 1.91 0.01 2.785 1.814
149.9 2.086 1.986 1.91 0.01 2.785 1.814
150.0 2.086 1.986 1.91 0.01 2.785 1.814
150.1 2.086 1.986 1.91 0.01 2.785 1.814
150.2 2.086 1.986 1.91 0.01 2.785 1.814
150.3 2.086 1.986 1.91 0.01 2.785 1.814
150.4 2.086 1.986 1.91 0.01 2.785 1.814
150.5 2.086 1.986 1.91 0.01 2.785 1.814
150.6 2.086 1.986 1.91 0.01 2.785 1.814
150.7 2.086 1.986 1.91 0.01 2.785 1.814
150.8 2.086 1.986 1.91 0.01 2.785 1.814
150.9 2.086 1.986 1.91 0.01 2.785 1.814
151.0 2.086 1.986 1.91 0.01 2.785 1.814
151.1 2.086 1.986 1.91 0.01 2.785 1.814
151.2 2.086 1.986 1.91 0.01 2.785 1.814
151.3 2.086 1.986 1.91 0.01 2.785 1.814
151.4 2.086 1.986 1.91 0.01 2.785 1.814
151.5 2.086 1.986 1.91 0.01 2.785 1.814
151.6 2.086 1.986 1.91 0.01 2.785 1.814
151.7 2.086 1.986 1.91 0.01 2.785 1.814
151.8 2.086 1.986 1.91 0.01 2.785 1.814
151.9 2.086 1.986 1.91 0.01 2.785 1.814
152.0 2.086 1.986 1.91 0.01 2.785 1.814
152.1 2.086 1.986 1.91 0.01 2.785 1.814
152.2 2.086 1.986 1.91 0.01 2.785 1.814
152.3 2.086 1.986 1.91 0.01 2.785 1.814
152.4 2.086 1.986 1.91 0.01 2.785 1.814
152.5 2.086 1.986 1.91 0.01 2.785 1.814
152.6 2.086 1.986 1.91 0.01 2.785 1.814
152.7 2.086 1.986 1.91 0.01 2.785 1.814
152.8 2.086 1.986 1.91 0.01 2.785 1.814
152.9 2.086 1.986 1.91 0.01 2.785 1.814
153.0 2.086 1.986 1.91 0.01 2.785 1.814
153.1 2.086 1.986 1.91 0.01 2.785 1.814
153.2 2.086 1.986 1.91 0.01 2.785 1.814
153.3 2.086 1.986 1.91 0.01 2.785 1.814
153.4 2.086 1.986 1.91 0.01 2.785 1.814
153.5 2.086 1.986 1.91 0.01 2.785 1.814
153.6 2.086 1.986 1.91 0.01 2.785 1.814
153.7 2.086 1.986 1.91 0.01 2.785 1.814
153.8 2.086 1.986 1.91 0.01 2.785 1.814
153.9 2.086 1.986 1.91 0.01 2.785 1.814
154.0 2.086 1.986 1.91 0.01 2.785 1.814
154.1 2.086 1.986 1.91 0.01 2.785 1.814
154.2 2.086 1.986 1.91 0.01 2.785 1.814
154.3 2.086 1.986 1.91 0.01 2.785 1.814
154.4 2.086 1.986 1.91 0.01 2.785 1.814
154.5 2.086 1.986 1.91 0.01 2.785 1.814
154.6 2.086 1.986 1.91 0.01 2.785 1.814
154.7 2.086 1.986 1.91 0.01 2.785 1.814
154.8 2.086 1.986 1.91 0.01 2.785 1.814
154.9 2.086 1.986 1.91 0.01 2.785 1.814
155.0 2.086 1.986 1.91 0.01 2.785 1.814
155.1 2.086 1.986 1.91 0.01 2.785 1.814
155.2 2.086 1.986 1.91 0.01 2.785 1.814
155.3 2.086 1.986 1.91 0.01 2.785 1.814
155.4 2.086 1.986 1.91 0.01 2.785 1.814
155.5 2.086 1.986 1.91 0.01 2.785 1.814
155.6 2.086 1.986 1.91 0.01 2.785 1.814
155.7 2.086 1.986 1.91 0.01 2.785 1.814
155.8 2.086 1.986 1.91 0.01 2.785 1.814
155.9 2.086 1.986 1.91 0.01 2.785 1.814
156.0 2.086 1.986 1.91 0.01 2.785 1.814
156.1 2.086 1.986 1.91 0.01 2.785 1.814
156.2 2.086 1.986 1.91 0.01 2.785 1.814
156.3 2.086 1.986 1.91 0.01 2.785 1.814
156.4 2.086 1.986 1.91 0.01 2.785 1.814
156.5 2.086 1.986 1.91 0.01 2.785 1.814
156.6 2.086 1.986 1.91 0.01 2.785 1.814
156.7 2.086 1.986 1.91 0.01 2.785 1.814
156.8 2.086 1.986 1.91 0.01 2.785 1.814
156.9 2.086 1.986 1.91 0.01 2.785 1.814
157.0 2.086 1.986 1.91 0.01 2.785 1.814
157.1 2.086 1.986 1.91 0.01 2.785 1.814
157.2 2.086 1.986 1.91 0.01 2.785 1.814
157.3 2.086 1.986 1.91 0.01 2.785 1.814
157.4 2.086 1.986 1.91 0.01 2.785 1.814
157.5 2.086 1.986 1.91 0.01 2.785 1.814
157.6 2.086 1.986 1.91 0.01 2.785 1.814
157.7 2.086 1.986 1.91 0.01 2.785 1.814
157.8 2.086 1.986 1.91 0.01 2.785 1.814
157.9 2.086 1.986 1.91 0.01 2.785 1.814
158.0 2.086 1.986 1.91 0.01 2.785 1.814
158.1 2.086 1.986 1.91 0.01 2.785 1.814
158.2 2.086 1.986 1.91 0.01 2.785 1.814
158.3 2.086 1.986 1.91 0.01 2.785 1.814
158.4 2.086 1.986 1.91 0.01 2.785 1.814
158.5 2.086 1.986 1.91 0.01 2.785 1.814
158.6 2.086 1.986 1.91 0.01 2.785 1.814
158.7 2.086 1.986 1.91 0.01 2.785 1.814
158.8 2.086 1.986 1.91 0.01 2.785 1.814
158.9 2.086 1.986 1.91 0.01 2.785 1.814
159.0 2.086 1.986 1.91 0.01 2.785 1.814
159.1 2.086 1.986 1.91 0.01 2.785 1.814
159.2 2.086 1.986 1.91 0.01 2.785 1.814
159.3 2.086 1.986 1.91 0.01 2.785 1.814
159.4 2.086 1.986 1.91 0.01 2.785 1.814
159.5 2.086 1.986 1.91 0.01 2.785 1.814
159.6 2.086 1.986 1.91 0.01 2.785 1.814
159.7 2.086 1.986 1.91 0.01 2.785 1.814
159.8 2.086 1.986 1.91 0.01 2.785 1.814
159.9 2.086 1.986 1.91 0.01 2.785 1.814
160.0 2.086 1.986 1.91 0.01 2.785 1.814
160.1 2.086 1.986 1.91 0.01 2.785 1.814
160.2 2.086 1.986 1.91 0.01 2.785 1.814
160.3 2.086 1.986 1.91 0.01 2.785 1.814
160.4 2.086 1.986 1.91 0.01 2.785 1.814
160.5 2.086 1.986 1.91 0.01 2.785 1.814
160.6 2.086 1.986 1.91 0.01 2.785 1.814
160.7 2.086 1.986 1.91 0.01 2.785 1.814
160.8 2.086 1.986 1.91 0.01 2.785 1.814
160.9 2.086 1.986 1.91 0.01 2.785 1.814
161.0 2.086 1.986 1.91 0.01 2.785 1.814
161.1 2.086 1.986 1.91 0.01 2.785 1.814
161.2 2.086 1.986 1.91 0.01 2.785 1.814
161.3 2.086 1.986 1.91 0.01 2.785 1.814
161.4 2.086 1.986 1.91 0.01 2.785 1.814
161.5 2.086 1.986 1.91 0.01 2.785 1.814
161.6 2.086 1.986 1.91 0.01 2.785 1.814
161.7 2.086 1.986 1.91 0.01 2.785 1.814
161.8 2.086 1.986 1.91 0.01 2.785 1.814
161.9 2.086 1.986 1.91 0.01 2.785 1.814
162.0 2.086 1.986 1.91 0.01 2.785 1.814
162.1 2.086 1.986 1.91 0.01 2.785 1.814
162.2 2.086 1.986 1.91 0.01 2.785 1.814
162.3 2.086 1.986 1.91 0.01 2.785 1.814
162.4 2.086 1.986 1.91 0.01 2.785 1.814
162.5 2.086 1.986 1.91 0.01 2.785 1.814
162.6 2.086 1.986 1.91 0.01 2.785 1.814
162.7 2.086 1.986 1.91 0.01 2.785 1.814
162.8 2.086 1.986 1.91 0.01 2.785 1.814
162.9 2.086 1.986 1.91 0.01 2.785 1.814
163.0 2.086 1.986 1.91 0.01 2.785 1.814
163.1 2.086 1.986 1.91 0.01 2.785 1.814
163.2 2.086 1.986 1.91 0.01 2.785 1.814
163.3 2.086 1.986 1.91 0.01 2.785 1.814
163.4 2.086 1.986 1.91 0.01 2.785 1.814
163.5 2.086 1.986 1.91 0.01 2.785 1.814
163.6 2.086 1.986 1.91 0.01 2.785 1.814
163.7 2.086 1.986 1.91 0.01 2.785 1.814
163.8 2.086 1.986 1.91 0.01 2.785 1.814
163.9 2.086 1.986 1.91 0.01 2.785 1.814
164.0 2.086 1.986 1.91 0.01 2.785 1.814
164.1 2.086 1.986 1.91 0.01 2.785 1.814
164.2 2.086 1.986 1.91 0.01 2.785 1.814
164.3 2.086 1.986 1.91 0.01 2.785 1.814
164.4 2.086 1.986 1.91 0.01 2.785 1.814
164.5 2.086 1.986 1.91 0.01 2.785 1.814
164.6 2.086 1.986 1.91 0.01 2.785 1.814
164.7 2.086 1.986 1.91 0.01 2.785 1.814
164.8 2.086 1.986 1.91 0.01 2.785 1.814
164.9 2.086 1.986 1.91 0.01 2.785 1.814
165.0 2.086 1.986 1.91 0.01 2.785 1.814
165.1 2.086 1.986 1.91 0.01 2.785 1.814
165.2 2.086 1.986 1.91 0.01 2.785 1.814
165.3 2.086 1.986 1.91 0.01 2.785 1.814
165.4 2.086 1.986 1.91 0.01 2.785 1.814
165.5 2.086 1.986 1.91 0.01 2.785 1.814
165.6 2.086 1.986 1.91 0.01 2.785 1.814
165.7 2.086 1.986 1.91 0.01 2.785 1.814
165.8 2.086 1.986 1.91 0.01 2.785 1.814
165.9 2.086 1.986 1.91 0.01 2.785 1.814
166.0 2.086 1.986 1.91 0.01 2.785 1.814
166.1 2.086 1.986 1.91 0.01 2.785 1.814
166.2 2.086 1.986 1.91 0.01 2.785 1.814
166.3 2.086 1.986 1.91 0.01 2.785 1.814
166.4 2.086 1.986 1.91 0.01 2.785 1.814
166.5 2.086 1.986 1.91 0.01 2.785 1.814
166.6 2.086 1.986 1.91 0.01 2.785 1.814
166.7 2.086 1.986 1.91 0.01 2.785 1.814
166.8 2.086 1.986 1.91 0.01 2.785 1.814
166.9 2.086 1.986 1.91 0.01 2.785 1.814
167.0 2.086 1.986 1.91 0.01 2.785 1.814
167.1 2.086 1.986 1.91 0.01 2.785 1.814
167.2 2.086 1.986 1.91 0.01 2.785 1.814
167.3 2.086 1.986 1.91 0.01 2.785 1.814
167.4 2.086 1.986 1.91 0.01 2.785 1.814
167.5 2.086 1.986 1.91 0.01 2.785 1.814
167.6 2.086 1.986 1.91 0.01 2.785 1.814
167.7 2.086 1.986 1.91 0.01 2.785 1.814
167.8 2.086 1.986 1.91 0.01 2.785 1.814
167.9 2.086 1.986 1.91 0.01 2.785 1.814
168.0 2.086 1.986 1.91 0.01 2.785 1.814
168.1 2.086 1.986 1.91 0.01 2.785 1.814
168.2 2.086 1.986 1.91 0.01 2.785 1.814
168.3 2.086 1.986 1.91 0.01 2.785 1.814
168.4 2.086 1.986 1.91 0.01 2.785 1.814
168.5 2.086 1.986 1.91 0.01 2.785 1.814
168.6 2.086 1.986 1.91 0.01 2.785 1.814
168.7 2.086 1.986 1.91 0.01 2.785 1.814
168.8 2.086 1.986 1.91 0.01 2.785 1.814
168.9 2.086 1.986 1.91 0.01 2.785 1.814
169.0 2.086 1.986 1.91 0.01 2.785 1.814
169.1 2.086 1.986 1.91 0.01 2.785 1.814
169.2 2.086 1.986 1.91 0.01 2.785 1.814
169.3 2.086 1.986 1.91 0.01 2.785 1.814
169.4 2.086 1.986 1.91 0.01 2.785 1.814
169.5 2.086 1.986 1.91 0.01 2.785 1.814
169.6 2.086 1.986 1.91 0.01 2.785 1.814
169.7 2.086 1.986 1.91 0.01 2.785 1.814
169.8 2.086 1.986 1.91 0.01 2.785 1.814
169.9 2.086 1.986 1.91 0.01 2.785 1.814
170.0 2.086 1.986 1.91 0.01 2.785 1.814
170.1 2.086 1.986 1.91 0.01 2.785 1.814
170.2 2.086 1.986 1.91 0.01 2.785 1.814
170.3 2.086 1.986 1.91 0.01 2.785 1.814
170.4 2.086 1.986 1.91 0.01 2.785 1.814
170.5 2.086 1.986 1.91 0.01 2.785 1.814
170.6 2.086 1.986 1.91 0.01 2.785 1.814
170.7 2.086 1.986 1.91 0.01 2.785 1.814
170.8 2.086 1.986 1.91 0.01 2.785 1.814
170.9 2.086 1.986 1.91 0.01 2.785 1.814
171.0 2.086 1.986 1.91 0.01 2.785 1.814
171.1 2.086 1.986 1.91 0.01 2.785 1.814
171.2 2.086 1.986 1.91 0.01 2.785 1.814
171.3 2.086 1.986 1.91 0.01 2.785 1.814
171.4 2.086 1.986 1.91 0.01 2.785 1.814
171.5 2.086 1.986 1.91 0.01 2.785 1.814
171.6 2.086 1.986 1.91 0.01 2.785 1.814
171.7 2.086 1.986 1.91 0.01 2.785 1.814
171.8 2.086 1.986 1.91 0.01 2.785 1.814
171.9 2.086 1.986 1.91 0.01 2.785 1.814
172.0 2.086 1.986 1.91 0.01 2.785 1.814
172.1 2.086 1.986 1.91 0.01 2.785 1.814
172.2 2.086 1.986 1.91 0.01 2.785 1.814
172.3 2.086 1.986 1.91 0.01 2.785 1.814
172.4 2.086 1.986 1.91 0.01 2.785 1.814
172.5 2.086 1.986 1.91 0.01 2.785 1.814
172.6 2.086 1.986 1.91 0.01 2.785 1.814
172.7 2.086 1.986 1.91 0.01 2.785 1.814
172.8 2.086 1.986 1.91 0.01 2.785 1.814
172.9 2.086 1.986 1.91 0.01 2.785 1.814
173.0 2.086 1.986 1.91 0.01 2.785 1.814
173.1 2.086 1.986 1.91 0.01 2.785 1.814
173.2 2.086 1.986 1.91 0.01 2.785 1.814
173.3 2.086 1.986 1.91 0.01 2.785 1.814
173.4 2.086 1.986 1.91 0.01 2.785 1.814
173.5 2.086 1.986 1.91 0.01 2.785 1.814
173.6 2.086 1.986 1.91 0.01 2.785 1.814
173.7 2.086 1.986 1.91 0.01 2.785 1.814
173.8 2.086 1.986 1.91 0.01 2.785 1.814
173.9 2.086 1.986 1.91 0.01 2.785 1.814
174.0 2.086 1.986 1.91 0.01 2.785 1.814
174.1 2.086 1.986 1.91 0.01 2.785 1.814
174.2 2.086 1.986 1.91 0.01 2.785 1.814
174.3 2.086 1.986 1.91 0.01 2.785 1.814
174.4 2.086 1.986 1.91 0.01 2.785 1.814
174.5 2.086 1.986 1.91 0.01 2.785 1.814
174.6 2.086 1.986 1.91 0.01 2.785 1.814
174.7 2.086 1.986 1.91 0.01 2.785 1.814
174.8 2.086 1.986 1.91 0.01 2.785 1.814
174.9 2.086 1.986 1.91 0.01 2.785 1.814
175.0 2.086 1.986 1.91 0.01 2.785 1.814
175.1 2.086 1.986 1.91 0.01 2.785 1.814
175.2 2.086 1.986 1.91 0.01 2.785 1.814
175.3 2.086 1.986 1.91 0.01 2.785 1.814
175.4 2.086 1.986 1.91 0.01 2.785 1.814
175.5 2.086 1.986 1.91 0.01 2.785 1.814
175.6 2.086 1.986 1.91 0.01 2.785 1.814
175.7 2.086 1.986 1.91 0.01 2.785 1.814
175.8 2.086 1.986 1.91 0.01 2.785 1.814
175.9 2.086 1.986 1.91 0.01 2.785 1.814
176.0 2.086 1.986 1.91 0.01 2.785 1.814
176.1 2.086 1.986 1.91 0.01 2.785 1.814
176.2 2.086 1.986 1.91 0.01 2.785 1.814
176.3 2.086 1.986 1.91 0.01 2.785 1.814
176.4 2.086 1.986 1.91 0.01 2.785 1.814
176.5 2.086 1.986 1.91 0.01 2.785 1.814
176.6 2.086 1.986 1.91 0.01 2.785 1.814
176.7 2.086 1.986 1.91 0.01 2.785 1.814
176.8 2.086 1.986 1.91 0.01 2.785 1.814
176.9 2.086 1.986 1.91 0.01 2.785 1.814
177.0 2.086 1.986 1.91 0.01 2.785 1.814
177.1 2.086 1.986 1.91 0.01 2.785 1.814
177.2 2.086 1.986 1.91 0.01 2.785 1.814
177.3 2.086 1.986 1.91 0.01 2.785 1.814
177.4 2.086 1.986 1.91 0.01 2.785 1.814
177.5 2.086 1.986 1.91 0.01 2.785 1.814
177.6 2.086 1.986 1.91 0.01 2.785 1.814
177.7 2.086 1.986 1.91 0.01 2.785 1.814
177.8 2.086 1.986 1.91 0.01 2.785 1.814
177.9 2.086 1.986 1.91 0.01 2.785 1.814
178.0 2.086 1.986 1.91 0.01 2.785 1.814
178.1 2.086 1.986 1.91 0.01 2.785 1.814
178.2 2.086 1.986 1.91 0.01 2.785 1.814
178.3 2.086 1.986 1.91 0.01 2.785 1.814
178.4 2.086 1.986 1.91 0.01 2.785 1.814
178.5 2.086 1.986 1.91 0.01 2.785 1.814
178.6 2.086 1.986 1.91 0.01 2.785 1.814
178.7 2.086 1.986 1.91 0.01 2.785 1.814
178.8 2.086 1.986 1.91 0.01 2.785 1.814
178.9 2.086 1.986 1.91 0.01 2.785 1.814
179.0 2.086 1.986 1.91 0.01 2.785 1.814
179.1 2.086 1.986 1.91 0.01 2.785 1.814
179.2 2.086 1.986 1.91 0.01 2.785 1.814
179.3 2.086 1.986 1.91 0.01 2.785 1.814
179.4 2.086 1.986 1.91 0.01 2.785 1.814
179.5 2.086 1.986 1.91 0.01 2.785 1.814
179.6 2.086 1.986 1.91 0.01 2.785 1.814
179.7 2.086 1.986 1.91 0.01 2.785 1.814
179.8 2.086 1.986 1.91 0.01 2.785 1.814
179.9 2.086 1.986 1.91 0.01 2.785 1.814
180.0 2.086 1.986 1.91 0.01 2.785 1.814
180.1 2.086 1.986 1.91 0.01 2.785 1.814
180.2 2.086 1.986 1.91 0.01 2.785 1.814
180.3 2.086 1.986 1.91 0.01 2.785 1.814
180.4 2.086 1.986 1.91 0.01 2.785 1.814
180.5 2.086 1.986 1.91 0.01 2.785 1.814
180.6 2.086 1.986 1.91 0.01 2.785 1.814
180.7 2.086 1.986 1.91 0.01 2.785 1.814
180.8 2.086 1.986 1.91 0.01 2.785 1.814
180.9 2.086 1.986 1.91 0.01 2.785 1.814
181.0 2.086 1.986 1.91 0.01 2.785 1.814
181.1 2.086 1.986 1.91 0.01 2.785 1.814
181.2 2.086 1.986 1.91 0.01 2.785 1.814
181.3 2.086 1.986 1.91 0.01 2.785 1.814
181.4 2.086 1.986 1.91 0.01 2.785 1.814
181.5 2.086 1.986 1.91 0.01 2.785 1.814
181.6 2.086 1.986 1.91 0.01 2.785 1.814
181.7 2.086 1.986 1.91 0.01 2.785 1.814
181.8 2.086 1.986 1.91 0.01 2.785 1.814
181.9 2.086 1.986 1.91 0.01 2.785 1.814
182.0 2.086 1.986 1.91 0.01 2.785 1.814
182.1 2.086 1.986 1.91 0.01 2.785 1.814
182.2 2.086 1.986 1.91 0.01 2.785 1.814
182.3 2.086 1.986 1.91 0.01 2.785 1.814
182.4 2.086 1.986 1.91 0.01 2.785 1.814
182.5 2.086 1.986 1.91 0.01 2.785 1.814
182.6 2.086 1.986 1.91 0.01 2.785 1.814
182.7 2.086 1.986 1.91 0.01 2.785 1.814
182.8 2.086 1.986 1.91 0.01 2.785 1.814
182.9 2.086 1.986 1.91 0.01 2.785 1.814
183.0 2.086 1.986 1.91 0.01 2.785 1.814
183.1 2.086 1.986 1.91 0.01 2.785 1.814
183.2 2.086 1.986 1.91 0.01 2.785 1.814
183.3 2.086 1.986 1.91 0.01 2.785 1.814
183.4 2.086 1.986 1.91 0.01 2.785 1.814
183.5 2.086 1.986 1.91 0.01 2.785 1.814
183.6 2.086 1.986 1.91 0.01 2.785 1.814
183.7 2.086 1.986 1.91 0.01 2.785 1.814
183.8 2.086 1.986 1.91 0.01 2.785 1.814
183.9 2.086 1.986 1.91 0.01 2.785 1.814
184.0 2.086 1.986 1.91 0.01 2.785 1.814
184.1 2.086 1.986 1.91 0.01 2.785 1.814
184.2 2.086 1.986 1.91 0.01 2.785 1.814
184.3 2.086 1.986 1.91 0.01 2.785 1.814
184.4 2.086 1.986 1.91 0.01 2.785 1.814
184.5 2.086 1.986 1.91 0.01 2.785 1.814
184.6 2.086 1.986 1.91 0.01 2.785 1.814
184.7 2.086 1.986 1.91 0.01 2.785 1.814
184.8 2.086 1.986 1.91 0.01 2.785 1.814
184.9 2.086 1.986 1.91 0.01 2.785 1.814
185.0 2.086 1.986 1.91 0.01 2.785 1.814
185.1 2.086 1.986 1.91 0.01 2.785 1.814
185.2 2.086 1.986 1.91 0.01 2.785 1.814
185.3 2.086 1.986 1.91 0.01 2.785 1.814
185.4 2.086 1.986 1.91 0.01 2.785 1.814
185.5 2.086 1.986 1.91 0.01 2.785 1.814
185.6 2.086 1.986 1.91 0.01 2.785 1.814
185.7 2.086 1.986 1.91 0.01 2.785 1.814
185.8 2.086 1.986 1.91 0.01 2.785 1.814
185.9 2.086 1.986 1.91 0.01 2.785 1.814
186.0 2.086 1.986 1.91 0.01 2.785 1.814
186.1 2.086 1.986 1.91 0.01 2.785 1.814
186.2 2.086 1.986 1.91 0.01 2.785 1.814
186.3 2.086 1.986 1.91 0.01 2.785 1.814
186.4 2.086 1.986 1.91 0.01 2.785 1.814
186.5 2.086 1.986 1.91 0.01 2.785 1.814
186.6 2.086 1.986 1.91 0.01 2.785 1.814
186.7 2.086 1.986 1.91 0.01 2.785 1.814
186.8 2.086 1.986 1.91 0.01 2.785 1.814
186.9 2.086 1.986 1.91 0.01 2.785 1.814
187.0 2.086 1.986 1.91 0.01 2.785 1.814
187.1 2.086 1.986 1.91 0.01 2.785 1.814
187.2 2.086 1.986 1.91 0.01 2.785 1.814
187.3 2.086 1.986 1.91 0.01 2.785 1.814
187.4 2.086 1.986 1.91 0.01 2.785 1.814
187.5 2.086 1.986 1.91 0.01 2.785 1.814
187.6 2.086 1.986 1.91 0.01 2.785 1.814
187.7 2.086 1.986 1.91 0.01 2.785 1.814
187.8 2.086 1.986 1.91 0.01 2.785 1.814
187.9 2.086 1.986 1.91 0.01 2.785 1.814
188.0 2.086 1.986 1.91 0.01 2.785 1.814
188.1 2.086 1.986 1.91 0.01 2.785 1.814
188.2 2.086 1.986 1.91 0.01 2.785 1.814
188.3 2.086 1.986 1.91 0.01 2.785 1.814
188.4 2.086 1.986 1.91 0.01 2.785 1.814
188.5 2.086 1.986 1.91 0.01 2.785 1.814
188.6 2.086 1.986 1.91 0.01 2.785 1.814
188.7 2.086 1.986 1.91 0.01 2.785 1.814
188.8 2.086 1.986 1.91 0.01 2.785 1.814
188.9 2.086 1.986 1.91 0.01 2.785 1.814
189.0 2.086 1.986 1.91 0.01 2.785 1.814
189.1 2.086 1.986 1.91 0.01 2.785 1.814
189.2 2.086 1.986 1.91 0.01 2.785 1.814
189.3 2.086 1.986 1.91 0.01 2.785 1.814
189.4 2.086 1.986 1.91 0.01 2.785 1.814
189.5 2.086 1.986 1.91 0.01 2.785 1.814
189.6 2.086 1.986 1.91 0.01 2.785 1.814
189.7 2.086 1.986 1.91 0.01 2.785 1.814
189.8 2.086 1.986 1.91 0.01 2.785 1.814
189.9 2.086 1.986 1.91 0.01 2.785 1.814
190.0 2.086 1.986 1.91 0.01 2.785 1.814
190.1 2.086 1.986 1.91 0.01 2.785 1.814
190.2 2.086 1.986 1.91 0.01 2.785 1.814
190.3 2.086 1.986 1.91 0.01 2.785 1.814
190.4 2.086 1.986 1.91 0.01 2.785 1.814
190.5 2.086 1.986 1.91 0.01 2.785 1.814
190.6 2.086 1.986 1.91 0.01 2.785 1.814
190.7 2.086 1.986 1.91 0.01 2.785 1.814
190.8 2.086 1.986 1.91 0.01 2.785 1.814
190.9 2.086 1.986 1.91 0.01 2.785 1.814
191.0 2.086 1.986 1.91 0.01 2.785 1.814
191.1 2.086 1.986 1.91 0.01 2.785 1.814
191.2 2.086 1.986 1.91 0.01 2.785 1.814
191.3 2.086 1.986 1.91 0.01 2.785 1.814
191.4 2.086 1.986 1.91 0.01 2.785 1.814
191.5 2.086 1.986 1.91 0.01 2.785 1.814
191.6 2.086 1.986 1.91 0.01 2.785 1.814
191.7 2.086 1.986 1.91 0.01 2.785 1.814
191.8 2.086 1.986 1.91 0.01 2.785 1.814
191.9 2.086 1.986 1.91 0.01 2.785 1.814
192.0 2.086 1.986 1.91 0.01 2.785 1.814
192.1 2.086 1.986 1.91 0.01 2.785 1.814
192.2 2.086 1.986 1.91 0.01 2.785 1.814
192.3 2.086 1.986 1.91 0.01 2.785 1.814
192.4 2.086 1.986 1.91 0.01 2.785 1.814
192.5 2.086 1.986 1.91 0.01 2.785 1.814
192.6 2.086 1.986 1.91 0.01 2.785 1.814
192.7 2.086 1.986 1.91 0.01 2.785 1.814
192.8 2.086 1.986 1.91 0.01 2.785 1.814
192.9 2.086 1.986 1.91 0.01 2.785 1.814
193.0 2.086 1.986 1.91 0.01 2.785 1.814
193.1 2.086 1.986 1.91 0.01 2.785 1.814
193.2 2.086 1.986 1.91 0.01 2.785 1.814
193.3 2.086 1.986 1.91 0.01 2.785 1.814
193.4 2.086 1.986 1.91 0.01 2.785 1.814
193.5 2.086 1.986 1.91 0.01 2.785 1.814
193.6 2.086 1.986 1.91 0.01 2.785 1.814
193.7 2.086 1.986 1.91 0.01 2.785 1.814
193.8 2.086 1.986 1.91 0.01 2.785 1.814
193.9 2.086 1.986 1.91 0.01 2.785 1.814
194.0 2.086 1.986 1.91 0.01 2.785 1.814
194.1 2.086 1.986 1.91 0.01 2.785 1.814
194.2 2.086 1.986 1.91 0.01 2.785 1.814
194.3 2.086 1.986 1.91 0.01 2.785 1.814
194.4 2.086 1.986 1.91 0.01 2.785 1.814
194.5 2.086 1.986 1.91 0.01 2.785 1.814
194.6 2.086 1.986 1.91 0.01 2.785 1.814
194.7 2.086 1.986 1.91 0.01 2.785 1.814
194.8 2.086 1.986 1.91 0.01 2.785 1.814
194.9 2.086 1.986 1.91 0.01 2.785 1.814
195.0 2.086 1.986 1.91 0.01 2.785 1.814
195.1 2.086 1.986 1.91 0.01 2.785 1.814
195.2 2.086 1.986 1.91 0.01 2.785 1.814
195.3 2.086 1.986 1.91 0.01 2.785 1.814
195.4 2.086 1.986 1.91 0.01 2.785 1.814
195.5 2.086 1.986 1.91 0.01 2.785 1.814
195.6 2.086 1.986 1.91 0.01 2.785 1.814
195.7 2.086 1.986 1.91 0.01 2.785 1.814
195.8 2.086 1.986 1.91 0.01 2.785 1.814
195.9 2.086 1.986 1.91 0.01 2.785 1.814
196.0 2.086 1.986 1.91 0.01 2.785 1.814
196.1 2.086 1.986 1.91 0.01 2.785 1.814
196.2 2.086 1.986 1.91 0.01 2.785 1.814
196.3 2.086 1.986 1.91 0.01 2.785 1.814
196.4 2.086 1.986 1.91 0.01 2.785 1.814
196.5 2.086 1.986 1.91 0.01 2.785 1.814
196.6 2.086 1.986 1.91 0.01 2.785 1.814
196.7 2.086 1.986 1.91 0.01 2.785 1.814
196.8 2.086 1.986 1.91 0.01 2.785 1.814
196.9 2.086 1.986 1.91 0.01 2.785 1.814
197.0 2.086 1.986 1.91 0.01 2.785 1.814
197.1 2.086 1.986 1.91 0.01 2.785 1.814
197.2 2.086 1.986 1.91 0.01 2.785 1.814
197.3 2.086 1.986 1.91 0.01 2.785 1.814
197.4 2.086 1.986 1.91 0.01 2.785 1.814
197.5 2.086 1.986 1.91 0.01 2.785 1.814
197.6 2.086 1.986 1.91 0.01 2.785 1.814
197.7 2.086 1.986 1.91 0.01 2.785 1.814
197.8 2.086 1.986 1.91 0.01 2.785 1.814
197.9 2.086 1.986 1.91 0.01 2.785 1.814
198.0 2.086 1.986 1.91 0.01 2.785 1.814
198.1 2.086 1.986 1.91 0.01 2.785 1.814
198.2 2.086 1.986 1.91 0.01 2.785 1.814
198.3 2.086 1.986 1.91 0.01 2.785 1.814
198.4 2.086 1.986 1.91 0.01 2.785 1.814
198.5 2.086 1.986 1.91 0.01 2.785 1.814
198.6 2.086 1.986 1.91 0.01 2.785 1.814
198.7 2.086 1.986 1.91 0.01 2.785 1.814
198.8 2.086 1.986 1.91 0.01 2.785 1.814
198.9 2.086 1.986 1.91 0.01 2.785 1.814
199.0 2.086 1.986 1.91 0.01 2.785 1.814
199.1 2.086 1.986 1.91 0.01 2.785 1.814
199.2 2.086 1.986 1.91 0.01 2.785 1.814
199.3 2.086 1.986 1.91 0.01 2.785 1.814
199.4 2.086 1.986 1.91 0.01 2.785 1.814
199.5 2.086 1.986 1.91 0.01 2.785 1.814
199.6 2.086 1.986 1.91 0.01 2.785 1.814
199.7 2.086 1.986 1.91 0.01 2.785 1.814
199.8 2.086 1.986 1.91 0.01 2.785 1.814
199.9 2.086 1.986 1.91 0.01 2.785 1.814
