500.0 2.086 1.986 1.91 0.01 2.787 1.816 0.954 1.089 0.927 0.011 0.011 0.01
500.1 2.086 1.986 1.91 0.01 2.787 1.816 0.954 1.089 0.927 0.012 0.012 0.01
500.2 2.086 1.986 1.91 0.01 2.787 1.816 0.954 1.088 0.927 0.013 0.014 0.011
500.3 2.086 1.986 1.91 0.01 2.787 1.816 0.953 1.088 0.926 0.014 0.015 0.011
500.4 2.086 1.986 1.91 0.01 2.787 1.816 0.953 1.088 0.926 0.015 0.016 0.011
500.5 2.086 1.986 1.91 0.01 2.787 1.816 0.953 1.088 0.926 0.015 0.018 0.012
500.6 2.086 1.986 1.91 0.01 2.787 1.816 0.953 1.088 0.926 0.016 0.019 0.012
500.7 2.086 1.986 1.91 0.01 2.787 1.816 0.952 1.087 0.925 0.017 0.021 0.013
500.8 2.086 1.986 1.91 0.01 2.787 1.816 0.952 1.087 0.925 0.018 0.023 0.013
500.9 2.086 1.986 1.91 0.01 2.787 1.816 0.952 1.087 0.925 0.019 0.024 0.014
501.0 2.086 1.986 1.91 0.01 2.787 1.816 0.951 1.087 0.925 0.02 0.026 0.015
501.1 2.086 1.986 1.91 0.01 2.786 1.816 0.951 1.086 0.924 0.021 0.028 0.016
501.2 2.086 1.986 1.91 0.01 2.786 1.815 0.951 1.086 0.924 0.022 0.03 0.016
501.3 2.086 1.986 1.91 0.01 2.786 1.815 0.951 1.086 0.924 0.023 0.032 0.017
501.4 2.086 1.986 1.91 0.01 2.786 1.815 0.95 1.086 0.923 0.024 0.034 0.018
501.5 2.086 1.986 1.91 0.01 2.786 1.815 0.95 1.085 0.923 0.025 0.037 0.019
501.6 2.086 1.986 1.91 0.01 2.786 1.815 0.95 1.085 0.923 0.026 0.039 0.02
501.7 2.086 1.986 1.91 0.01 2.786 1.815 0.949 1.085 0.922 0.027 0.042 0.02
501.8 2.086 1.986 1.91 0.01 2.786 1.815 0.949 1.084 0.922 0.029 0.044 0.021
501.9 2.086 1.986 1.91 0.01 2.786 1.815 0.949 1.084 0.922 0.03 0.047 0.022
502.0 2.086 1.986 1.91 0.01 2.786 1.815 0.948 1.084 0.921 0.031 0.05 0.024
502.1 2.086 1.986 1.91 0.01 2.786 1.815 0.948 1.083 0.921 0.033 0.053 0.025
502.2 2.086 1.986 1.91 0.01 2.786 1.815 0.947 1.083 0.92 0.034 0.056 0.026
502.3 2.086 1.986 1.91 0.01 2.786 1.815 0.947 1.083 0.92 0.036 0.059 0.027
502.4 2.086 1.986 1.91 0.01 2.786 1.815 0.946 1.082 0.919 0.038 0.063 0.028
502.5 2.086 1.986 1.91 0.01 2.786 1.815 0.946 1.082 0.919 0.04 0.066 0.029
502.6 2.086 1.986 1.91 0.01 2.786 1.815 0.946 1.081 0.918 0.041 0.07 0.031
502.7 2.086 1.986 1.91 0.01 2.786 1.815 0.945 1.081 0.918 0.043 0.074 0.032
502.8 2.086 1.986 1.91 0.01 2.786 1.815 0.945 1.081 0.917 0.045 0.078 0.034
502.9 2.086 1.986 1.91 0.01 2.786 1.815 0.944 1.08 0.917 0.047 0.082 0.035
503.0 2.086 1.986 1.91 0.01 2.786 1.815 0.943 1.08 0.916 0.05 0.086 0.037
503.1 2.086 1.986 1.91 0.01 2.786 1.815 0.943 1.079 0.916 0.052 0.09 0.038
503.2 2.086 1.986 1.91 0.01 2.786 1.815 0.942 1.079 0.915 0.054 0.095 0.04
503.3 2.086 1.986 1.91 0.01 2.786 1.815 0.942 1.078 0.915 0.057 0.1 0.042
503.4 2.086 1.986 1.91 0.01 2.786 1.815 0.941 1.078 0.914 0.059 0.105 0.044
503.5 2.086 1.986 1.91 0.01 2.786 1.815 0.94 1.077 0.913 0.062 0.11 0.046
503.6 2.086 1.986 1.91 0.01 2.786 1.815 0.94 1.076 0.912 0.065 0.115 0.048
503.7 2.086 1.986 1.91 0.01 2.786 1.815 0.939 1.076 0.912 0.068 0.121 0.05
503.8 2.086 1.986 1.91 0.01 2.786 1.815 0.938 1.075 0.911 0.071 0.126 0.052
503.9 2.086 1.986 1.91 0.01 2.786 1.815 0.938 1.074 0.91 0.074 0.132 0.054
504.0 2.086 1.986 1.91 0.01 2.786 1.815 0.937 1.074 0.909 0.077 0.138 0.056
504.1 2.086 1.986 1.91 0.01 2.786 1.815 0.936 1.073 0.909 0.08 0.145 0.059
504.2 2.086 1.986 1.91 0.01 2.786 1.815 0.935 1.072 0.908 0.084 0.151 0.061
504.3 2.086 1.986 1.91 0.01 2.786 1.815 0.934 1.072 0.907 0.088 0.158 0.064
504.4 2.086 1.986 1.91 0.01 2.786 1.815 0.933 1.071 0.906 0.091 0.165 0.067
504.5 2.086 1.986 1.91 0.01 2.786 1.815 0.932 1.07 0.905 0.095 0.172 0.069
504.6 2.086 1.986 1.91 0.01 2.786 1.815 0.932 1.069 0.904 0.099 0.179 0.072
504.7 2.086 1.986 1.91 0.01 2.786 1.815 0.931 1.069 0.903 0.103 0.187 0.075
504.8 2.086 1.986 1.91 0.01 2.786 1.815 0.93 1.068 0.902 0.108 0.194 0.078
504.9 2.086 1.986 1.91 0.01 2.786 1.815 0.929 1.067 0.901 0.112 0.202 0.081
505.0 2.086 1.986 1.91 0.01 2.786 1.815 0.928 1.066 0.9 0.117 0.21 0.084
505.1 2.086 1.986 1.91 0.01 2.786 1.815 0.926 1.065 0.899 0.121 0.219 0.087
505.2 2.086 1.986 1.91 0.01 2.786 1.815 0.925 1.064 0.898 0.126 0.227 0.091
505.3 2.086 1.986 1.91 0.01 2.786 1.815 0.924 1.063 0.897 0.131 0.236 0.094
505.4 2.086 1.986 1.91 0.01 2.786 1.815 0.923 1.062 0.896 0.136 0.245 0.098
505.5 2.086 1.986 1.91 0.01 2.786 1.815 0.922 1.061 0.894 0.141 0.254 0.101
505.6 2.086 1.986 1.91 0.01 2.786 1.815 0.921 1.06 0.893 0.147 0.263 0.105
505.7 2.086 1.986 1.91 0.01 2.785 1.815 0.92 1.059 0.892 0.152 0.272 0.109
505.8 2.086 1.986 1.91 0.01 2.785 1.815 0.918 1.058 0.891 0.158 0.282 0.113
505.9 2.086 1.986 1.91 0.01 2.785 1.815 0.917 1.057 0.889 0.164 0.292 0.117
506.0 2.086 1.986 1.91 0.01 2.785 1.815 0.916 1.056 0.888 0.17 0.301 0.121
506.1 2.086 1.986 1.91 0.01 2.785 1.815 0.915 1.055 0.887 0.176 0.311 0.125
506.2 2.086 1.986 1.91 0.01 2.785 1.815 0.913 1.054 0.885 0.182 0.321 0.129
506.3 2.086 1.986 1.91 0.01 2.785 1.815 0.912 1.053 0.884 0.189 0.332 0.133
506.4 2.086 1.986 1.91 0.01 2.785 1.814 0.911 1.052 0.883 0.195 0.342 0.138
506.5 2.086 1.986 1.91 0.01 2.785 1.814 0.909 1.051 0.881 0.202 0.352 0.142
506.6 2.086 1.986 1.91 0.01 2.785 1.814 0.908 1.05 0.88 0.208 0.363 0.147
506.7 2.086 1.986 1.91 0.01 2.785 1.814 0.906 1.049 0.878 0.215 0.373 0.151
506.8 2.086 1.986 1.91 0.01 2.785 1.814 0.905 1.048 0.877 0.222 0.384 0.156
506.9 2.086 1.986 1.91 0.01 2.785 1.814 0.904 1.047 0.875 0.229 0.394 0.161
507.0 2.086 1.986 1.91 0.01 2.785 1.814 0.902 1.046 0.874 0.236 0.405 0.165
507.1 2.086 1.986 1.91 0.01 2.785 1.814 0.901 1.045 0.873 0.243 0.415 0.17
507.2 2.086 1.986 1.91 0.01 2.785 1.814 0.9 1.044 0.871 0.25 0.426 0.175
507.3 2.086 1.986 1.91 0.01 2.785 1.814 0.898 1.043 0.87 0.258 0.436 0.18
507.4 2.086 1.986 1.91 0.01 2.785 1.814 0.897 1.042 0.868 0.265 0.446 0.185
507.5 2.086 1.986 1.91 0.01 2.785 1.814 0.895 1.041 0.867 0.273 0.457 0.19
507.6 2.086 1.986 1.91 0.01 2.785 1.814 0.894 1.04 0.865 0.28 0.467 0.195
507.7 2.086 1.986 1.91 0.01 2.785 1.814 0.893 1.039 0.864 0.288 0.477 0.2
507.8 2.086 1.986 1.91 0.01 2.785 1.814 0.891 1.038 0.862 0.295 0.487 0.205
507.9 2.086 1.986 1.91 0.01 2.785 1.814 0.89 1.037 0.861 0.303 0.497 0.21
508.0 2.086 1.986 1.91 0.01 2.785 1.814 0.889 1.036 0.86 0.31 0.507 0.216
508.1 2.086 1.986 1.91 0.01 2.785 1.814 0.887 1.035 0.858 0.318 0.516 0.221
508.2 2.086 1.986 1.91 0.01 2.785 1.814 0.886 1.034 0.857 0.326 0.526 0.226
508.3 2.086 1.986 1.91 0.01 2.785 1.814 0.885 1.034 0.856 0.333 0.535 0.231
508.4 2.086 1.986 1.91 0.01 2.785 1.814 0.884 1.033 0.854 0.341 0.544 0.236
508.5 2.086 1.986 1.91 0.01 2.785 1.814 0.882 1.032 0.853 0.348 0.553 0.242
508.6 2.086 1.986 1.91 0.01 2.785 1.814 0.881 1.031 0.852 0.356 0.561 0.247
508.7 2.086 1.986 1.91 0.01 2.785 1.814 0.88 1.031 0.851 0.363 0.569 0.252
508.8 2.086 1.986 1.91 0.01 2.785 1.814 0.879 1.03 0.849 0.371 0.578 0.257
508.9 2.086 1.986 1.91 0.01 2.785 1.814 0.878 1.029 0.848 0.378 0.585 0.263
509.0 2.086 1.986 1.91 0.01 2.785 1.814 0.877 1.029 0.847 0.386 0.593 0.268
509.1 2.086 1.986 1.91 0.01 2.785 1.814 0.876 1.028 0.846 0.393 0.6 0.273
509.2 2.086 1.986 1.91 0.01 2.785 1.814 0.875 1.027 0.845 0.4 0.607 0.278
509.3 2.086 1.986 1.91 0.01 2.785 1.814 0.874 1.027 0.844 0.407 0.614 0.284
509.4 2.086 1.986 1.91 0.01 2.785 1.814 0.873 1.026 0.843 0.415 0.621 0.289
509.5 2.086 1.986 1.91 0.01 2.785 1.814 0.872 1.026 0.842 0.422 0.627 0.294
509.6 2.086 1.986 1.91 0.01 2.785 1.814 0.871 1.025 0.841 0.429 0.633 0.299
509.7 2.086 1.986 1.91 0.01 2.785 1.814 0.871 1.025 0.84 0.436 0.638 0.304
509.8 2.086 1.986 1.91 0.01 2.785 1.814 0.87 1.025 0.84 0.442 0.644 0.309
509.9 2.086 1.986 1.91 0.01 2.785 1.814 0.869 1.024 0.839 0.449 0.649 0.314
510.0 2.086 1.986 1.91 0.01 2.785 1.814 0.868 1.024 0.838 0.456 0.653 0.319
510.1 2.086 1.986 1.91 0.01 2.785 1.814 0.868 1.024 0.837 0.462 0.658 0.324
510.2 2.086 1.986 1.91 0.01 2.785 1.814 0.867 1.023 0.837 0.469 0.662 0.329
510.3 2.086 1.986 1.91 0.01 2.785 1.814 0.867 1.023 0.836 0.475 0.666 0.334
510.4 2.086 1.986 1.91 0.01 2.785 1.814 0.866 1.023 0.835 0.481 0.67 0.339
510.5 2.086 1.986 1.91 0.01 2.785 1.814 0.866 1.023 0.835 0.487 0.673 0.344
510.6 2.086 1.986 1.91 0.01 2.785 1.814 0.865 1.023 0.834 0.493 0.676 0.349
510.7 2.086 1.986 1.91 0.01 2.785 1.814 0.865 1.022 0.834 0.499 0.679 0.354
510.8 2.086 1.986 1.91 0.01 2.785 1.814 0.864 1.022 0.834 0.505 0.682 0.359
510.9 2.086 1.986 1.91 0.01 2.785 1.814 0.864 1.022 0.833 0.511 0.685 0.363
511.0 2.086 1.986 1.91 0.01 2.785 1.814 0.864 1.022 0.833 0.517 0.687 0.368
511.1 2.086 1.986 1.91 0.01 2.785 1.814 0.864 1.022 0.832 0.522 0.689 0.373
511.2 2.086 1.986 1.91 0.01 2.785 1.814 0.863 1.022 0.832 0.528 0.69 0.377
511.3 2.086 1.986 1.91 0.01 2.785 1.814 0.863 1.022 0.832 0.533 0.692 0.382
511.4 2.086 1.986 1.91 0.01 2.785 1.814 0.863 1.022 0.832 0.538 0.693 0.387
511.5 2.086 1.986 1.91 0.01 2.785 1.814 0.863 1.022 0.832 0.543 0.694 0.391
511.6 2.086 1.986 1.91 0.01 2.785 1.814 0.863 1.022 0.831 0.549 0.695 0.396
511.7 2.086 1.986 1.91 0.01 2.785 1.814 0.863 1.022 0.831 0.554 0.696 0.4
511.8 2.086 1.986 1.91 0.01 2.785 1.814 0.862 1.022 0.831 0.559 0.697 0.405
511.9 2.086 1.986 1.91 0.01 2.785 1.814 0.862 1.022 0.831 0.563 0.697 0.409
512.0 2.086 1.986 1.91 0.01 2.785 1.814 0.862 1.022 0.831 0.568 0.697 0.414
512.1 2.086 1.986 1.91 0.01 2.785 1.814 0.862 1.022 0.831 0.573 0.698 0.418
512.2 2.086 1.986 1.91 0.01 2.785 1.814 0.862 1.022 0.831 0.578 0.698 0.423
512.3 2.086 1.986 1.91 0.01 2.785 1.814 0.862 1.023 0.831 0.582 0.697 0.427
512.4 2.086 1.986 1.91 0.01 2.785 1.814 0.863 1.023 0.831 0.587 0.697 0.431
512.5 2.086 1.986 1.91 0.01 2.785 1.814 0.863 1.023 0.831 0.591 0.697 0.436
512.6 2.086 1.986 1.91 0.01 2.785 1.814 0.863 1.023 0.831 0.595 0.696 0.44
512.7 2.086 1.986 1.91 0.01 2.785 1.814 0.863 1.023 0.831 0.6 0.696 0.444
512.8 2.086 1.986 1.91 0.01 2.785 1.814 0.863 1.023 0.831 0.604 0.695 0.449
512.9 2.086 1.986 1.91 0.01 2.785 1.814 0.863 1.024 0.832 0.608 0.694 0.453
513.0 2.086 1.986 1.91 0.01 2.785 1.814 0.863 1.024 0.832 0.612 0.693 0.457
513.1 2.086 1.986 1.91 0.01 2.785 1.814 0.863 1.024 0.832 0.616 0.692 0.461
513.2 2.086 1.986 1.91 0.01 2.785 1.814 0.864 1.024 0.832 0.62 0.691 0.465
513.3 2.086 1.986 1.91 0.01 2.785 1.814 0.864 1.024 0.832 0.624 0.69 0.47
513.4 2.086 1.986 1.91 0.01 2.785 1.814 0.864 1.025 0.832 0.628 0.689 0.474
513.5 2.086 1.986 1.91 0.01 2.785 1.814 0.864 1.025 0.833 0.632 0.688 0.478
513.6 2.086 1.986 1.91 0.01 2.785 1.814 0.865 1.025 0.833 0.636 0.686 0.482
513.7 2.086 1.986 1.91 0.01 2.785 1.814 0.865 1.025 0.833 0.639 0.685 0.486
513.8 2.086 1.986 1.91 0.01 2.785 1.814 0.865 1.025 0.833 0.643 0.684 0.49
513.9 2.086 1.986 1.91 0.01 2.785 1.814 0.865 1.026 0.834 0.647 0.682 0.494
514.0 2.086 1.986 1.91 0.01 2.785 1.814 0.866 1.026 0.834 0.65 0.681 0.498
514.1 2.086 1.986 1.91 0.01 2.785 1.814 0.866 1.026 0.834 0.654 0.679 0.502
514.2 2.086 1.986 1.91 0.01 2.785 1.814 0.866 1.026 0.834 0.657 0.678 0.506
514.3 2.086 1.986 1.91 0.01 2.785 1.814 0.866 1.027 0.835 0.661 0.676 0.51
514.4 2.086 1.986 1.91 0.01 2.785 1.814 0.867 1.027 0.835 0.664 0.675 0.514
514.5 2.086 1.986 1.91 0.01 2.785 1.814 0.867 1.027 0.835 0.668 0.673 0.518
514.6 2.086 1.986 1.91 0.01 2.785 1.814 0.867 1.027 0.836 0.671 0.672 0.522
514.7 2.086 1.986 1.91 0.01 2.785 1.814 0.868 1.028 0.836 0.674 0.67 0.525
514.8 2.086 1.986 1.91 0.01 2.785 1.814 0.868 1.028 0.836 0.678 0.668 0.529
514.9 2.086 1.986 1.91 0.01 2.785 1.814 0.868 1.028 0.837 0.681 0.667 0.533
515.0 2.086 1.986 1.91 0.01 2.785 1.814 0.869 1.028 0.837 0.684 0.665 0.537
515.1 2.086 1.986 1.91 0.01 2.785 1.814 0.869 1.029 0.837 0.687 0.663 0.541
515.2 2.086 1.986 1.91 0.01 2.785 1.814 0.869 1.029 0.838 0.69 0.662 0.545
515.3 2.086 1.986 1.91 0.01 2.785 1.814 0.87 1.029 0.838 0.694 0.66 0.548
515.4 2.086 1.986 1.91 0.01 2.785 1.814 0.87 1.03 0.838 0.697 0.658 0.552
515.5 2.086 1.986 1.91 0.01 2.785 1.814 0.87 1.03 0.839 0.7 0.657 0.556
515.6 2.086 1.986 1.91 0.01 2.785 1.814 0.871 1.03 0.839 0.703 0.655 0.559
515.7 2.086 1.986 1.91 0.01 2.785 1.814 0.871 1.03 0.84 0.706 0.654 0.563
515.8 2.086 1.986 1.91 0.01 2.785 1.814 0.872 1.031 0.84 0.709 0.652 0.567
515.9 2.086 1.986 1.91 0.01 2.785 1.814 0.872 1.031 0.84 0.712 0.65 0.57
516.0 2.086 1.986 1.91 0.01 2.785 1.814 0.872 1.031 0.841 0.715 0.649 0.574
516.1 2.086 1.986 1.91 0.01 2.785 1.814 0.873 1.032 0.841 0.718 0.647 0.578
516.2 2.086 1.986 1.91 0.01 2.785 1.814 0.873 1.032 0.841 0.72 0.646 0.581
516.3 2.086 1.986 1.91 0.01 2.785 1.814 0.873 1.032 0.842 0.723 0.644 0.585
516.4 2.086 1.986 1.91 0.01 2.785 1.814 0.874 1.032 0.842 0.726 0.642 0.588
516.5 2.086 1.986 1.91 0.01 2.785 1.814 0.874 1.033 0.843 0.729 0.641 0.592
516.6 2.086 1.986 1.91 0.01 2.785 1.814 0.874 1.033 0.843 0.732 0.639 0.595
516.7 2.086 1.986 1.91 0.01 2.785 1.814 0.875 1.033 0.843 0.734 0.638 0.599
516.8 2.086 1.986 1.91 0.01 2.785 1.814 0.875 1.034 0.844 0.737 0.636 0.602
516.9 2.086 1.986 1.91 0.01 2.785 1.814 0.876 1.034 0.844 0.74 0.635 0.606
517.0 2.086 1.986 1.91 0.01 2.785 1.814 0.876 1.034 0.844 0.743 0.633 0.609
517.1 2.086 1.986 1.91 0.01 2.785 1.814 0.876 1.034 0.845 0.745 0.632 0.613
517.2 2.086 1.986 1.91 0.01 2.785 1.814 0.877 1.035 0.845 0.748 0.631 0.616
517.3 2.086 1.986 1.91 0.01 2.785 1.814 0.877 1.035 0.846 0.751 0.629 0.619
517.4 2.086 1.986 1.91 0.01 2.785 1.814 0.878 1.035 0.846 0.753 0.628 0.623
517.5 2.086 1.986 1.91 0.01 2.785 1.814 0.878 1.036 0.846 0.756 0.626 0.626
517.6 2.086 1.986 1.91 0.01 2.785 1.814 0.878 1.036 0.847 0.758 0.625 0.629
517.7 2.086 1.986 1.91 0.01 2.785 1.814 0.879 1.036 0.847 0.761 0.624 0.633
517.8 2.086 1.986 1.91 0.01 2.785 1.814 0.879 1.036 0.848 0.763 0.622 0.636
517.9 2.086 1.986 1.91 0.01 2.785 1.814 0.879 1.037 0.848 0.766 0.621 0.639
518.0 2.086 1.986 1.91 0.01 2.785 1.814 0.88 1.037 0.848 0.768 0.62 0.643
518.1 2.086 1.986 1.91 0.01 2.785 1.814 0.88 1.037 0.849 0.771 0.619 0.646
518.2 2.086 1.986 1.91 0.01 2.785 1.814 0.881 1.038 0.849 0.773 0.617 0.649
518.3 2.086 1.986 1.91 0.01 2.785 1.814 0.881 1.038 0.85 0.776 0.616 0.652
518.4 2.086 1.986 1.91 0.01 2.785 1.814 0.881 1.038 0.85 0.778 0.615 0.655
518.5 2.086 1.986 1.91 0.01 2.785 1.814 0.882 1.038 0.851 0.78 0.614 0.658
518.6 2.086 1.986 1.91 0.01 2.785 1.814 0.882 1.039 0.851 0.783 0.612 0.662
518.7 2.086 1.986 1.91 0.01 2.785 1.814 0.883 1.039 0.851 0.785 0.611 0.665
518.8 2.086 1.986 1.91 0.01 2.785 1.814 0.883 1.039 0.852 0.787 0.61 0.668
518.9 2.086 1.986 1.91 0.01 2.785 1.814 0.883 1.04 0.852 0.79 0.609 0.671
519.0 2.086 1.986 1.91 0.01 2.785 1.814 0.884 1.04 0.853 0.792 0.608 0.674
519.1 2.086 1.986 1.91 0.01 2.785 1.814 0.884 1.04 0.853 0.794 0.607 0.677
519.2 2.086 1.986 1.91 0.01 2.785 1.814 0.885 1.041 0.853 0.797 0.606 0.68
519.3 2.086 1.986 1.91 0.01 2.785 1.814 0.885 1.041 0.854 0.799 0.604 0.683
519.4 2.086 1.986 1.91 0.01 2.785 1.814 0.885 1.041 0.854 0.801 0.603 0.686
519.5 2.086 1.986 1.91 0.01 2.785 1.814 0.886 1.041 0.855 0.803 0.602 0.689
519.6 2.086 1.986 1.91 0.01 2.785 1.814 0.886 1.042 0.855 0.805 0.601 0.691
519.7 2.086 1.986 1.91 0.01 2.785 1.814 0.887 1.042 0.855 0.807 0.6 0.694
519.8 2.086 1.986 1.91 0.01 2.785 1.814 0.887 1.042 0.856 0.81 0.599 0.697
519.9 2.086 1.986 1.91 0.01 2.785 1.814 0.887 1.043 0.856 0.812 0.598 0.7
520.0 2.086 1.986 1.91 0.01 2.785 1.814 0.888 1.043 0.857 0.814 0.597 0.703
520.1 2.086 1.986 1.91 0.01 2.785 1.814 0.888 1.043 0.857 0.816 0.596 0.706
520.2 2.086 1.986 1.91 0.01 2.785 1.814 0.889 1.044 0.858 0.818 0.595 0.708
520.3 2.086 1.986 1.91 0.01 2.785 1.814 0.889 1.044 0.858 0.82 0.594 0.711
520.4 2.086 1.986 1.91 0.01 2.785 1.814 0.889 1.044 0.858 0.822 0.594 0.714
520.5 2.086 1.986 1.91 0.01 2.785 1.814 0.89 1.044 0.859 0.824 0.593 0.717
520.6 2.086 1.986 1.91 0.01 2.785 1.814 0.89 1.045 0.859 0.826 0.592 0.719
520.7 2.086 1.986 1.91 0.01 2.785 1.814 0.891 1.045 0.86 0.828 0.591 0.722
520.8 2.086 1.986 1.91 0.01 2.785 1.814 0.891 1.045 0.86 0.83 0.59 0.725
520.9 2.086 1.986 1.91 0.01 2.785 1.814 0.891 1.046 0.86 0.832 0.589 0.727
521.0 2.086 1.986 1.91 0.01 2.785 1.814 0.892 1.046 0.861 0.834 0.588 0.73
521.1 2.086 1.986 1.91 0.01 2.785 1.814 0.892 1.046 0.861 0.836 0.587 0.732
521.2 2.086 1.986 1.91 0.01 2.785 1.814 0.893 1.046 0.862 0.838 0.587 0.735
521.3 2.086 1.986 1.91 0.01 2.785 1.814 0.893 1.047 0.862 0.839 0.586 0.738
521.4 2.086 1.986 1.91 0.01 2.785 1.814 0.893 1.047 0.863 0.841 0.585 0.74
521.5 2.086 1.986 1.91 0.01 2.785 1.814 0.894 1.047 0.863 0.843 0.584 0.743
521.6 2.086 1.986 1.91 0.01 2.785 1.814 0.894 1.048 0.863 0.845 0.583 0.745
521.7 2.086 1.986 1.91 0.01 2.785 1.814 0.895 1.048 0.864 0.847 0.583 0.748
521.8 2.086 1.986 1.91 0.01 2.785 1.814 0.895 1.048 0.864 0.848 0.582 0.75
521.9 2.086 1.986 1.91 0.01 2.785 1.814 0.895 1.048 0.865 0.85 0.581 0.752
522.0 2.086 1.986 1.91 0.01 2.785 1.814 0.896 1.049 0.865 0.852 0.58 0.755
522.1 2.086 1.986 1.91 0.01 2.785 1.814 0.896 1.049 0.865 0.854 0.58 0.757
522.2 2.086 1.986 1.91 0.01 2.785 1.814 0.896 1.049 0.866 0.855 0.579 0.76
522.3 2.086 1.986 1.91 0.01 2.785 1.814 0.897 1.05 0.866 0.857 0.578 0.762
522.4 2.086 1.986 1.91 0.01 2.785 1.814 0.897 1.05 0.867 0.859 0.578 0.764
522.5 2.086 1.986 1.91 0.01 2.785 1.814 0.898 1.05 0.867 0.86 0.577 0.767
522.6 2.086 1.986 1.91 0.01 2.785 1.814 0.898 1.05 0.867 0.862 0.576 0.769
522.7 2.086 1.986 1.91 0.01 2.785 1.814 0.898 1.051 0.868 0.864 0.576 0.771
522.8 2.086 1.986 1.91 0.01 2.785 1.814 0.899 1.051 0.868 0.865 0.575 0.773
522.9 2.086 1.986 1.91 0.01 2.785 1.814 0.899 1.051 0.869 0.867 0.574 0.776
523.0 2.086 1.986 1.91 0.01 2.785 1.814 0.9 1.052 0.869 0.869 0.574 0.778
523.1 2.086 1.986 1.91 0.01 2.785 1.814 0.9 1.052 0.869 0.87 0.573 0.78
523.2 2.086 1.986 1.91 0.01 2.785 1.814 0.9 1.052 0.87 0.872 0.572 0.782
523.3 2.086 1.986 1.91 0.01 2.785 1.814 0.901 1.052 0.87 0.873 0.572 0.784
523.4 2.086 1.986 1.91 0.01 2.785 1.814 0.901 1.053 0.871 0.875 0.571 0.786
523.5 2.086 1.986 1.91 0.01 2.785 1.814 0.902 1.053 0.871 0.876 0.57 0.788
523.6 2.086 1.986 1.91 0.01 2.785 1.814 0.902 1.053 0.871 0.878 0.57 0.791
523.7 2.086 1.986 1.91 0.01 2.785 1.814 0.902 1.054 0.872 0.879 0.569 0.793
523.8 2.086 1.986 1.91 0.01 2.785 1.814 0.903 1.054 0.872 0.881 0.569 0.795
523.9 2.086 1.986 1.91 0.01 2.785 1.814 0.903 1.054 0.873 0.882 0.568 0.797
524.0 2.086 1.986 1.91 0.01 2.785 1.814 0.903 1.054 0.873 0.884 0.568 0.799
524.1 2.086 1.986 1.91 0.01 2.785 1.814 0.904 1.055 0.873 0.885 0.567 0.801
524.2 2.086 1.986 1.91 0.01 2.785 1.814 0.904 1.055 0.874 0.887 0.567 0.803
524.3 2.086 1.986 1.91 0.01 2.785 1.814 0.905 1.055 0.874 0.888 0.566 0.805
524.4 2.086 1.986 1.91 0.01 2.785 1.814 0.905 1.055 0.875 0.889 0.565 0.807
524.5 2.086 1.986 1.91 0.01 2.785 1.814 0.905 1.056 0.875 0.891 0.565 0.809
524.6 2.086 1.986 1.91 0.01 2.785 1.814 0.906 1.056 0.875 0.892 0.564 0.81
524.7 2.086 1.986 1.91 0.01 2.785 1.814 0.906 1.056 0.876 0.894 0.564 0.812
524.8 2.086 1.986 1.91 0.01 2.785 1.814 0.906 1.057 0.876 0.895 0.563 0.814
524.9 2.086 1.986 1.91 0.01 2.785 1.814 0.907 1.057 0.877 0.896 0.563 0.816
525.0 2.086 1.986 1.91 0.01 2.785 1.814 0.907 1.057 0.877 0.898 0.562 0.818
525.1 2.086 1.986 1.91 0.01 2.785 1.814 0.907 1.057 0.877 0.899 0.562 0.82
525.2 2.086 1.986 1.91 0.01 2.785 1.814 0.908 1.058 0.878 0.9 0.561 0.822
525.3 2.086 1.986 1.91 0.01 2.785 1.814 0.908 1.058 0.878 0.901 0.561 0.823
525.4 2.086 1.986 1.91 0.01 2.785 1.814 0.909 1.058 0.878 0.903 0.561 0.825
525.5 2.086 1.986 1.91 0.01 2.785 1.814 0.909 1.058 0.879 0.904 0.56 0.827
525.6 2.086 1.986 1.91 0.01 2.785 1.814 0.909 1.059 0.879 0.905 0.56 0.829
525.7 2.086 1.986 1.91 0.01 2.785 1.814 0.91 1.059 0.88 0.906 0.559 0.83
525.8 2.086 1.986 1.91 0.01 2.785 1.814 0.91 1.059 0.88 0.908 0.559 0.832
525.9 2.086 1.986 1.91 0.01 2.785 1.814 0.91 1.059 0.88 0.909 0.558 0.834
526.0 2.086 1.986 1.91 0.01 2.785 1.814 0.911 1.06 0.881 0.91 0.558 0.835
526.1 2.086 1.986 1.91 0.01 2.785 1.814 0.911 1.06 0.881 0.911 0.558 0.837
526.2 2.086 1.986 1.91 0.01 2.785 1.814 0.911 1.06 0.881 0.912 0.557 0.839
526.3 2.086 1.986 1.91 0.01 2.785 1.814 0.912 1.06 0.882 0.914 0.557 0.84
526.4 2.086 1.986 1.91 0.01 2.785 1.814 0.912 1.061 0.882 0.915 0.556 0.842
526.5 2.086 1.986 1.91 0.01 2.785 1.814 0.912 1.061 0.883 0.916 0.556 0.844
526.6 2.086 1.986 1.91 0.01 2.785 1.814 0.913 1.061 0.883 0.917 0.555 0.845
526.7 2.086 1.986 1.91 0.01 2.785 1.814 0.913 1.061 0.883 0.918 0.555 0.847
526.8 2.086 1.986 1.91 0.01 2.785 1.814 0.913 1.062 0.884 0.919 0.555 0.848
526.9 2.086 1.986 1.91 0.01 2.785 1.814 0.914 1.062 0.884 0.92 0.554 0.85
527.0 2.086 1.986 1.91 0.01 2.785 1.814 0.914 1.062 0.884 0.921 0.554 0.851
527.1 2.086 1.986 1.91 0.01 2.785 1.814 0.914 1.062 0.885 0.922 0.554 0.853
527.2 2.086 1.986 1.91 0.01 2.785 1.814 0.915 1.062 0.885 0.923 0.553 0.854
527.3 2.086 1.986 1.91 0.01 2.785 1.814 0.915 1.063 0.885 0.925 0.553 0.856
527.4 2.086 1.986 1.91 0.01 2.785 1.814 0.915 1.063 0.886 0.926 0.553 0.857
527.5 2.086 1.986 1.91 0.01 2.785 1.814 0.916 1.063 0.886 0.927 0.552 0.859
527.6 2.086 1.986 1.91 0.01 2.785 1.814 0.916 1.063 0.886 0.928 0.552 0.86
527.7 2.086 1.986 1.91 0.01 2.785 1.814 0.916 1.064 0.887 0.929 0.551 0.862
527.8 2.086 1.986 1.91 0.01 2.785 1.814 0.917 1.064 0.887 0.93 0.551 0.863
527.9 2.086 1.986 1.91 0.01 2.785 1.814 0.917 1.064 0.887 0.931 0.551 0.864
528.0 2.086 1.986 1.91 0.01 2.785 1.814 0.917 1.064 0.888 0.932 0.55 0.866
528.1 2.086 1.986 1.91 0.01 2.785 1.814 0.918 1.065 0.888 0.933 0.55 0.867
528.2 2.086 1.986 1.91 0.01 2.785 1.814 0.918 1.065 0.888 0.934 0.55 0.869
528.3 2.086 1.986 1.91 0.01 2.785 1.814 0.918 1.065 0.889 0.934 0.55 0.87
528.4 2.086 1.986 1.91 0.01 2.785 1.814 0.919 1.065 0.889 0.935 0.549 0.871
528.5 2.086 1.986 1.91 0.01 2.785 1.814 0.919 1.065 0.889 0.936 0.549 0.873
528.6 2.086 1.986 1.91 0.01 2.785 1.814 0.919 1.066 0.89 0.937 0.549 0.874
528.7 2.086 1.986 1.91 0.01 2.785 1.814 0.919 1.066 0.89 0.938 0.548 0.875
528.8 2.086 1.986 1.91 0.01 2.785 1.814 0.92 1.066 0.89 0.939 0.548 0.876
528.9 2.086 1.986 1.91 0.01 2.785 1.814 0.92 1.066 0.891 0.94 0.548 0.878
529.0 2.086 1.986 1.91 0.01 2.785 1.814 0.92 1.066 0.891 0.941 0.547 0.879
529.1 2.086 1.986 1.91 0.01 2.785 1.814 0.921 1.067 0.891 0.942 0.547 0.88
529.2 2.086 1.986 1.91 0.01 2.785 1.814 0.921 1.067 0.892 0.943 0.547 0.881
529.3 2.086 1.986 1.91 0.01 2.785 1.814 0.921 1.067 0.892 0.943 0.547 0.883
529.4 2.086 1.986 1.91 0.01 2.785 1.814 0.921 1.067 0.892 0.944 0.546 0.884
529.5 2.086 1.986 1.91 0.01 2.785 1.814 0.922 1.067 0.892 0.945 0.546 0.885
529.6 2.086 1.986 1.91 0.01 2.785 1.814 0.922 1.068 0.893 0.946 0.546 0.886
529.7 2.086 1.986 1.91 0.01 2.785 1.814 0.922 1.068 0.893 0.947 0.546 0.887
529.8 2.086 1.986 1.91 0.01 2.785 1.814 0.923 1.068 0.893 0.948 0.545 0.889
529.9 2.086 1.986 1.91 0.01 2.785 1.814 0.923 1.068 0.894 0.948 0.545 0.89
530.0 2.086 1.986 1.91 0.01 2.785 1.814 0.923 1.068 0.894 0.949 0.545 0.891
530.1 2.086 1.986 1.91 0.01 2.785 1.814 0.923 1.069 0.894 0.95 0.544 0.892
530.2 2.086 1.986 1.91 0.01 2.785 1.814 0.924 1.069 0.895 0.951 0.544 0.893
530.3 2.086 1.986 1.91 0.01 2.785 1.814 0.924 1.069 0.895 0.952 0.544 0.894
530.4 2.086 1.986 1.91 0.01 2.785 1.814 0.924 1.069 0.895 0.952 0.544 0.895
530.5 2.086 1.986 1.91 0.01 2.785 1.814 0.925 1.069 0.895 0.953 0.544 0.896
530.6 2.086 1.986 1.91 0.01 2.785 1.814 0.925 1.07 0.896 0.954 0.543 0.897
530.7 2.086 1.986 1.91 0.01 2.785 1.814 0.925 1.07 0.896 0.955 0.543 0.898
530.8 2.086 1.986 1.91 0.01 2.785 1.814 0.925 1.07 0.896 0.955 0.543 0.899
530.9 2.086 1.986 1.91 0.01 2.785 1.814 0.926 1.07 0.897 0.956 0.543 0.901
531.0 2.086 1.986 1.91 0.01 2.785 1.814 0.926 1.07 0.897 0.957 0.542 0.902
531.1 2.086 1.986 1.91 0.01 2.785 1.814 0.926 1.07 0.897 0.958 0.542 0.903
531.2 2.086 1.986 1.91 0.01 2.785 1.814 0.926 1.071 0.897 0.958 0.542 0.904
531.3 2.086 1.986 1.91 0.01 2.785 1.814 0.927 1.071 0.898 0.959 0.542 0.905
531.4 2.086 1.986 1.91 0.01 2.785 1.814 0.927 1.071 0.898 0.96 0.541 0.906
531.5 2.086 1.986 1.91 0.01 2.785 1.814 0.927 1.071 0.898 0.96 0.541 0.907
531.6 2.086 1.986 1.91 0.01 2.785 1.814 0.927 1.071 0.898 0.961 0.541 0.907
531.7 2.086 1.986 1.91 0.01 2.785 1.814 0.928 1.072 0.899 0.962 0.541 0.908
531.8 2.086 1.986 1.91 0.01 2.785 1.814 0.928 1.072 0.899 0.962 0.541 0.909
531.9 2.086 1.986 1.91 0.01 2.785 1.814 0.928 1.072 0.899 0.963 0.54 0.91
532.0 2.086 1.986 1.91 0.01 2.785 1.814 0.928 1.072 0.899 0.964 0.54 0.911
532.1 2.086 1.986 1.91 0.01 2.785 1.814 0.929 1.072 0.9 0.964 0.54 0.912
532.2 2.086 1.986 1.91 0.01 2.785 1.814 0.929 1.072 0.9 0.965 0.54 0.913
532.3 2.086 1.986 1.91 0.01 2.785 1.814 0.929 1.073 0.9 0.966 0.54 0.914
532.4 2.086 1.986 1.91 0.01 2.785 1.814 0.929 1.073 0.9 0.966 0.539 0.915
532.5 2.086 1.986 1.91 0.01 2.785 1.814 0.93 1.073 0.901 0.967 0.539 0.916
532.6 2.086 1.986 1.91 0.01 2.785 1.814 0.93 1.073 0.901 0.967 0.539 0.917
532.7 2.086 1.986 1.91 0.01 2.785 1.814 0.93 1.073 0.901 0.968 0.539 0.917
532.8 2.086 1.986 1.91 0.01 2.785 1.814 0.93 1.073 0.901 0.969 0.539 0.918
532.9 2.086 1.986 1.91 0.01 2.785 1.814 0.93 1.073 0.902 0.969 0.539 0.919
533.0 2.086 1.986 1.91 0.01 2.785 1.814 0.931 1.074 0.902 0.97 0.538 0.92
533.1 2.086 1.986 1.91 0.01 2.785 1.814 0.931 1.074 0.902 0.97 0.538 0.921
533.2 2.086 1.986 1.91 0.01 2.785 1.814 0.931 1.074 0.902 0.971 0.538 0.922
533.3 2.086 1.986 1.91 0.01 2.785 1.814 0.931 1.074 0.903 0.972 0.538 0.922
533.4 2.086 1.986 1.91 0.01 2.785 1.814 0.932 1.074 0.903 0.972 0.538 0.923
533.5 2.086 1.986 1.91 0.01 2.785 1.814 0.932 1.074 0.903 0.973 0.538 0.924
533.6 2.086 1.986 1.91 0.01 2.785 1.814 0.932 1.075 0.903 0.973 0.537 0.925
533.7 2.086 1.986 1.91 0.01 2.785 1.814 0.932 1.075 0.903 0.974 0.537 0.926
533.8 2.086 1.986 1.91 0.01 2.785 1.814 0.932 1.075 0.904 0.974 0.537 0.926
533.9 2.086 1.986 1.91 0.01 2.785 1.814 0.933 1.075 0.904 0.975 0.537 0.927
534.0 2.086 1.986 1.91 0.01 2.785 1.814 0.933 1.075 0.904 0.975 0.537 0.928
534.1 2.086 1.986 1.91 0.01 2.785 1.814 0.933 1.075 0.904 0.976 0.537 0.929
534.2 2.086 1.986 1.91 0.01 2.785 1.814 0.933 1.075 0.905 0.976 0.536 0.929
534.3 2.086 1.986 1.91 0.01 2.785 1.814 0.933 1.076 0.905 0.977 0.536 0.93
534.4 2.086 1.986 1.91 0.01 2.785 1.814 0.934 1.076 0.905 0.977 0.536 0.931
534.5 2.086 1.986 1.91 0.01 2.785 1.814 0.934 1.076 0.905 0.978 0.536 0.932
534.6 2.086 1.986 1.91 0.01 2.785 1.814 0.934 1.076 0.905 0.978 0.536 0.932
534.7 2.086 1.986 1.91 0.01 2.785 1.814 0.934 1.076 0.906 0.979 0.536 0.933
534.8 2.086 1.986 1.91 0.01 2.785 1.814 0.934 1.076 0.906 0.979 0.536 0.934
534.9 2.086 1.986 1.91 0.01 2.785 1.814 0.935 1.076 0.906 0.98 0.535 0.934
535.0 2.086 1.986 1.91 0.01 2.785 1.814 0.935 1.076 0.906 0.98 0.535 0.935
535.1 2.086 1.986 1.91 0.01 2.785 1.814 0.935 1.077 0.906 0.981 0.535 0.936
535.2 2.086 1.986 1.91 0.01 2.785 1.814 0.935 1.077 0.907 0.981 0.535 0.936
535.3 2.086 1.986 1.91 0.01 2.785 1.814 0.935 1.077 0.907 0.982 0.535 0.937
535.4 2.086 1.986 1.91 0.01 2.785 1.814 0.935 1.077 0.907 0.982 0.535 0.938
535.5 2.086 1.986 1.91 0.01 2.785 1.814 0.936 1.077 0.907 0.983 0.535 0.938
535.6 2.086 1.986 1.91 0.01 2.785 1.814 0.936 1.077 0.907 0.983 0.534 0.939
535.7 2.086 1.986 1.91 0.01 2.785 1.814 0.936 1.077 0.908 0.984 0.534 0.94
535.8 2.086 1.986 1.91 0.01 2.785 1.814 0.936 1.077 0.908 0.984 0.534 0.94
535.9 2.086 1.986 1.91 0.01 2.785 1.814 0.936 1.078 0.908 0.985 0.534 0.941
536.0 2.086 1.986 1.91 0.01 2.785 1.814 0.937 1.078 0.908 0.985 0.534 0.942
536.1 2.086 1.986 1.91 0.01 2.785 1.814 0.937 1.078 0.908 0.985 0.534 0.942
536.2 2.086 1.986 1.91 0.01 2.785 1.814 0.937 1.078 0.909 0.986 0.534 0.943
536.3 2.086 1.986 1.91 0.01 2.785 1.814 0.937 1.078 0.909 0.986 0.534 0.943
536.4 2.086 1.986 1.91 0.01 2.785 1.814 0.937 1.078 0.909 0.987 0.534 0.944
536.5 2.086 1.986 1.91 0.01 2.785 1.814 0.937 1.078 0.909 0.987 0.533 0.945
536.6 2.086 1.986 1.91 0.01 2.785 1.814 0.938 1.078 0.909 0.987 0.533 0.945
536.7 2.086 1.986 1.91 0.01 2.785 1.814 0.938 1.078 0.909 0.988 0.533 0.946
536.8 2.086 1.986 1.91 0.01 2.785 1.814 0.938 1.079 0.91 0.988 0.533 0.946
536.9 2.086 1.986 1.91 0.01 2.785 1.814 0.938 1.079 0.91 0.989 0.533 0.947
537.0 2.086 1.986 1.91 0.01 2.785 1.814 0.938 1.079 0.91 0.989 0.533 0.947
537.1 2.086 1.986 1.91 0.01 2.785 1.814 0.938 1.079 0.91 0.989 0.533 0.948
537.2 2.086 1.986 1.91 0.01 2.785 1.814 0.938 1.079 0.91 0.99 0.533 0.948
537.3 2.086 1.986 1.91 0.01 2.785 1.814 0.939 1.079 0.91 0.99 0.533 0.949
537.4 2.086 1.986 1.91 0.01 2.785 1.814 0.939 1.079 0.911 0.991 0.532 0.95
537.5 2.086 1.986 1.91 0.01 2.785 1.814 0.939 1.079 0.911 0.991 0.532 0.95
537.6 2.086 1.986 1.91 0.01 2.785 1.814 0.939 1.079 0.911 0.991 0.532 0.951
537.7 2.086 1.986 1.91 0.01 2.785 1.814 0.939 1.08 0.911 0.992 0.532 0.951
537.8 2.086 1.986 1.91 0.01 2.785 1.814 0.939 1.08 0.911 0.992 0.532 0.952
537.9 2.086 1.986 1.91 0.01 2.785 1.814 0.94 1.08 0.911 0.992 0.532 0.952
538.0 2.086 1.986 1.91 0.01 2.785 1.814 0.94 1.08 0.912 0.993 0.532 0.953
538.1 2.086 1.986 1.91 0.01 2.785 1.814 0.94 1.08 0.912 0.993 0.532 0.953
538.2 2.086 1.986 1.91 0.01 2.785 1.814 0.94 1.08 0.912 0.993 0.532 0.954
538.3 2.086 1.986 1.91 0.01 2.785 1.814 0.94 1.08 0.912 0.994 0.532 0.954
538.4 2.086 1.986 1.91 0.01 2.785 1.814 0.94 1.08 0.912 0.994 0.531 0.955
538.5 2.086 1.986 1.91 0.01 2.785 1.814 0.94 1.08 0.912 0.994 0.531 0.955
538.6 2.086 1.986 1.91 0.01 2.785 1.814 0.94 1.08 0.912 0.995 0.531 0.955
538.7 2.086 1.986 1.91 0.01 2.785 1.814 0.941 1.081 0.913 0.995 0.531 0.956
538.8 2.086 1.986 1.91 0.01 2.785 1.814 0.941 1.081 0.913 0.995 0.531 0.956
538.9 2.086 1.986 1.91 0.01 2.785 1.814 0.941 1.081 0.913 0.996 0.531 0.957
539.0 2.086 1.986 1.91 0.01 2.785 1.814 0.941 1.081 0.913 0.996 0.531 0.957
539.1 2.086 1.986 1.91 0.01 2.785 1.814 0.941 1.081 0.913 0.996 0.531 0.958
539.2 2.086 1.986 1.91 0.01 2.785 1.814 0.941 1.081 0.913 0.997 0.531 0.958
539.3 2.086 1.986 1.91 0.01 2.785 1.814 0.941 1.081 0.913 0.997 0.531 0.959
539.4 2.086 1.986 1.91 0.01 2.785 1.814 0.942 1.081 0.914 0.997 0.531 0.959
539.5 2.086 1.986 1.91 0.01 2.785 1.814 0.942 1.081 0.914 0.998 0.53 0.959
539.6 2.086 1.986 1.91 0.01 2.785 1.814 0.942 1.081 0.914 0.998 0.53 0.96
539.7 2.086 1.986 1.91 0.01 2.785 1.814 0.942 1.081 0.914 0.998 0.53 0.96
539.8 2.086 1.986 1.91 0.01 2.785 1.814 0.942 1.081 0.914 0.998 0.53 0.961
539.9 2.086 1.986 1.91 0.01 2.785 1.814 0.942 1.082 0.914 0.999 0.53 0.961
540.0 2.086 1.986 1.91 0.01 2.785 1.814 0.942 1.082 0.914 0.999 0.53 0.962
540.1 2.086 1.986 1.91 0.01 2.785 1.814 0.942 1.082 0.914 0.999 0.53 0.962
540.2 2.086 1.986 1.91 0.01 2.785 1.814 0.943 1.082 0.915 1.0 0.53 0.962
540.3 2.086 1.986 1.91 0.01 2.785 1.814 0.943 1.082 0.915 1.0 0.53 0.963
540.4 2.086 1.986 1.91 0.01 2.785 1.814 0.943 1.082 0.915 1.0 0.53 0.963
540.5 2.086 1.986 1.91 0.01 2.785 1.814 0.943 1.082 0.915 1.0 0.53 0.964
540.6 2.086 1.986 1.91 0.01 2.785 1.814 0.943 1.082 0.915 1.001 0.53 0.964
540.7 2.086 1.986 1.91 0.01 2.785 1.814 0.943 1.082 0.915 1.001 0.53 0.964
540.8 2.086 1.986 1.91 0.01 2.785 1.814 0.943 1.082 0.915 1.001 0.529 0.965
540.9 2.086 1.986 1.91 0.01 2.785 1.814 0.943 1.082 0.915 1.001 0.529 0.965
541.0 2.086 1.986 1.91 0.01 2.785 1.814 0.943 1.082 0.916 1.002 0.529 0.965
541.1 2.086 1.986 1.91 0.01 2.785 1.814 0.944 1.083 0.916 1.002 0.529 0.966
541.2 2.086 1.986 1.91 0.01 2.785 1.814 0.944 1.083 0.916 1.002 0.529 0.966
541.3 2.086 1.986 1.91 0.01 2.785 1.814 0.944 1.083 0.916 1.002 0.529 0.966
541.4 2.086 1.986 1.91 0.01 2.785 1.814 0.944 1.083 0.916 1.003 0.529 0.967
541.5 2.086 1.986 1.91 0.01 2.785 1.814 0.944 1.083 0.916 1.003 0.529 0.967
541.6 2.086 1.986 1.91 0.01 2.785 1.814 0.944 1.083 0.916 1.003 0.529 0.968
541.7 2.086 1.986 1.91 0.01 2.785 1.814 0.944 1.083 0.916 1.003 0.529 0.968
541.8 2.086 1.986 1.91 0.01 2.785 1.814 0.944 1.083 0.916 1.004 0.529 0.968
541.9 2.086 1.986 1.91 0.01 2.785 1.814 0.944 1.083 0.917 1.004 0.529 0.969
542.0 2.086 1.986 1.91 0.01 2.785 1.814 0.944 1.083 0.917 1.004 0.529 0.969
542.1 2.086 1.986 1.91 0.01 2.785 1.814 0.945 1.083 0.917 1.004 0.529 0.969
542.2 2.086 1.986 1.91 0.01 2.785 1.814 0.945 1.083 0.917 1.005 0.529 0.969
542.3 2.086 1.986 1.91 0.01 2.785 1.814 0.945 1.083 0.917 1.005 0.529 0.97
542.4 2.086 1.986 1.91 0.01 2.785 1.814 0.945 1.083 0.917 1.005 0.528 0.97
542.5 2.086 1.986 1.91 0.01 2.785 1.814 0.945 1.083 0.917 1.005 0.528 0.97
542.6 2.086 1.986 1.91 0.01 2.785 1.814 0.945 1.084 0.917 1.005 0.528 0.971
542.7 2.086 1.986 1.91 0.01 2.785 1.814 0.945 1.084 0.917 1.006 0.528 0.971
542.8 2.086 1.986 1.91 0.01 2.785 1.814 0.945 1.084 0.917 1.006 0.528 0.971
542.9 2.086 1.986 1.91 0.01 2.785 1.814 0.945 1.084 0.918 1.006 0.528 0.972
543.0 2.086 1.986 1.91 0.01 2.785 1.814 0.945 1.084 0.918 1.006 0.528 0.972
543.1 2.086 1.986 1.91 0.01 2.785 1.814 0.945 1.084 0.918 1.006 0.528 0.972
543.2 2.086 1.986 1.91 0.01 2.785 1.814 0.946 1.084 0.918 1.007 0.528 0.973
543.3 2.086 1.986 1.91 0.01 2.785 1.814 0.946 1.084 0.918 1.007 0.528 0.973
543.4 2.086 1.986 1.91 0.01 2.785 1.814 0.946 1.084 0.918 1.007 0.528 0.973
543.5 2.086 1.986 1.91 0.01 2.785 1.814 0.946 1.084 0.918 1.007 0.528 0.973
543.6 2.086 1.986 1.91 0.01 2.785 1.814 0.946 1.084 0.918 1.007 0.528 0.974
543.7 2.086 1.986 1.91 0.01 2.785 1.814 0.946 1.084 0.918 1.008 0.528 0.974
543.8 2.086 1.986 1.91 0.01 2.785 1.814 0.946 1.084 0.918 1.008 0.528 0.974
543.9 2.086 1.986 1.91 0.01 2.785 1.814 0.946 1.084 0.918 1.008 0.528 0.974
544.0 2.086 1.986 1.91 0.01 2.785 1.814 0.946 1.084 0.919 1.008 0.528 0.975
544.1 2.086 1.986 1.91 0.01 2.785 1.814 0.946 1.084 0.919 1.008 0.528 0.975
544.2 2.086 1.986 1.91 0.01 2.785 1.814 0.946 1.084 0.919 1.009 0.527 0.975
544.3 2.086 1.986 1.91 0.01 2.785 1.814 0.946 1.085 0.919 1.009 0.527 0.976
544.4 2.086 1.986 1.91 0.01 2.785 1.814 0.947 1.085 0.919 1.009 0.527 0.976
544.5 2.086 1.986 1.91 0.01 2.785 1.814 0.947 1.085 0.919 1.009 0.527 0.976
544.6 2.086 1.986 1.91 0.01 2.785 1.814 0.947 1.085 0.919 1.009 0.527 0.976
544.7 2.086 1.986 1.91 0.01 2.785 1.814 0.947 1.085 0.919 1.009 0.527 0.977
544.8 2.086 1.986 1.91 0.01 2.785 1.814 0.947 1.085 0.919 1.01 0.527 0.977
544.9 2.086 1.986 1.91 0.01 2.785 1.814 0.947 1.085 0.919 1.01 0.527 0.977
545.0 2.086 1.986 1.91 0.01 2.785 1.814 0.947 1.085 0.919 1.01 0.527 0.977
545.1 2.086 1.986 1.91 0.01 2.785 1.814 0.947 1.085 0.919 1.01 0.527 0.977
545.2 2.086 1.986 1.91 0.01 2.785 1.814 0.947 1.085 0.92 1.01 0.527 0.978
545.3 2.086 1.986 1.91 0.01 2.785 1.814 0.947 1.085 0.92 1.01 0.527 0.978
545.4 2.086 1.986 1.91 0.01 2.785 1.814 0.947 1.085 0.92 1.011 0.527 0.978
545.5 2.086 1.986 1.91 0.01 2.785 1.814 0.947 1.085 0.92 1.011 0.527 0.978
545.6 2.086 1.986 1.91 0.01 2.785 1.814 0.947 1.085 0.92 1.011 0.527 0.979
545.7 2.086 1.986 1.91 0.01 2.785 1.814 0.948 1.085 0.92 1.011 0.527 0.979
545.8 2.086 1.986 1.91 0.01 2.785 1.814 0.948 1.085 0.92 1.011 0.527 0.979
545.9 2.086 1.986 1.91 0.01 2.785 1.814 0.948 1.085 0.92 1.011 0.527 0.979
546.0 2.086 1.986 1.91 0.01 2.785 1.814 0.948 1.085 0.92 1.012 0.527 0.98
546.1 2.086 1.986 1.91 0.01 2.785 1.814 0.948 1.085 0.92 1.012 0.527 0.98
546.2 2.086 1.986 1.91 0.01 2.785 1.814 0.948 1.085 0.92 1.012 0.527 0.98
546.3 2.086 1.986 1.91 0.01 2.785 1.814 0.948 1.085 0.92 1.012 0.527 0.98
546.4 2.086 1.986 1.91 0.01 2.785 1.814 0.948 1.086 0.92 1.012 0.527 0.98
546.5 2.086 1.986 1.91 0.01 2.785 1.814 0.948 1.086 0.921 1.012 0.527 0.981
546.6 2.086 1.986 1.91 0.01 2.785 1.814 0.948 1.086 0.921 1.012 0.526 0.981
546.7 2.086 1.986 1.91 0.01 2.785 1.814 0.948 1.086 0.921 1.013 0.526 0.981
546.8 2.086 1.986 1.91 0.01 2.785 1.814 0.948 1.086 0.921 1.013 0.526 0.981
546.9 2.086 1.986 1.91 0.01 2.785 1.814 0.948 1.086 0.921 1.013 0.526 0.981
547.0 2.086 1.986 1.91 0.01 2.785 1.814 0.948 1.086 0.921 1.013 0.526 0.982
547.1 2.086 1.986 1.91 0.01 2.785 1.814 0.948 1.086 0.921 1.013 0.526 0.982
547.2 2.086 1.986 1.91 0.01 2.785 1.814 0.948 1.086 0.921 1.013 0.526 0.982
547.3 2.086 1.986 1.91 0.01 2.785 1.814 0.949 1.086 0.921 1.013 0.526 0.982
547.4 2.086 1.986 1.91 0.01 2.785 1.814 0.949 1.086 0.921 1.013 0.526 0.982
547.5 2.086 1.986 1.91 0.01 2.785 1.814 0.949 1.086 0.921 1.014 0.526 0.982
547.6 2.086 1.986 1.91 0.01 2.785 1.814 0.949 1.086 0.921 1.014 0.526 0.983
547.7 2.086 1.986 1.91 0.01 2.785 1.814 0.949 1.086 0.921 1.014 0.526 0.983
547.8 2.086 1.986 1.91 0.01 2.785 1.814 0.949 1.086 0.921 1.014 0.526 0.983
547.9 2.086 1.986 1.91 0.01 2.785 1.814 0.949 1.086 0.921 1.014 0.526 0.983
548.0 2.086 1.986 1.91 0.01 2.785 1.814 0.949 1.086 0.921 1.014 0.526 0.983
548.1 2.086 1.986 1.91 0.01 2.785 1.814 0.949 1.086 0.922 1.014 0.526 0.984
548.2 2.086 1.986 1.91 0.01 2.785 1.814 0.949 1.086 0.922 1.014 0.526 0.984
548.3 2.086 1.986 1.91 0.01 2.785 1.814 0.949 1.086 0.922 1.015 0.526 0.984
548.4 2.086 1.986 1.91 0.01 2.785 1.814 0.949 1.086 0.922 1.015 0.526 0.984
548.5 2.086 1.986 1.91 0.01 2.785 1.814 0.949 1.086 0.922 1.015 0.526 0.984
548.6 2.086 1.986 1.91 0.01 2.785 1.814 0.949 1.086 0.922 1.015 0.526 0.984
548.7 2.086 1.986 1.91 0.01 2.785 1.814 0.949 1.086 0.922 1.015 0.526 0.985
548.8 2.086 1.986 1.91 0.01 2.785 1.814 0.949 1.086 0.922 1.015 0.526 0.985
548.9 2.086 1.986 1.91 0.01 2.785 1.814 0.949 1.086 0.922 1.015 0.526 0.985
549.0 2.086 1.986 1.91 0.01 2.785 1.814 0.949 1.087 0.922 1.015 0.526 0.985
549.1 2.086 1.986 1.91 0.01 2.785 1.814 0.949 1.087 0.922 1.015 0.526 0.985
549.2 2.086 1.986 1.91 0.01 2.785 1.814 0.95 1.087 0.922 1.016 0.526 0.985
549.3 2.086 1.986 1.91 0.01 2.785 1.814 0.95 1.087 0.922 1.016 0.526 0.985
549.4 2.086 1.986 1.91 0.01 2.785 1.814 0.95 1.087 0.922 1.016 0.526 0.986
549.5 2.086 1.986 1.91 0.01 2.785 1.814 0.95 1.087 0.922 1.016 0.526 0.986
549.6 2.086 1.986 1.91 0.01 2.785 1.814 0.95 1.087 0.922 1.016 0.526 0.986
549.7 2.086 1.986 1.91 0.01 2.785 1.814 0.95 1.087 0.922 1.016 0.525 0.986
549.8 2.086 1.986 1.91 0.01 2.785 1.814 0.95 1.087 0.922 1.016 0.525 0.986
549.9 2.086 1.986 1.91 0.01 2.785 1.814 0.95 1.087 0.922 1.016 0.525 0.986
550.0 2.086 1.986 1.91 0.01 2.785 1.814 0.95 1.087 0.923 1.016 0.525 0.987
550.1 2.086 1.986 1.91 0.01 2.785 1.814 0.95 1.087 0.923 1.017 0.525 0.987
550.2 2.086 1.986 1.91 0.01 2.785 1.814 0.95 1.087 0.923 1.017 0.525 0.987
550.3 2.086 1.986 1.91 0.01 2.785 1.814 0.95 1.087 0.923 1.017 0.525 0.987
550.4 2.086 1.986 1.91 0.01 2.785 1.814 0.95 1.087 0.923 1.017 0.525 0.987
550.5 2.086 1.986 1.91 0.01 2.785 1.814 0.95 1.087 0.923 1.017 0.525 0.987
550.6 2.086 1.986 1.91 0.01 2.785 1.814 0.95 1.087 0.923 1.017 0.525 0.987
550.7 2.086 1.986 1.91 0.01 2.785 1.814 0.95 1.087 0.923 1.017 0.525 0.987
550.8 2.086 1.986 1.91 0.01 2.785 1.814 0.95 1.087 0.923 1.017 0.525 0.988
550.9 2.086 1.986 1.91 0.01 2.785 1.814 0.95 1.087 0.923 1.017 0.525 0.988
551.0 2.086 1.986 1.91 0.01 2.785 1.814 0.95 1.087 0.923 1.017 0.525 0.988
551.1 2.086 1.986 1.91 0.01 2.785 1.814 0.95 1.087 0.923 1.017 0.525 0.988
551.2 2.086 1.986 1.91 0.01 2.785 1.814 0.95 1.087 0.923 1.018 0.525 0.988
551.3 2.086 1.986 1.91 0.01 2.785 1.814 0.95 1.087 0.923 1.018 0.525 0.988
551.4 2.086 1.986 1.91 0.01 2.785 1.814 0.95 1.087 0.923 1.018 0.525 0.988
551.5 2.086 1.986 1.91 0.01 2.785 1.814 0.95 1.087 0.923 1.018 0.525 0.988
551.6 2.086 1.986 1.91 0.01 2.785 1.814 0.951 1.087 0.923 1.018 0.525 0.989
551.7 2.086 1.986 1.91 0.01 2.785 1.814 0.951 1.087 0.923 1.018 0.525 0.989
551.8 2.086 1.986 1.91 0.01 2.785 1.814 0.951 1.087 0.923 1.018 0.525 0.989
551.9 2.086 1.986 1.91 0.01 2.785 1.814 0.951 1.087 0.923 1.018 0.525 0.989
552.0 2.086 1.986 1.91 0.01 2.785 1.814 0.951 1.087 0.923 1.018 0.525 0.989
552.1 2.086 1.986 1.91 0.01 2.785 1.814 0.951 1.087 0.923 1.018 0.525 0.989
552.2 2.086 1.986 1.91 0.01 2.785 1.814 0.951 1.087 0.923 1.018 0.525 0.989
552.3 2.086 1.986 1.91 0.01 2.785 1.814 0.951 1.087 0.923 1.018 0.525 0.989
552.4 2.086 1.986 1.91 0.01 2.785 1.814 0.951 1.087 0.924 1.018 0.525 0.989
552.5 2.086 1.986 1.91 0.01 2.785 1.814 0.951 1.088 0.924 1.019 0.525 0.99
552.6 2.086 1.986 1.91 0.01 2.785 1.814 0.951 1.088 0.924 1.019 0.525 0.99
552.7 2.086 1.986 1.91 0.01 2.785 1.814 0.951 1.088 0.924 1.019 0.525 0.99
552.8 2.086 1.986 1.91 0.01 2.785 1.814 0.951 1.088 0.924 1.019 0.525 0.99
552.9 2.086 1.986 1.91 0.01 2.785 1.814 0.951 1.088 0.924 1.019 0.525 0.99
553.0 2.086 1.986 1.91 0.01 2.785 1.814 0.951 1.088 0.924 1.019 0.525 0.99
553.1 2.086 1.986 1.91 0.01 2.785 1.814 0.951 1.088 0.924 1.019 0.525 0.99
553.2 2.086 1.986 1.91 0.01 2.785 1.814 0.951 1.088 0.924 1.019 0.525 0.99
553.3 2.086 1.986 1.91 0.01 2.785 1.814 0.951 1.088 0.924 1.019 0.525 0.99
553.4 2.086 1.986 1.91 0.01 2.785 1.814 0.951 1.088 0.924 1.019 0.525 0.991
553.5 2.086 1.986 1.91 0.01 2.785 1.814 0.951 1.088 0.924 1.019 0.525 0.991
553.6 2.086 1.986 1.91 0.01 2.785 1.814 0.951 1.088 0.924 1.019 0.525 0.991
553.7 2.086 1.986 1.91 0.01 2.785 1.814 0.951 1.088 0.924 1.019 0.525 0.991
553.8 2.086 1.986 1.91 0.01 2.785 1.814 0.951 1.088 0.924 1.019 0.525 0.991
553.9 2.086 1.986 1.91 0.01 2.785 1.814 0.951 1.088 0.924 1.02 0.525 0.991
554.0 2.086 1.986 1.91 0.01 2.785 1.814 0.951 1.088 0.924 1.02 0.525 0.991
554.1 2.086 1.986 1.91 0.01 2.785 1.814 0.951 1.088 0.924 1.02 0.525 0.991
554.2 2.086 1.986 1.91 0.01 2.785 1.814 0.951 1.088 0.924 1.02 0.525 0.991
554.3 2.086 1.986 1.91 0.01 2.785 1.814 0.951 1.088 0.924 1.02 0.525 0.991
554.4 2.086 1.986 1.91 0.01 2.785 1.814 0.951 1.088 0.924 1.02 0.525 0.991
554.5 2.086 1.986 1.91 0.01 2.785 1.814 0.951 1.088 0.924 1.02 0.525 0.992
554.6 2.086 1.986 1.91 0.01 2.785 1.814 0.951 1.088 0.924 1.02 0.524 0.992
554.7 2.086 1.986 1.91 0.01 2.785 1.814 0.952 1.088 0.924 1.02 0.524 0.992
554.8 2.086 1.986 1.91 0.01 2.785 1.814 0.952 1.088 0.924 1.02 0.524 0.992
554.9 2.086 1.986 1.91 0.01 2.785 1.814 0.952 1.088 0.924 1.02 0.524 0.992
555.0 2.086 1.986 1.91 0.01 2.785 1.814 0.952 1.088 0.924 1.02 0.524 0.992
555.1 2.086 1.986 1.91 0.01 2.785 1.814 0.952 1.088 0.924 1.02 0.524 0.992
555.2 2.086 1.986 1.91 0.01 2.785 1.814 0.952 1.088 0.924 1.02 0.524 0.992
555.3 2.086 1.986 1.91 0.01 2.785 1.814 0.952 1.088 0.924 1.02 0.524 0.992
555.4 2.086 1.986 1.91 0.01 2.785 1.814 0.952 1.088 0.924 1.02 0.524 0.992
555.5 2.086 1.986 1.91 0.01 2.785 1.814 0.952 1.088 0.924 1.021 0.524 0.992
555.6 2.086 1.986 1.91 0.01 2.785 1.814 0.952 1.088 0.925 1.021 0.524 0.992
555.7 2.086 1.986 1.91 0.01 2.785 1.814 0.952 1.088 0.925 1.021 0.524 0.993
555.8 2.086 1.986 1.91 0.01 2.785 1.814 0.952 1.088 0.925 1.021 0.524 0.993
555.9 2.086 1.986 1.91 0.01 2.785 1.814 0.952 1.088 0.925 1.021 0.524 0.993
556.0 2.086 1.986 1.91 0.01 2.785 1.814 0.952 1.088 0.925 1.021 0.524 0.993
556.1 2.086 1.986 1.91 0.01 2.785 1.814 0.952 1.088 0.925 1.021 0.524 0.993
556.2 2.086 1.986 1.91 0.01 2.785 1.814 0.952 1.088 0.925 1.021 0.524 0.993
556.3 2.086 1.986 1.91 0.01 2.785 1.814 0.952 1.088 0.925 1.021 0.524 0.993
556.4 2.086 1.986 1.91 0.01 2.785 1.814 0.952 1.088 0.925 1.021 0.524 0.993
556.5 2.086 1.986 1.91 0.01 2.785 1.814 0.952 1.088 0.925 1.021 0.524 0.993
556.6 2.086 1.986 1.91 0.01 2.785 1.814 0.952 1.088 0.925 1.021 0.524 0.993
556.7 2.086 1.986 1.91 0.01 2.785 1.814 0.952 1.088 0.925 1.021 0.524 0.993
556.8 2.086 1.986 1.91 0.01 2.785 1.814 0.952 1.088 0.925 1.021 0.524 0.993
556.9 2.086 1.986 1.91 0.01 2.785 1.814 0.952 1.088 0.925 1.021 0.524 0.993
557.0 2.086 1.986 1.91 0.01 2.785 1.814 0.952 1.088 0.925 1.021 0.524 0.993
557.1 2.086 1.986 1.91 0.01 2.785 1.814 0.952 1.088 0.925 1.021 0.524 0.994
557.2 2.086 1.986 1.91 0.01 2.785 1.814 0.952 1.088 0.925 1.021 0.524 0.994
557.3 2.086 1.986 1.91 0.01 2.785 1.814 0.952 1.088 0.925 1.021 0.524 0.994
557.4 2.086 1.986 1.91 0.01 2.785 1.814 0.952 1.088 0.925 1.021 0.524 0.994
557.5 2.086 1.986 1.91 0.01 2.785 1.814 0.952 1.088 0.925 1.021 0.524 0.994
557.6 2.086 1.986 1.91 0.01 2.785 1.814 0.952 1.088 0.925 1.022 0.524 0.994
557.7 2.086 1.986 1.91 0.01 2.785 1.814 0.952 1.088 0.925 1.022 0.524 0.994
557.8 2.086 1.986 1.91 0.01 2.785 1.814 0.952 1.088 0.925 1.022 0.524 0.994
557.9 2.086 1.986 1.91 0.01 2.785 1.814 0.952 1.088 0.925 1.022 0.524 0.994
558.0 2.086 1.986 1.91 0.01 2.785 1.814 0.952 1.088 0.925 1.022 0.524 0.994
558.1 2.086 1.986 1.91 0.01 2.785 1.814 0.952 1.088 0.925 1.022 0.524 0.994
558.2 2.086 1.986 1.91 0.01 2.785 1.814 0.952 1.088 0.925 1.022 0.524 0.994
558.3 2.086 1.986 1.91 0.01 2.785 1.814 0.952 1.089 0.925 1.022 0.524 0.994
558.4 2.086 1.986 1.91 0.01 2.785 1.814 0.952 1.089 0.925 1.022 0.524 0.994
558.5 2.086 1.986 1.91 0.01 2.785 1.814 0.952 1.089 0.925 1.022 0.524 0.994
558.6 2.086 1.986 1.91 0.01 2.785 1.814 0.952 1.089 0.925 1.022 0.524 0.994
558.7 2.086 1.986 1.91 0.01 2.785 1.814 0.952 1.089 0.925 1.022 0.524 0.994
558.8 2.086 1.986 1.91 0.01 2.785 1.814 0.952 1.089 0.925 1.022 0.524 0.995
558.9 2.086 1.986 1.91 0.01 2.785 1.814 0.952 1.089 0.925 1.022 0.524 0.995
559.0 2.086 1.986 1.91 0.01 2.785 1.814 0.952 1.089 0.925 1.022 0.524 0.995
559.1 2.086 1.986 1.91 0.01 2.785 1.814 0.952 1.089 0.925 1.022 0.524 0.995
559.2 2.086 1.986 1.91 0.01 2.785 1.814 0.952 1.089 0.925 1.022 0.524 0.995
559.3 2.086 1.986 1.91 0.01 2.785 1.814 0.953 1.089 0.925 1.022 0.524 0.995
559.4 2.086 1.986 1.91 0.01 2.785 1.814 0.953 1.089 0.925 1.022 0.524 0.995
559.5 2.086 1.986 1.91 0.01 2.785 1.814 0.953 1.089 0.925 1.022 0.524 0.995
559.6 2.086 1.986 1.91 0.01 2.785 1.814 0.953 1.089 0.925 1.022 0.524 0.995
559.7 2.086 1.986 1.91 0.01 2.785 1.814 0.953 1.089 0.925 1.022 0.524 0.995
559.8 2.086 1.986 1.91 0.01 2.785 1.814 0.953 1.089 0.925 1.022 0.524 0.995
559.9 2.086 1.986 1.91 0.01 2.785 1.814 0.953 1.089 0.925 1.022 0.524 0.995
560.0 2.086 1.986 1.91 0.01 2.785 1.814 0.953 1.089 0.925 1.022 0.524 0.995
560.1 2.086 1.986 1.91 0.01 2.785 1.814 0.953 1.089 0.925 1.022 0.524 0.995
560.2 2.086 1.986 1.91 0.01 2.785 1.814 0.953 1.089 0.925 1.023 0.524 0.995
560.3 2.086 1.986 1.91 0.01 2.785 1.814 0.953 1.089 0.926 1.023 0.524 0.995
560.4 2.086 1.986 1.91 0.01 2.785 1.814 0.953 1.089 0.926 1.023 0.524 0.995
560.5 2.086 1.986 1.91 0.01 2.785 1.814 0.953 1.089 0.926 1.023 0.524 0.995
560.6 2.086 1.986 1.91 0.01 2.785 1.814 0.953 1.089 0.926 1.023 0.524 0.995
560.7 2.086 1.986 1.91 0.01 2.785 1.814 0.953 1.089 0.926 1.023 0.524 0.996
560.8 2.086 1.986 1.91 0.01 2.785 1.814 0.953 1.089 0.926 1.023 0.524 0.996
560.9 2.086 1.986 1.91 0.01 2.785 1.814 0.953 1.089 0.926 1.023 0.524 0.996
561.0 2.086 1.986 1.91 0.01 2.785 1.814 0.953 1.089 0.926 1.023 0.524 0.996
561.1 2.086 1.986 1.91 0.01 2.785 1.814 0.953 1.089 0.926 1.023 0.524 0.996
561.2 2.086 1.986 1.91 0.01 2.785 1.814 0.953 1.089 0.926 1.023 0.524 0.996
561.3 2.086 1.986 1.91 0.01 2.785 1.814 0.953 1.089 0.926 1.023 0.524 0.996
561.4 2.086 1.986 1.91 0.01 2.785 1.814 0.953 1.089 0.926 1.023 0.524 0.996
561.5 2.086 1.986 1.91 0.01 2.785 1.814 0.953 1.089 0.926 1.023 0.524 0.996
561.6 2.086 1.986 1.91 0.01 2.785 1.814 0.953 1.089 0.926 1.023 0.524 0.996
561.7 2.086 1.986 1.91 0.01 2.785 1.814 0.953 1.089 0.926 1.023 0.524 0.996
561.8 2.086 1.986 1.91 0.01 2.785 1.814 0.953 1.089 0.926 1.023 0.524 0.996
561.9 2.086 1.986 1.91 0.01 2.785 1.814 0.953 1.089 0.926 1.023 0.524 0.996
562.0 2.086 1.986 1.91 0.01 2.785 1.814 0.953 1.089 0.926 1.023 0.524 0.996
562.1 2.086 1.986 1.91 0.01 2.785 1.814 0.953 1.089 0.926 1.023 0.524 0.996
562.2 2.086 1.986 1.91 0.01 2.785 1.814 0.953 1.089 0.926 1.023 0.524 0.996
562.3 2.086 1.986 1.91 0.01 2.785 1.814 0.953 1.089 0.926 1.023 0.524 0.996
562.4 2.086 1.986 1.91 0.01 2.785 1.814 0.953 1.089 0.926 1.023 0.524 0.996
562.5 2.086 1.986 1.91 0.01 2.785 1.814 0.953 1.089 0.926 1.023 0.524 0.996
562.6 2.086 1.986 1.91 0.01 2.785 1.814 0.953 1.089 0.926 1.023 0.524 0.996
562.7 2.086 1.986 1.91 0.01 2.785 1.814 0.953 1.089 0.926 1.023 0.524 0.996
562.8 2.086 1.986 1.91 0.01 2.785 1.814 0.953 1.089 0.926 1.023 0.524 0.996
562.9 2.086 1.986 1.91 0.01 2.785 1.814 0.953 1.089 0.926 1.023 0.524 0.996
563.0 2.086 1.986 1.91 0.01 2.785 1.814 0.953 1.089 0.926 1.023 0.524 0.996
563.1 2.086 1.986 1.91 0.01 2.785 1.814 0.953 1.089 0.926 1.023 0.524 0.996
563.2 2.086 1.986 1.91 0.01 2.785 1.814 0.953 1.089 0.926 1.023 0.524 0.996
563.3 2.086 1.986 1.91 0.01 2.785 1.814 0.953 1.089 0.926 1.023 0.524 0.997
563.4 2.086 1.986 1.91 0.01 2.785 1.814 0.953 1.089 0.926 1.023 0.524 0.997
563.5 2.086 1.986 1.91 0.01 2.785 1.814 0.953 1.089 0.926 1.023 0.524 0.997
563.6 2.086 1.986 1.91 0.01 2.785 1.814 0.953 1.089 0.926 1.023 0.524 0.997
563.7 2.086 1.986 1.91 0.01 2.785 1.814 0.953 1.089 0.926 1.023 0.524 0.997
563.8 2.086 1.986 1.91 0.01 2.785 1.814 0.953 1.089 0.926 1.024 0.524 0.997
563.9 2.086 1.986 1.91 0.01 2.785 1.814 0.953 1.089 0.926 1.024 0.524 0.997
564.0 2.086 1.986 1.91 0.01 2.785 1.814 0.953 1.089 0.926 1.024 0.524 0.997
564.1 2.086 1.986 1.91 0.01 2.785 1.814 0.953 1.089 0.926 1.024 0.524 0.997
564.2 2.086 1.986 1.91 0.01 2.785 1.814 0.953 1.089 0.926 1.024 0.524 0.997
564.3 2.086 1.986 1.91 0.01 2.785 1.814 0.953 1.089 0.926 1.024 0.524 0.997
564.4 2.086 1.986 1.91 0.01 2.785 1.814 0.953 1.089 0.926 1.024 0.524 0.997
564.5 2.086 1.986 1.91 0.01 2.785 1.814 0.953 1.089 0.926 1.024 0.524 0.997
564.6 2.086 1.986 1.91 0.01 2.785 1.814 0.953 1.089 0.926 1.024 0.524 0.997
564.7 2.086 1.986 1.91 0.01 2.785 1.814 0.953 1.089 0.926 1.024 0.524 0.997
564.8 2.086 1.986 1.91 0.01 2.785 1.814 0.953 1.089 0.926 1.024 0.524 0.997
564.9 2.086 1.986 1.91 0.01 2.785 1.814 0.953 1.089 0.926 1.024 0.524 0.997
565.0 2.086 1.986 1.91 0.01 2.785 1.814 0.953 1.089 0.926 1.024 0.524 0.997
565.1 2.086 1.986 1.91 0.01 2.785 1.814 0.953 1.089 0.926 1.024 0.524 0.997
565.2 2.086 1.986 1.91 0.01 2.785 1.814 0.953 1.089 0.926 1.024 0.524 0.997
565.3 2.086 1.986 1.91 0.01 2.785 1.814 0.953 1.089 0.926 1.024 0.524 0.997
565.4 2.086 1.986 1.91 0.01 2.785 1.814 0.953 1.089 0.926 1.024 0.523 0.997
565.5 2.086 1.986 1.91 0.01 2.785 1.814 0.953 1.089 0.926 1.024 0.523 0.997
565.6 2.086 1.986 1.91 0.01 2.785 1.814 0.953 1.089 0.926 1.024 0.523 0.997
565.7 2.086 1.986 1.91 0.01 2.785 1.814 0.953 1.089 0.926 1.024 0.523 0.997
565.8 2.086 1.986 1.91 0.01 2.785 1.814 0.953 1.089 0.926 1.024 0.523 0.997
565.9 2.086 1.986 1.91 0.01 2.785 1.814 0.953 1.089 0.926 1.024 0.523 0.997
566.0 2.086 1.986 1.91 0.01 2.785 1.814 0.953 1.089 0.926 1.024 0.523 0.997
566.1 2.086 1.986 1.91 0.01 2.785 1.814 0.953 1.089 0.926 1.024 0.523 0.997
566.2 2.086 1.986 1.91 0.01 2.785 1.814 0.953 1.089 0.926 1.024 0.523 0.997
566.3 2.086 1.986 1.91 0.01 2.785 1.814 0.953 1.089 0.926 1.024 0.523 0.997
566.4 2.086 1.986 1.91 0.01 2.785 1.814 0.953 1.089 0.926 1.024 0.523 0.997
566.5 2.086 1.986 1.91 0.01 2.785 1.814 0.953 1.089 0.926 1.024 0.523 0.997
566.6 2.086 1.986 1.91 0.01 2.785 1.814 0.953 1.089 0.926 1.024 0.523 0.997
566.7 2.086 1.986 1.91 0.01 2.785 1.814 0.953 1.089 0.926 1.024 0.523 0.998
566.8 2.086 1.986 1.91 0.01 2.785 1.814 0.953 1.089 0.926 1.024 0.523 0.998
566.9 2.086 1.986 1.91 0.01 2.785 1.814 0.953 1.089 0.926 1.024 0.523 0.998
567.0 2.086 1.986 1.91 0.01 2.785 1.814 0.953 1.089 0.926 1.024 0.523 0.998
567.1 2.086 1.986 1.91 0.01 2.785 1.814 0.953 1.089 0.926 1.024 0.523 0.998
567.2 2.086 1.986 1.91 0.01 2.785 1.814 0.953 1.089 0.926 1.024 0.523 0.998
567.3 2.086 1.986 1.91 0.01 2.785 1.814 0.953 1.089 0.926 1.024 0.523 0.998
567.4 2.086 1.986 1.91 0.01 2.785 1.814 0.953 1.089 0.926 1.024 0.523 0.998
567.5 2.086 1.986 1.91 0.01 2.785 1.814 0.953 1.089 0.926 1.024 0.523 0.998
567.6 2.086 1.986 1.91 0.01 2.785 1.814 0.953 1.089 0.926 1.024 0.523 0.998
567.7 2.086 1.986 1.91 0.01 2.785 1.814 0.953 1.089 0.926 1.024 0.523 0.998
567.8 2.086 1.986 1.91 0.01 2.785 1.814 0.953 1.089 0.926 1.024 0.523 0.998
567.9 2.086 1.986 1.91 0.01 2.785 1.814 0.953 1.089 0.926 1.024 0.523 0.998
568.0 2.086 1.986 1.91 0.01 2.785 1.814 0.953 1.089 0.926 1.024 0.523 0.998
568.1 2.086 1.986 1.91 0.01 2.785 1.814 0.953 1.089 0.926 1.024 0.523 0.998
568.2 2.086 1.986 1.91 0.01 2.785 1.814 0.953 1.089 0.926 1.024 0.523 0.998
568.3 2.086 1.986 1.91 0.01 2.785 1.814 0.953 1.089 0.926 1.024 0.523 0.998
568.4 2.086 1.986 1.91 0.01 2.785 1.814 0.953 1.089 0.926 1.024 0.523 0.998
568.5 2.086 1.986 1.91 0.01 2.785 1.814 0.954 1.089 0.926 1.024 0.523 0.998
568.6 2.086 1.986 1.91 0.01 2.785 1.814 0.954 1.089 0.926 1.024 0.523 0.998
568.7 2.086 1.986 1.91 0.01 2.785 1.814 0.954 1.089 0.926 1.024 0.523 0.998
568.8 2.086 1.986 1.91 0.01 2.785 1.814 0.954 1.089 0.926 1.024 0.523 0.998
568.9 2.086 1.986 1.91 0.01 2.785 1.814 0.954 1.089 0.926 1.024 0.523 0.998
569.0 2.086 1.986 1.91 0.01 2.785 1.814 0.954 1.089 0.926 1.024 0.523 0.998
569.1 2.086 1.986 1.91 0.01 2.785 1.814 0.954 1.089 0.926 1.024 0.523 0.998
569.2 2.086 1.986 1.91 0.01 2.785 1.814 0.954 1.089 0.926 1.024 0.523 0.998
569.3 2.086 1.986 1.91 0.01 2.785 1.814 0.954 1.089 0.926 1.024 0.523 0.998
569.4 2.086 1.986 1.91 0.01 2.785 1.814 0.954 1.089 0.926 1.024 0.523 0.998
569.5 2.086 1.986 1.91 0.01 2.785 1.814 0.954 1.089 0.926 1.024 0.523 0.998
569.6 2.086 1.986 1.91 0.01 2.785 1.814 0.954 1.089 0.926 1.024 0.523 0.998
569.7 2.086 1.986 1.91 0.01 2.785 1.814 0.954 1.089 0.926 1.025 0.523 0.998
569.8 2.086 1.986 1.91 0.01 2.785 1.814 0.954 1.089 0.926 1.025 0.523 0.998
569.9 2.086 1.986 1.91 0.01 2.785 1.814 0.954 1.089 0.926 1.025 0.523 0.998
570.0 2.086 1.986 1.91 0.01 2.785 1.814 0.954 1.089 0.926 1.025 0.523 0.998
570.1 2.086 1.986 1.91 0.01 2.785 1.814 0.954 1.089 0.927 1.025 0.523 0.998
570.2 2.086 1.986 1.91 0.01 2.785 1.814 0.954 1.089 0.927 1.025 0.523 0.998
570.3 2.086 1.986 1.91 0.01 2.785 1.814 0.954 1.089 0.927 1.025 0.523 0.998
570.4 2.086 1.986 1.91 0.01 2.785 1.814 0.954 1.089 0.927 1.025 0.523 0.998
570.5 2.086 1.986 1.91 0.01 2.785 1.814 0.954 1.089 0.927 1.025 0.523 0.998
570.6 2.086 1.986 1.91 0.01 2.785 1.814 0.954 1.089 0.927 1.025 0.523 0.998
570.7 2.086 1.986 1.91 0.01 2.785 1.814 0.954 1.089 0.927 1.025 0.523 0.998
570.8 2.086 1.986 1.91 0.01 2.785 1.814 0.954 1.089 0.927 1.025 0.523 0.998
570.9 2.086 1.986 1.91 0.01 2.785 1.814 0.954 1.089 0.927 1.025 0.523 0.998
571.0 2.086 1.986 1.91 0.01 2.785 1.814 0.954 1.089 0.927 1.025 0.523 0.998
571.1 2.086 1.986 1.91 0.01 2.785 1.814 0.954 1.089 0.927 1.025 0.523 0.998
571.2 2.086 1.986 1.91 0.01 2.785 1.814 0.954 1.089 0.927 1.025 0.523 0.998
571.3 2.086 1.986 1.91 0.01 2.785 1.814 0.954 1.089 0.927 1.025 0.523 0.998
571.4 2.086 1.986 1.91 0.01 2.785 1.814 0.954 1.089 0.927 1.025 0.523 0.998
571.5 2.086 1.986 1.91 0.01 2.785 1.814 0.954 1.089 0.927 1.025 0.523 0.998
571.6 2.086 1.986 1.91 0.01 2.785 1.814 0.954 1.089 0.927 1.025 0.523 0.998
571.7 2.086 1.986 1.91 0.01 2.785 1.814 0.954 1.089 0.927 1.025 0.523 0.998
571.8 2.086 1.986 1.91 0.01 2.785 1.814 0.954 1.089 0.927 1.025 0.523 0.998
571.9 2.086 1.986 1.91 0.01 2.785 1.814 0.954 1.089 0.927 1.025 0.523 0.998
572.0 2.086 1.986 1.91 0.01 2.785 1.814 0.954 1.089 0.927 1.025 0.523 0.998
572.1 2.086 1.986 1.91 0.01 2.785 1.814 0.954 1.089 0.927 1.025 0.523 0.998
572.2 2.086 1.986 1.91 0.01 2.785 1.814 0.954 1.089 0.927 1.025 0.523 0.998
572.3 2.086 1.986 1.91 0.01 2.785 1.814 0.954 1.089 0.927 1.025 0.523 0.999
572.4 2.086 1.986 1.91 0.01 2.785 1.814 0.954 1.089 0.927 1.025 0.523 0.999
572.5 2.086 1.986 1.91 0.01 2.785 1.814 0.954 1.089 0.927 1.025 0.523 0.999
572.6 2.086 1.986 1.91 0.01 2.785 1.814 0.954 1.089 0.927 1.025 0.523 0.999
572.7 2.086 1.986 1.91 0.01 2.785 1.814 0.954 1.089 0.927 1.025 0.523 0.999
572.8 2.086 1.986 1.91 0.01 2.785 1.814 0.954 1.089 0.927 1.025 0.523 0.999
572.9 2.086 1.986 1.91 0.01 2.785 1.814 0.954 1.089 0.927 1.025 0.523 0.999
573.0 2.086 1.986 1.91 0.01 2.785 1.814 0.954 1.089 0.927 1.025 0.523 0.999
573.1 2.086 1.986 1.91 0.01 2.785 1.814 0.954 1.089 0.927 1.025 0.523 0.999
573.2 2.086 1.986 1.91 0.01 2.785 1.814 0.954 1.089 0.927 1.025 0.523 0.999
573.3 2.086 1.986 1.91 0.01 2.785 1.814 0.954 1.089 0.927 1.025 0.523 0.999
573.4 2.086 1.986 1.91 0.01 2.785 1.814 0.954 1.089 0.927 1.025 0.523 0.999
573.5 2.086 1.986 1.91 0.01 2.785 1.814 0.954 1.089 0.927 1.025 0.523 0.999
573.6 2.086 1.986 1.91 0.01 2.785 1.814 0.954 1.089 0.927 1.025 0.523 0.999
573.7 2.086 1.986 1.91 0.01 2.785 1.814 0.954 1.089 0.927 1.025 0.523 0.999
573.8 2.086 1.986 1.91 0.01 2.785 1.814 0.954 1.089 0.927 1.025 0.523 0.999
573.9 2.086 1.986 1.91 0.01 2.785 1.814 0.954 1.089 0.927 1.025 0.523 0.999
574.0 2.086 1.986 1.91 0.01 2.785 1.814 0.954 1.089 0.927 1.025 0.523 0.999
574.1 2.086 1.986 1.91 0.01 2.785 1.814 0.954 1.089 0.927 1.025 0.523 0.999
574.2 2.086 1.986 1.91 0.01 2.785 1.814 0.954 1.089 0.927 1.025 0.523 0.999
574.3 2.086 1.986 1.91 0.01 2.785 1.814 0.954 1.089 0.927 1.025 0.523 0.999
574.4 2.086 1.986 1.91 0.01 2.785 1.814 0.954 1.089 0.927 1.025 0.523 0.999
574.5 2.086 1.986 1.91 0.01 2.785 1.814 0.954 1.089 0.927 1.025 0.523 0.999
574.6 2.086 1.986 1.91 0.01 2.785 1.814 0.954 1.089 0.927 1.025 0.523 0.999
574.7 2.086 1.986 1.91 0.01 2.785 1.814 0.954 1.089 0.927 1.025 0.523 0.999
574.8 2.086 1.986 1.91 0.01 2.785 1.814 0.954 1.089 0.927 1.025 0.523 0.999
574.9 2.086 1.986 1.91 0.01 2.785 1.814 0.954 1.089 0.927 1.025 0.523 0.999
575.0 2.086 1.986 1.91 0.01 2.785 1.814 0.954 1.089 0.927 1.025 0.523 0.999
575.1 2.086 1.986 1.91 0.01 2.785 1.814 0.954 1.089 0.927 1.025 0.523 0.999
575.2 2.086 1.986 1.91 0.01 2.785 1.814 0.954 1.089 0.927 1.025 0.523 0.999
575.3 2.086 1.986 1.91 0.01 2.785 1.814 0.954 1.089 0.927 1.025 0.523 0.999
575.4 2.086 1.986 1.91 0.01 2.785 1.814 0.954 1.09 0.927 1.025 0.523 0.999
575.5 2.086 1.986 1.91 0.01 2.785 1.814 0.954 1.09 0.927 1.025 0.523 0.999
575.6 2.086 1.986 1.91 0.01 2.785 1.814 0.954 1.09 0.927 1.025 0.523 0.999
575.7 2.086 1.986 1.91 0.01 2.785 1.814 0.954 1.09 0.927 1.025 0.523 0.999
575.8 2.086 1.986 1.91 0.01 2.785 1.814 0.954 1.09 0.927 1.025 0.523 0.999
575.9 2.086 1.986 1.91 0.01 2.785 1.814 0.954 1.09 0.927 1.025 0.523 0.999
576.0 2.086 1.986 1.91 0.01 2.785 1.814 0.954 1.09 0.927 1.025 0.523 0.999
576.1 2.086 1.986 1.91 0.01 2.785 1.814 0.954 1.09 0.927 1.025 0.523 0.999
576.2 2.086 1.986 1.91 0.01 2.785 1.814 0.954 1.09 0.927 1.025 0.523 0.999
576.3 2.086 1.986 1.91 0.01 2.785 1.814 0.954 1.09 0.927 1.025 0.523 0.999
576.4 2.086 1.986 1.91 0.01 2.785 1.814 0.954 1.09 0.927 1.025 0.523 0.999
576.5 2.086 1.986 1.91 0.01 2.785 1.814 0.954 1.09 0.927 1.025 0.523 0.999
576.6 2.086 1.986 1.91 0.01 2.785 1.814 0.954 1.09 0.927 1.025 0.523 0.999
576.7 2.086 1.986 1.91 0.01 2.785 1.814 0.954 1.09 0.927 1.025 0.523 0.999
576.8 2.086 1.986 1.91 0.01 2.785 1.814 0.954 1.09 0.927 1.025 0.523 0.999
576.9 2.086 1.986 1.91 0.01 2.785 1.814 0.954 1.09 0.927 1.025 0.523 0.999
577.0 2.086 1.986 1.91 0.01 2.785 1.814 0.954 1.09 0.927 1.025 0.523 0.999
577.1 2.086 1.986 1.91 0.01 2.785 1.814 0.954 1.09 0.927 1.025 0.523 0.999
577.2 2.086 1.986 1.91 0.01 2.785 1.814 0.954 1.09 0.927 1.025 0.523 0.999
577.3 2.086 1.986 1.91 0.01 2.785 1.814 0.954 1.09 0.927 1.025 0.523 0.999
577.4 2.086 1.986 1.91 0.01 2.785 1.814 0.954 1.09 0.927 1.025 0.523 0.999
577.5 2.086 1.986 1.91 0.01 2.785 1.814 0.954 1.09 0.927 1.025 0.523 0.999
577.6 2.086 1.986 1.91 0.01 2.785 1.814 0.954 1.09 0.927 1.025 0.523 0.999
577.7 2.086 1.986 1.91 0.01 2.785 1.814 0.954 1.09 0.927 1.025 0.523 0.999
577.8 2.086 1.986 1.91 0.01 2.785 1.814 0.954 1.09 0.927 1.025 0.523 0.999
577.9 2.086 1.986 1.91 0.01 2.785 1.814 0.954 1.09 0.927 1.025 0.523 0.999
578.0 2.086 1.986 1.91 0.01 2.785 1.814 0.954 1.09 0.927 1.025 0.523 0.999
578.1 2.086 1.986 1.91 0.01 2.785 1.814 0.954 1.09 0.927 1.025 0.523 0.999
578.2 2.086 1.986 1.91 0.01 2.785 1.814 0.954 1.09 0.927 1.025 0.523 0.999
578.3 2.086 1.986 1.91 0.01 2.785 1.814 0.954 1.09 0.927 1.025 0.523 0.999
578.4 2.086 1.986 1.91 0.01 2.785 1.814 0.954 1.09 0.927 1.025 0.523 0.999
578.5 2.086 1.986 1.91 0.01 2.785 1.814 0.954 1.09 0.927 1.025 0.523 0.999
578.6 2.086 1.986 1.91 0.01 2.785 1.814 0.954 1.09 0.927 1.025 0.523 0.999
578.7 2.086 1.986 1.91 0.01 2.785 1.814 0.954 1.09 0.927 1.025 0.523 0.999
578.8 2.086 1.986 1.91 0.01 2.785 1.814 0.954 1.09 0.927 1.025 0.523 0.999
578.9 2.086 1.986 1.91 0.01 2.785 1.814 0.954 1.09 0.927 1.025 0.523 0.999
579.0 2.086 1.986 1.91 0.01 2.785 1.814 0.954 1.09 0.927 1.025 0.523 0.999
579.1 2.086 1.986 1.91 0.01 2.785 1.814 0.954 1.09 0.927 1.025 0.523 0.999
579.2 2.086 1.986 1.91 0.01 2.785 1.814 0.954 1.09 0.927 1.025 0.523 0.999
579.3 2.086 1.986 1.91 0.01 2.785 1.814 0.954 1.09 0.927 1.025 0.523 0.999
579.4 2.086 1.986 1.91 0.01 2.785 1.814 0.954 1.09 0.927 1.025 0.523 0.999
579.5 2.086 1.986 1.91 0.01 2.785 1.814 0.954 1.09 0.927 1.025 0.523 0.999
579.6 2.086 1.986 1.91 0.01 2.785 1.814 0.954 1.09 0.927 1.025 0.523 0.999
579.7 2.086 1.986 1.91 0.01 2.785 1.814 0.954 1.09 0.927 1.025 0.523 0.999
579.8 2.086 1.986 1.91 0.01 2.785 1.814 0.954 1.09 0.927 1.025 0.523 0.999
579.9 2.086 1.986 1.91 0.01 2.785 1.814 0.954 1.09 0.927 1.025 0.523 0.999
580.0 2.086 1.986 1.91 0.01 2.785 1.814 0.954 1.09 0.927 1.025 0.523 0.999
580.1 2.086 1.986 1.91 0.01 2.785 1.814 0.954 1.09 0.927 1.025 0.523 0.999
580.2 2.086 1.986 1.91 0.01 2.785 1.814 0.954 1.09 0.927 1.025 0.523 0.999
580.3 2.086 1.986 1.91 0.01 2.785 1.814 0.954 1.09 0.927 1.025 0.523 0.999
580.4 2.086 1.986 1.91 0.01 2.785 1.814 0.954 1.09 0.927 1.025 0.523 0.999
580.5 2.086 1.986 1.91 0.01 2.785 1.814 0.954 1.09 0.927 1.025 0.523 0.999
580.6 2.086 1.986 1.91 0.01 2.785 1.814 0.954 1.09 0.927 1.025 0.523 0.999
580.7 2.086 1.986 1.91 0.01 2.785 1.814 0.954 1.09 0.927 1.025 0.523 0.999
580.8 2.086 1.986 1.91 0.01 2.785 1.814 0.954 1.09 0.927 1.025 0.523 0.999
580.9 2.086 1.986 1.91 0.01 2.785 1.814 0.954 1.09 0.927 1.025 0.523 0.999
581.0 2.086 1.986 1.91 0.01 2.785 1.814 0.954 1.09 0.927 1.025 0.523 0.999
581.1 2.086 1.986 1.91 0.01 2.785 1.814 0.954 1.09 0.927 1.025 0.523 0.999
581.2 2.086 1.986 1.91 0.01 2.785 1.814 0.954 1.09 0.927 1.025 0.523 0.999
581.3 2.086 1.986 1.91 0.01 2.785 1.814 0.954 1.09 0.927 1.025 0.523 0.999
581.4 2.086 1.986 1.91 0.01 2.785 1.814 0.954 1.09 0.927 1.025 0.523 0.999
581.5 2.086 1.986 1.91 0.01 2.785 1.814 0.954 1.09 0.927 1.025 0.523 0.999
581.6 2.086 1.986 1.91 0.01 2.785 1.814 0.954 1.09 0.927 1.025 0.523 0.999
581.7 2.086 1.986 1.91 0.01 2.785 1.814 0.954 1.09 0.927 1.025 0.523 0.999
581.8 2.086 1.986 1.91 0.01 2.785 1.814 0.954 1.09 0.927 1.025 0.523 0.999
581.9 2.086 1.986 1.91 0.01 2.785 1.814 0.954 1.09 0.927 1.025 0.523 0.999
582.0 2.086 1.986 1.91 0.01 2.785 1.814 0.954 1.09 0.927 1.025 0.523 0.999
582.1 2.086 1.986 1.91 0.01 2.785 1.814 0.954 1.09 0.927 1.025 0.523 0.999
582.2 2.086 1.986 1.91 0.01 2.785 1.814 0.954 1.09 0.927 1.025 0.523 0.999
582.3 2.086 1.986 1.91 0.01 2.785 1.814 0.954 1.09 0.927 1.025 0.523 0.999
582.4 2.086 1.986 1.91 0.01 2.785 1.814 0.954 1.09 0.927 1.025 0.523 0.999
582.5 2.086 1.986 1.91 0.01 2.785 1.814 0.954 1.09 0.927 1.025 0.523 0.999
582.6 2.086 1.986 1.91 0.01 2.785 1.814 0.954 1.09 0.927 1.025 0.523 0.999
582.7 2.086 1.986 1.91 0.01 2.785 1.814 0.954 1.09 0.927 1.025 0.523 0.999
582.8 2.086 1.986 1.91 0.01 2.785 1.814 0.954 1.09 0.927 1.025 0.523 0.999
582.9 2.086 1.986 1.91 0.01 2.785 1.814 0.954 1.09 0.927 1.025 0.523 0.999
583.0 2.086 1.986 1.91 0.01 2.785 1.814 0.954 1.09 0.927 1.025 0.523 0.999
583.1 2.086 1.986 1.91 0.01 2.785 1.814 0.954 1.09 0.927 1.025 0.523 0.999
583.2 2.086 1.986 1.91 0.01 2.785 1.814 0.954 1.09 0.927 1.025 0.523 0.999
583.3 2.086 1.986 1.91 0.01 2.785 1.814 0.954 1.09 0.927 1.025 0.523 0.999
583.4 2.086 1.986 1.91 0.01 2.785 1.814 0.954 1.09 0.927 1.025 0.523 0.999
583.5 2.086 1.986 1.91 0.01 2.785 1.814 0.954 1.09 0.927 1.025 0.523 0.999
583.6 2.086 1.986 1.91 0.01 2.785 1.814 0.954 1.09 0.927 1.025 0.523 0.999
583.7 2.086 1.986 1.91 0.01 2.785 1.814 0.954 1.09 0.927 1.025 0.523 0.999
583.8 2.086 1.986 1.91 0.01 2.785 1.814 0.954 1.09 0.927 1.025 0.523 0.999
583.9 2.086 1.986 1.91 0.01 2.785 1.814 0.954 1.09 0.927 1.025 0.523 0.999
584.0 2.086 1.986 1.91 0.01 2.785 1.814 0.954 1.09 0.927 1.025 0.523 0.999
584.1 2.086 1.986 1.91 0.01 2.785 1.814 0.954 1.09 0.927 1.025 0.523 0.999
584.2 2.086 1.986 1.91 0.01 2.785 1.814 0.954 1.09 0.927 1.025 0.523 0.999
584.3 2.086 1.986 1.91 0.01 2.785 1.814 0.954 1.09 0.927 1.025 0.523 0.999
584.4 2.086 1.986 1.91 0.01 2.785 1.814 0.954 1.09 0.927 1.025 0.523 0.999
584.5 2.086 1.986 1.91 0.01 2.785 1.814 0.954 1.09 0.927 1.025 0.523 0.999
584.6 2.086 1.986 1.91 0.01 2.785 1.814 0.954 1.09 0.927 1.025 0.523 0.999
584.7 2.086 1.986 1.91 0.01 2.785 1.814 0.954 1.09 0.927 1.025 0.523 0.999
584.8 2.086 1.986 1.91 0.01 2.785 1.814 0.954 1.09 0.927 1.025 0.523 0.999
584.9 2.086 1.986 1.91 0.01 2.785 1.814 0.954 1.09 0.927 1.025 0.523 0.999
585.0 2.086 1.986 1.91 0.01 2.785 1.814 0.954 1.09 0.927 1.025 0.523 0.999
585.1 2.086 1.986 1.91 0.01 2.785 1.814 0.954 1.09 0.927 1.025 0.523 0.999
585.2 2.086 1.986 1.91 0.01 2.785 1.814 0.954 1.09 0.927 1.025 0.523 0.999
585.3 2.086 1.986 1.91 0.01 2.785 1.814 0.954 1.09 0.927 1.025 0.523 0.999
585.4 2.086 1.986 1.91 0.01 2.785 1.814 0.954 1.09 0.927 1.025 0.523 0.999
585.5 2.086 1.986 1.91 0.01 2.785 1.814 0.954 1.09 0.927 1.025 0.523 0.999
585.6 2.086 1.986 1.91 0.01 2.785 1.814 0.954 1.09 0.927 1.025 0.523 0.999
585.7 2.086 1.986 1.91 0.01 2.785 1.814 0.954 1.09 0.927 1.025 0.523 0.999
585.8 2.086 1.986 1.91 0.01 2.785 1.814 0.954 1.09 0.927 1.025 0.523 0.999
585.9 2.086 1.986 1.91 0.01 2.785 1.814 0.954 1.09 0.927 1.025 0.523 0.999
586.0 2.086 1.986 1.91 0.01 2.785 1.814 0.954 1.09 0.927 1.025 0.523 0.999
586.1 2.086 1.986 1.91 0.01 2.785 1.814 0.954 1.09 0.927 1.025 0.523 0.999
586.2 2.086 1.986 1.91 0.01 2.785 1.814 0.954 1.09 0.927 1.025 0.523 0.999
586.3 2.086 1.986 1.91 0.01 2.785 1.814 0.954 1.09 0.927 1.025 0.523 0.999
586.4 2.086 1.986 1.91 0.01 2.785 1.814 0.954 1.09 0.927 1.025 0.523 0.999
586.5 2.086 1.986 1.91 0.01 2.785 1.814 0.954 1.09 0.927 1.025 0.523 0.999
586.6 2.086 1.986 1.91 0.01 2.785 1.814 0.954 1.09 0.927 1.025 0.523 0.999
586.7 2.086 1.986 1.91 0.01 2.785 1.814 0.954 1.09 0.927 1.025 0.523 0.999
586.8 2.086 1.986 1.91 0.01 2.785 1.814 0.954 1.09 0.927 1.025 0.523 0.999
586.9 2.086 1.986 1.91 0.01 2.785 1.814 0.954 1.09 0.927 1.025 0.523 0.999
587.0 2.086 1.986 1.91 0.01 2.785 1.814 0.954 1.09 0.927 1.025 0.523 0.999
587.1 2.086 1.986 1.91 0.01 2.785 1.814 0.954 1.09 0.927 1.025 0.523 0.999
587.2 2.086 1.986 1.91 0.01 2.785 1.814 0.954 1.09 0.927 1.025 0.523 0.999
587.3 2.086 1.986 1.91 0.01 2.785 1.814 0.954 1.09 0.927 1.025 0.523 0.999
587.4 2.086 1.986 1.91 0.01 2.785 1.814 0.954 1.09 0.927 1.025 0.523 0.999
587.5 2.086 1.986 1.91 0.01 2.785 1.814 0.954 1.09 0.927 1.025 0.523 0.999
587.6 2.086 1.986 1.91 0.01 2.785 1.814 0.954 1.09 0.927 1.025 0.523 0.999
587.7 2.086 1.986 1.91 0.01 2.785 1.814 0.954 1.09 0.927 1.025 0.523 0.999
587.8 2.086 1.986 1.91 0.01 2.785 1.814 0.954 1.09 0.927 1.025 0.523 1.0
587.9 2.086 1.986 1.91 0.01 2.785 1.814 0.954 1.09 0.927 1.025 0.523 1.0
588.0 2.086 1.986 1.91 0.01 2.785 1.814 0.954 1.09 0.927 1.025 0.523 1.0
588.1 2.086 1.986 1.91 0.01 2.785 1.814 0.954 1.09 0.927 1.025 0.523 1.0
588.2 2.086 1.986 1.91 0.01 2.785 1.814 0.954 1.09 0.927 1.025 0.523 1.0
588.3 2.086 1.986 1.91 0.01 2.785 1.814 0.954 1.09 0.927 1.025 0.523 1.0
588.4 2.086 1.986 1.91 0.01 2.785 1.814 0.954 1.09 0.927 1.025 0.523 1.0
588.5 2.086 1.986 1.91 0.01 2.785 1.814 0.954 1.09 0.927 1.025 0.523 1.0
588.6 2.086 1.986 1.91 0.01 2.785 1.814 0.954 1.09 0.927 1.025 0.523 1.0
588.7 2.086 1.986 1.91 0.01 2.785 1.814 0.954 1.09 0.927 1.025 0.523 1.0
588.8 2.086 1.986 1.91 0.01 2.785 1.814 0.954 1.09 0.927 1.025 0.523 1.0
588.9 2.086 1.986 1.91 0.01 2.785 1.814 0.954 1.09 0.927 1.025 0.523 1.0
589.0 2.086 1.986 1.91 0.01 2.785 1.814 0.954 1.09 0.927 1.025 0.523 1.0
589.1 2.086 1.986 1.91 0.01 2.785 1.814 0.954 1.09 0.927 1.026 0.523 1.0
589.2 2.086 1.986 1.91 0.01 2.785 1.814 0.954 1.09 0.927 1.026 0.523 1.0
589.3 2.086 1.986 1.91 0.01 2.785 1.814 0.954 1.09 0.927 1.026 0.523 1.0
589.4 2.086 1.986 1.91 0.01 2.785 1.814 0.954 1.09 0.927 1.026 0.523 1.0
589.5 2.086 1.986 1.91 0.01 2.785 1.814 0.954 1.09 0.927 1.026 0.523 1.0
589.6 2.086 1.986 1.91 0.01 2.785 1.814 0.954 1.09 0.927 1.026 0.523 1.0
589.7 2.086 1.986 1.91 0.01 2.785 1.814 0.954 1.09 0.927 1.026 0.523 1.0
589.8 2.086 1.986 1.91 0.01 2.785 1.814 0.954 1.09 0.927 1.026 0.523 1.0
589.9 2.086 1.986 1.91 0.01 2.785 1.814 0.954 1.09 0.927 1.026 0.523 1.0
590.0 2.086 1.986 1.91 0.01 2.785 1.814 0.954 1.09 0.927 1.026 0.523 1.0
590.1 2.086 1.986 1.91 0.01 2.785 1.814 0.954 1.09 0.927 1.026 0.523 1.0
590.2 2.086 1.986 1.91 0.01 2.785 1.814 0.954 1.09 0.927 1.026 0.523 1.0
590.3 2.086 1.986 1.91 0.01 2.785 1.814 0.954 1.09 0.927 1.026 0.523 1.0
590.4 2.086 1.986 1.91 0.01 2.785 1.814 0.954 1.09 0.927 1.026 0.523 1.0
590.5 2.086 1.986 1.91 0.01 2.785 1.814 0.954 1.09 0.927 1.026 0.523 1.0
590.6 2.086 1.986 1.91 0.01 2.785 1.814 0.954 1.09 0.927 1.026 0.523 1.0
590.7 2.086 1.986 1.91 0.01 2.785 1.814 0.954 1.09 0.927 1.026 0.523 1.0
590.8 2.086 1.986 1.91 0.01 2.785 1.814 0.954 1.09 0.927 1.026 0.523 1.0
590.9 2.086 1.986 1.91 0.01 2.785 1.814 0.954 1.09 0.927 1.026 0.523 1.0
591.0 2.086 1.986 1.91 0.01 2.785 1.814 0.954 1.09 0.927 1.026 0.523 1.0
591.1 2.086 1.986 1.91 0.01 2.785 1.814 0.954 1.09 0.927 1.026 0.523 1.0
591.2 2.086 1.986 1.91 0.01 2.785 1.814 0.954 1.09 0.927 1.026 0.523 1.0
591.3 2.086 1.986 1.91 0.01 2.785 1.814 0.954 1.09 0.927 1.026 0.523 1.0
591.4 2.086 1.986 1.91 0.01 2.785 1.814 0.954 1.09 0.927 1.026 0.523 1.0
591.5 2.086 1.986 1.91 0.01 2.785 1.814 0.954 1.09 0.927 1.026 0.523 1.0
591.6 2.086 1.986 1.91 0.01 2.785 1.814 0.954 1.09 0.927 1.026 0.523 1.0
591.7 2.086 1.986 1.91 0.01 2.785 1.814 0.954 1.09 0.927 1.026 0.523 1.0
591.8 2.086 1.986 1.91 0.01 2.785 1.814 0.954 1.09 0.927 1.026 0.523 1.0
591.9 2.086 1.986 1.91 0.01 2.785 1.814 0.954 1.09 0.927 1.026 0.523 1.0
592.0 2.086 1.986 1.91 0.01 2.785 1.814 0.954 1.09 0.927 1.026 0.523 1.0
592.1 2.086 1.986 1.91 0.01 2.785 1.814 0.954 1.09 0.927 1.026 0.523 1.0
592.2 2.086 1.986 1.91 0.01 2.785 1.814 0.954 1.09 0.927 1.026 0.523 1.0
592.3 2.086 1.986 1.91 0.01 2.785 1.814 0.954 1.09 0.927 1.026 0.523 1.0
592.4 2.086 1.986 1.91 0.01 2.785 1.814 0.954 1.09 0.927 1.026 0.523 1.0
592.5 2.086 1.986 1.91 0.01 2.785 1.814 0.954 1.09 0.927 1.026 0.523 1.0
592.6 2.086 1.986 1.91 0.01 2.785 1.814 0.954 1.09 0.927 1.026 0.523 1.0
592.7 2.086 1.986 1.91 0.01 2.785 1.814 0.954 1.09 0.927 1.026 0.523 1.0
592.8 2.086 1.986 1.91 0.01 2.785 1.814 0.954 1.09 0.927 1.026 0.523 1.0
592.9 2.086 1.986 1.91 0.01 2.785 1.814 0.954 1.09 0.927 1.026 0.523 1.0
593.0 2.086 1.986 1.91 0.01 2.785 1.814 0.954 1.09 0.927 1.026 0.523 1.0
593.1 2.086 1.986 1.91 0.01 2.785 1.814 0.954 1.09 0.927 1.026 0.523 1.0
593.2 2.086 1.986 1.91 0.01 2.785 1.814 0.954 1.09 0.927 1.026 0.523 1.0
593.3 2.086 1.986 1.91 0.01 2.785 1.814 0.954 1.09 0.927 1.026 0.523 1.0
593.4 2.086 1.986 1.91 0.01 2.785 1.814 0.954 1.09 0.927 1.026 0.523 1.0
593.5 2.086 1.986 1.91 0.01 2.785 1.814 0.954 1.09 0.927 1.026 0.523 1.0
593.6 2.086 1.986 1.91 0.01 2.785 1.814 0.954 1.09 0.927 1.026 0.523 1.0
593.7 2.086 1.986 1.91 0.01 2.785 1.814 0.954 1.09 0.927 1.026 0.523 1.0
593.8 2.086 1.986 1.91 0.01 2.785 1.814 0.954 1.09 0.927 1.026 0.523 1.0
593.9 2.086 1.986 1.91 0.01 2.785 1.814 0.954 1.09 0.927 1.026 0.523 1.0
594.0 2.086 1.986 1.91 0.01 2.785 1.814 0.954 1.09 0.927 1.026 0.523 1.0
594.1 2.086 1.986 1.91 0.01 2.785 1.814 0.954 1.09 0.927 1.026 0.523 1.0
594.2 2.086 1.986 1.91 0.01 2.785 1.814 0.954 1.09 0.927 1.026 0.523 1.0
594.3 2.086 1.986 1.91 0.01 2.785 1.814 0.954 1.09 0.927 1.026 0.523 1.0
594.4 2.086 1.986 1.91 0.01 2.785 1.814 0.954 1.09 0.927 1.026 0.523 1.0
594.5 2.086 1.986 1.91 0.01 2.785 1.814 0.954 1.09 0.927 1.026 0.523 1.0
594.6 2.086 1.986 1.91 0.01 2.785 1.814 0.954 1.09 0.927 1.026 0.523 1.0
594.7 2.086 1.986 1.91 0.01 2.785 1.814 0.954 1.09 0.927 1.026 0.523 1.0
594.8 2.086 1.986 1.91 0.01 2.785 1.814 0.954 1.09 0.927 1.026 0.523 1.0
594.9 2.086 1.986 1.91 0.01 2.785 1.814 0.954 1.09 0.927 1.026 0.523 1.0
595.0 2.086 1.986 1.91 0.01 2.785 1.814 0.954 1.09 0.927 1.026 0.523 1.0
595.1 2.086 1.986 1.91 0.01 2.785 1.814 0.954 1.09 0.927 1.026 0.523 1.0
595.2 2.086 1.986 1.91 0.01 2.785 1.814 0.954 1.09 0.927 1.026 0.523 1.0
595.3 2.086 1.986 1.91 0.01 2.785 1.814 0.954 1.09 0.927 1.026 0.523 1.0
595.4 2.086 1.986 1.91 0.01 2.785 1.814 0.954 1.09 0.927 1.026 0.523 1.0
595.5 2.086 1.986 1.91 0.01 2.785 1.814 0.954 1.09 0.927 1.026 0.523 1.0
595.6 2.086 1.986 1.91 0.01 2.785 1.814 0.954 1.09 0.927 1.026 0.523 1.0
595.7 2.086 1.986 1.91 0.01 2.785 1.814 0.954 1.09 0.927 1.026 0.523 1.0
595.8 2.086 1.986 1.91 0.01 2.785 1.814 0.954 1.09 0.927 1.026 0.523 1.0
595.9 2.086 1.986 1.91 0.01 2.785 1.814 0.954 1.09 0.927 1.026 0.523 1.0
596.0 2.086 1.986 1.91 0.01 2.785 1.814 0.954 1.09 0.927 1.026 0.523 1.0
596.1 2.086 1.986 1.91 0.01 2.785 1.814 0.954 1.09 0.927 1.026 0.523 1.0
596.2 2.086 1.986 1.91 0.01 2.785 1.814 0.954 1.09 0.927 1.026 0.523 1.0
596.3 2.086 1.986 1.91 0.01 2.785 1.814 0.954 1.09 0.927 1.026 0.523 1.0
596.4 2.086 1.986 1.91 0.01 2.785 1.814 0.954 1.09 0.927 1.026 0.523 1.0
596.5 2.086 1.986 1.91 0.01 2.785 1.814 0.954 1.09 0.927 1.026 0.523 1.0
596.6 2.086 1.986 1.91 0.01 2.785 1.814 0.954 1.09 0.927 1.026 0.523 1.0
596.7 2.086 1.986 1.91 0.01 2.785 1.814 0.954 1.09 0.927 1.026 0.523 1.0
596.8 2.086 1.986 1.91 0.01 2.785 1.814 0.954 1.09 0.927 1.026 0.523 1.0
596.9 2.086 1.986 1.91 0.01 2.785 1.814 0.954 1.09 0.927 1.026 0.523 1.0
597.0 2.086 1.986 1.91 0.01 2.785 1.814 0.954 1.09 0.927 1.026 0.523 1.0
597.1 2.086 1.986 1.91 0.01 2.785 1.814 0.954 1.09 0.927 1.026 0.523 1.0
597.2 2.086 1.986 1.91 0.01 2.785 1.814 0.954 1.09 0.927 1.026 0.523 1.0
597.3 2.086 1.986 1.91 0.01 2.785 1.814 0.954 1.09 0.927 1.026 0.523 1.0
597.4 2.086 1.986 1.91 0.01 2.785 1.814 0.954 1.09 0.927 1.026 0.523 1.0
597.5 2.086 1.986 1.91 0.01 2.785 1.814 0.954 1.09 0.927 1.026 0.523 1.0
597.6 2.086 1.986 1.91 0.01 2.785 1.814 0.954 1.09 0.927 1.026 0.523 1.0
597.7 2.086 1.986 1.91 0.01 2.785 1.814 0.954 1.09 0.927 1.026 0.523 1.0
597.8 2.086 1.986 1.91 0.01 2.785 1.814 0.954 1.09 0.927 1.026 0.523 1.0
597.9 2.086 1.986 1.91 0.01 2.785 1.814 0.954 1.09 0.927 1.026 0.523 1.0
598.0 2.086 1.986 1.91 0.01 2.785 1.814 0.954 1.09 0.927 1.026 0.523 1.0
598.1 2.086 1.986 1.91 0.01 2.785 1.814 0.954 1.09 0.927 1.026 0.523 1.0
598.2 2.086 1.986 1.91 0.01 2.785 1.814 0.954 1.09 0.927 1.026 0.523 1.0
598.3 2.086 1.986 1.91 0.01 2.785 1.814 0.954 1.09 0.927 1.026 0.523 1.0
598.4 2.086 1.986 1.91 0.01 2.785 1.814 0.954 1.09 0.927 1.026 0.523 1.0
598.5 2.086 1.986 1.91 0.01 2.785 1.814 0.954 1.09 0.927 1.026 0.523 1.0
598.6 2.086 1.986 1.91 0.01 2.785 1.814 0.954 1.09 0.927 1.026 0.523 1.0
598.7 2.086 1.986 1.91 0.01 2.785 1.814 0.954 1.09 0.927 1.026 0.523 1.0
598.8 2.086 1.986 1.91 0.01 2.785 1.814 0.954 1.09 0.927 1.026 0.523 1.0
598.9 2.086 1.986 1.91 0.01 2.785 1.814 0.954 1.09 0.927 1.026 0.523 1.0
599.0 2.086 1.986 1.91 0.01 2.785 1.814 0.954 1.09 0.927 1.026 0.523 1.0
599.1 2.086 1.986 1.91 0.01 2.785 1.814 0.954 1.09 0.927 1.026 0.523 1.0
599.2 2.086 1.986 1.91 0.01 2.785 1.814 0.954 1.09 0.927 1.026 0.523 1.0
599.3 2.086 1.986 1.91 0.01 2.785 1.814 0.954 1.09 0.927 1.026 0.523 1.0
599.4 2.086 1.986 1.91 0.01 2.785 1.814 0.954 1.09 0.927 1.026 0.523 1.0
599.5 2.086 1.986 1.91 0.01 2.785 1.814 0.954 1.09 0.927 1.026 0.523 1.0
599.6 2.086 1.986 1.91 0.01 2.785 1.814 0.954 1.09 0.927 1.026 0.523 1.0
599.7 2.086 1.986 1.91 0.01 2.785 1.814 0.954 1.09 0.927 1.026 0.523 1.0
599.8 2.086 1.986 1.91 0.01 2.785 1.814 0.954 1.09 0.927 1.026 0.523 1.0
599.9 2.086 1.986 1.91 0.01 2.785 1.814 0.954 1.09 0.927 1.026 0.523 1.0
