200.0 2.086 1.986 1.91 0.01 2.785 1.814 0.011 0.011 0.008
200.1 2.086 1.986 1.91 0.01 2.785 1.814 0.013 0.013 0.007
200.2 2.086 1.986 1.91 0.01 2.785 1.814 0.014 0.014 0.005
200.3 2.086 1.986 1.91 0.01 2.785 1.814 0.015 0.015 0.004
200.4 2.086 1.986 1.91 0.01 2.785 1.814 0.016 0.016 0.004
200.5 2.086 1.986 1.91 0.01 2.785 1.814 0.016 0.017 0.003
200.6 2.086 1.986 1.91 0.01 2.785 1.814 0.017 0.017 0.003
200.7 2.086 1.986 1.91 0.01 2.785 1.814 0.017 0.018 0.002
200.8 2.086 1.986 1.91 0.01 2.785 1.814 0.018 0.018 0.002
200.9 2.086 1.986 1.91 0.01 2.785 1.814 0.018 0.018 0.002
201.0 2.086 1.986 1.91 0.01 2.785 1.814 0.018 0.018 0.001
201.1 2.086 1.986 1.91 0.01 2.785 1.814 0.018 0.019 0.001
201.2 2.086 1.986 1.91 0.01 2.785 1.814 0.018 0.019 0.001
201.3 2.086 1.986 1.91 0.01 2.785 1.814 0.018 0.019 0.001
201.4 2.086 1.986 1.91 0.01 2.785 1.814 0.019 0.019 0.001
201.5 2.086 1.986 1.91 0.01 2.785 1.814 0.019 0.019 0.001
201.6 2.086 1.986 1.91 0.01 2.785 1.814 0.019 0.019 0.001
201.7 2.086 1.986 1.91 0.01 2.785 1.814 0.019 0.019 0.001
201.8 2.086 1.986 1.91 0.01 2.785 1.814 0.019 0.02 0.001
201.9 2.086 1.986 1.91 0.01 2.785 1.814 0.019 0.02 0.001
202.0 2.086 1.986 1.91 0.01 2.785 1.814 0.019 0.02 0.001
202.1 2.086 1.986 1.91 0.01 2.785 1.814 0.019 0.02 0.001
202.2 2.086 1.986 1.91 0.01 2.785 1.814 0.019 0.02 0.001
202.3 2.086 1.986 1.91 0.01 2.785 1.814 0.019 0.02 0.001
202.4 2.086 1.986 1.91 0.01 2.785 1.814 0.019 0.02 0.001
202.5 2.086 1.986 1.91 0.01 2.785 1.814 0.019 0.02 0.001
202.6 2.086 1.986 1.91 0.01 2.785 1.814 0.019 0.02 0.001
202.7 2.086 1.986 1.91 0.01 2.785 1.814 0.019 0.02 0.001
202.8 2.086 1.986 1.91 0.01 2.785 1.814 0.019 0.02 0.001
202.9 2.086 1.986 1.91 0.01 2.785 1.814 0.019 0.02 0.001
203.0 2.086 1.986 1.91 0.01 2.785 1.814 0.019 0.02 0.001
203.1 2.086 1.986 1.91 0.01 2.785 1.814 0.019 0.02 0.001
203.2 2.086 1.986 1.91 0.01 2.785 1.814 0.019 0.02 0.001
203.3 2.086 1.986 1.91 0.01 2.785 1.814 0.019 0.021 0.001
203.4 2.086 1.986 1.91 0.01 2.785 1.814 0.019 0.021 0.001
203.5 2.086 1.986 1.91 0.01 2.785 1.814 0.019 0.021 0.001
203.6 2.086 1.986 1.91 0.01 2.785 1.814 0.019 0.021 0.001
203.7 2.086 1.986 1.91 0.01 2.785 1.814 0.019 0.021 0.001
203.8 2.086 1.986 1.91 0.01 2.785 1.814 0.019 0.021 0.001
203.9 2.086 1.986 1.91 0.01 2.785 1.814 0.019 0.021 0.001
204.0 2.086 1.986 1.91 0.01 2.785 1.814 0.019 0.021 0.001
204.1 2.086 1.986 1.91 0.01 2.785 1.814 0.019 0.021 0.001
204.2 2.086 1.986 1.91 0.01 2.785 1.814 0.019 0.021 0.001
204.3 2.086 1.986 1.91 0.01 2.785 1.814 0.019 0.021 0.001
204.4 2.086 1.986 1.91 0.01 2.785 1.814 0.019 0.021 0.001
204.5 2.086 1.986 1.91 0.01 2.785 1.814 0.019 0.021 0.001
204.6 2.086 1.986 1.91 0.01 2.785 1.814 0.019 0.021 0.001
204.7 2.086 1.986 1.91 0.01 2.785 1.814 0.019 0.021 0.001
204.8 2.086 1.986 1.91 0.01 2.785 1.814 0.019 0.021 0.001
204.9 2.086 1.986 1.91 0.01 2.785 1.814 0.019 0.021 0.001
205.0 2.086 1.986 1.91 0.01 2.785 1.814 0.019 0.021 0.001
205.1 2.086 1.986 1.91 0.01 2.785 1.814 0.019 0.021 0.001
205.2 2.086 1.986 1.91 0.01 2.785 1.814 0.019 0.022 0.001
205.3 2.086 1.986 1.91 0.01 2.785 1.814 0.019 0.022 0.001
205.4 2.086 1.986 1.91 0.01 2.785 1.814 0.019 0.022 0.001
205.5 2.086 1.986 1.91 0.01 2.785 1.814 0.019 0.022 0.001
205.6 2.086 1.986 1.91 0.01 2.785 1.814 0.019 0.022 0.001
205.7 2.086 1.986 1.91 0.01 2.785 1.814 0.019 0.022 0.001
205.8 2.086 1.986 1.91 0.01 2.785 1.814 0.019 0.022 0.001
205.9 2.086 1.986 1.91 0.01 2.785 1.814 0.019 0.022 0.001
206.0 2.086 1.986 1.91 0.01 2.785 1.814 0.019 0.022 0.001
206.1 2.086 1.986 1.91 0.01 2.785 1.814 0.019 0.022 0.001
206.2 2.086 1.986 1.91 0.01 2.785 1.814 0.019 0.022 0.001
206.3 2.086 1.986 1.91 0.01 2.785 1.814 0.019 0.022 0.001
206.4 2.086 1.986 1.91 0.01 2.785 1.814 0.019 0.022 0.001
206.5 2.086 1.986 1.91 0.01 2.785 1.814 0.019 0.022 0.001
206.6 2.086 1.986 1.91 0.01 2.785 1.814 0.019 0.022 0.001
206.7 2.086 1.986 1.91 0.01 2.785 1.814 0.019 0.022 0.001
206.8 2.086 1.986 1.91 0.01 2.785 1.814 0.019 0.022 0.001
206.9 2.086 1.986 1.91 0.01 2.785 1.814 0.019 0.022 0.001
207.0 2.086 1.986 1.91 0.01 2.785 1.814 0.019 0.023 0.001
207.1 2.086 1.986 1.91 0.01 2.785 1.814 0.019 0.023 0.001
207.2 2.086 1.986 1.91 0.01 2.785 1.814 0.019 0.023 0.001
207.3 2.086 1.986 1.91 0.01 2.785 1.814 0.019 0.023 0.001
207.4 2.086 1.986 1.91 0.01 2.785 1.814 0.019 0.023 0.001
207.5 2.086 1.986 1.91 0.01 2.785 1.814 0.019 0.023 0.001
207.6 2.086 1.986 1.91 0.01 2.785 1.814 0.019 0.023 0.001
207.7 2.086 1.986 1.91 0.01 2.785 1.814 0.019 0.023 0.001
207.8 2.086 1.986 1.91 0.01 2.785 1.814 0.019 0.023 0.001
207.9 2.086 1.986 1.91 0.01 2.785 1.814 0.019 0.023 0.001
208.0 2.086 1.986 1.91 0.01 2.785 1.814 0.019 0.023 0.001
208.1 2.086 1.986 1.91 0.01 2.785 1.814 0.019 0.023 0.001
208.2 2.086 1.986 1.91 0.01 2.785 1.814 0.019 0.023 0.001
208.3 2.086 1.986 1.91 0.01 2.785 1.814 0.019 0.023 0.001
208.4 2.086 1.986 1.91 0.01 2.785 1.814 0.019 0.023 0.001
208.5 2.086 1.986 1.91 0.01 2.785 1.814 0.019 0.023 0.001
208.6 2.086 1.986 1.91 0.01 2.785 1.814 0.019 0.023 0.001
208.7 2.086 1.986 1.91 0.01 2.785 1.814 0.019 0.023 0.001
208.8 2.086 1.986 1.91 0.01 2.785 1.814 0.019 0.023 0.001
208.9 2.086 1.986 1.91 0.01 2.785 1.814 0.019 0.024 0.001
209.0 2.086 1.986 1.91 0.01 2.785 1.814 0.019 0.024 0.001
209.1 2.086 1.986 1.91 0.01 2.785 1.814 0.019 0.024 0.001
209.2 2.086 1.986 1.91 0.01 2.785 1.814 0.019 0.024 0.001
209.3 2.086 1.986 1.91 0.01 2.785 1.814 0.019 0.024 0.001
209.4 2.086 1.986 1.91 0.01 2.785 1.814 0.019 0.024 0.001
209.5 2.086 1.986 1.91 0.01 2.785 1.814 0.019 0.024 0.001
209.6 2.086 1.986 1.91 0.01 2.785 1.814 0.019 0.024 0.001
209.7 2.086 1.986 1.91 0.01 2.785 1.814 0.019 0.024 0.001
209.8 2.086 1.986 1.91 0.01 2.785 1.814 0.019 0.024 0.001
209.9 2.086 1.986 1.91 0.01 2.785 1.814 0.019 0.024 0.001
210.0 2.086 1.986 1.91 0.01 2.785 1.814 0.019 0.024 0.001
210.1 2.086 1.986 1.91 0.01 2.785 1.814 0.019 0.024 0.001
210.2 2.086 1.986 1.91 0.01 2.785 1.814 0.019 0.024 0.001
210.3 2.086 1.986 1.91 0.01 2.785 1.814 0.019 0.024 0.001
210.4 2.086 1.986 1.91 0.01 2.785 1.814 0.019 0.024 0.001
210.5 2.086 1.986 1.91 0.01 2.785 1.814 0.019 0.024 0.001
210.6 2.086 1.986 1.91 0.01 2.785 1.814 0.019 0.024 0.001
210.7 2.086 1.986 1.91 0.01 2.785 1.814 0.019 0.024 0.001
210.8 2.086 1.986 1.91 0.01 2.785 1.814 0.019 0.025 0.001
210.9 2.086 1.986 1.91 0.01 2.785 1.814 0.019 0.025 0.001
211.0 2.086 1.986 1.91 0.01 2.785 1.814 0.019 0.025 0.001
211.1 2.086 1.986 1.91 0.01 2.785 1.814 0.019 0.025 0.001
211.2 2.086 1.986 1.91 0.01 2.785 1.814 0.019 0.025 0.001
211.3 2.086 1.986 1.91 0.01 2.785 1.814 0.019 0.025 0.001
211.4 2.086 1.986 1.91 0.01 2.785 1.814 0.019 0.025 0.001
211.5 2.086 1.986 1.91 0.01 2.785 1.814 0.019 0.025 0.001
211.6 2.086 1.986 1.91 0.01 2.785 1.814 0.019 0.025 0.001
211.7 2.086 1.986 1.91 0.01 2.785 1.814 0.019 0.025 0.001
211.8 2.086 1.986 1.91 0.01 2.785 1.814 0.019 0.025 0.001
211.9 2.086 1.986 1.91 0.01 2.785 1.814 0.019 0.025 0.001
212.0 2.086 1.986 1.91 0.01 2.785 1.814 0.019 0.025 0.001
212.1 2.086 1.986 1.91 0.01 2.785 1.814 0.019 0.025 0.001
212.2 2.086 1.986 1.91 0.01 2.785 1.814 0.019 0.025 0.001
212.3 2.086 1.986 1.91 0.01 2.785 1.814 0.019 0.025 0.001
212.4 2.086 1.986 1.91 0.01 2.785 1.814 0.019 0.025 0.001
212.5 2.086 1.986 1.91 0.01 2.785 1.814 0.019 0.025 0.001
212.6 2.086 1.986 1.91 0.01 2.785 1.814 0.019 0.026 0.001
212.7 2.086 1.986 1.91 0.01 2.785 1.814 0.019 0.026 0.001
212.8 2.086 1.986 1.91 0.01 2.785 1.814 0.019 0.026 0.001
212.9 2.086 1.986 1.91 0.01 2.785 1.814 0.019 0.026 0.001
213.0 2.086 1.986 1.91 0.01 2.785 1.814 0.019 0.026 0.001
213.1 2.086 1.986 1.91 0.01 2.785 1.814 0.019 0.026 0.001
213.2 2.086 1.986 1.91 0.01 2.785 1.814 0.019 0.026 0.001
213.3 2.086 1.986 1.91 0.01 2.785 1.814 0.019 0.026 0.001
213.4 2.086 1.986 1.91 0.01 2.785 1.814 0.019 0.026 0.001
213.5 2.086 1.986 1.91 0.01 2.785 1.814 0.019 0.026 0.001
213.6 2.086 1.986 1.91 0.01 2.785 1.814 0.019 0.026 0.001
213.7 2.086 1.986 1.91 0.01 2.785 1.814 0.019 0.026 0.001
213.8 2.086 1.986 1.91 0.01 2.785 1.814 0.019 0.026 0.001
213.9 2.086 1.986 1.91 0.01 2.785 1.814 0.019 0.026 0.001
214.0 2.086 1.986 1.91 0.01 2.785 1.814 0.019 0.026 0.001
214.1 2.086 1.986 1.91 0.01 2.785 1.814 0.019 0.026 0.001
214.2 2.086 1.986 1.91 0.01 2.785 1.814 0.019 0.026 0.001
214.3 2.086 1.986 1.91 0.01 2.785 1.814 0.019 0.026 0.001
214.4 2.086 1.986 1.91 0.01 2.785 1.814 0.019 0.026 0.001
214.5 2.086 1.986 1.91 0.01 2.785 1.814 0.019 0.027 0.001
214.6 2.086 1.986 1.91 0.01 2.785 1.814 0.019 0.027 0.001
214.7 2.086 1.986 1.91 0.01 2.785 1.814 0.019 0.027 0.001
214.8 2.086 1.986 1.91 0.01 2.785 1.814 0.019 0.027 0.001
214.9 2.086 1.986 1.91 0.01 2.785 1.814 0.019 0.027 0.001
215.0 2.086 1.986 1.91 0.01 2.785 1.814 0.019 0.027 0.001
215.1 2.086 1.986 1.91 0.01 2.785 1.814 0.019 0.027 0.001
215.2 2.086 1.986 1.91 0.01 2.785 1.814 0.019 0.027 0.001
215.3 2.086 1.986 1.91 0.01 2.785 1.814 0.019 0.027 0.001
215.4 2.086 1.986 1.91 0.01 2.785 1.814 0.019 0.027 0.001
215.5 2.086 1.986 1.91 0.01 2.785 1.814 0.019 0.027 0.001
215.6 2.086 1.986 1.91 0.01 2.785 1.814 0.019 0.027 0.001
215.7 2.086 1.986 1.91 0.01 2.785 1.814 0.019 0.027 0.001
215.8 2.086 1.986 1.91 0.01 2.785 1.814 0.019 0.027 0.001
215.9 2.086 1.986 1.91 0.01 2.785 1.814 0.019 0.027 0.001
216.0 2.086 1.986 1.91 0.01 2.785 1.814 0.019 0.027 0.001
216.1 2.086 1.986 1.91 0.01 2.785 1.814 0.019 0.027 0.001
216.2 2.086 1.986 1.91 0.01 2.785 1.814 0.019 0.027 0.001
216.3 2.086 1.986 1.91 0.01 2.785 1.814 0.019 0.027 0.001
216.4 2.086 1.986 1.91 0.01 2.785 1.814 0.019 0.028 0.001
216.5 2.086 1.986 1.91 0.01 2.785 1.814 0.019 0.028 0.001
216.6 2.086 1.986 1.91 0.01 2.785 1.814 0.019 0.028 0.001
216.7 2.086 1.986 1.91 0.01 2.785 1.814 0.019 0.028 0.001
216.8 2.086 1.986 1.91 0.01 2.785 1.814 0.019 0.028 0.001
216.9 2.086 1.986 1.91 0.01 2.785 1.814 0.019 0.028 0.001
217.0 2.086 1.986 1.91 0.01 2.785 1.814 0.019 0.028 0.001
217.1 2.086 1.986 1.91 0.01 2.785 1.814 0.019 0.028 0.001
217.2 2.086 1.986 1.91 0.01 2.785 1.814 0.019 0.028 0.001
217.3 2.086 1.986 1.91 0.01 2.785 1.814 0.019 0.028 0.001
217.4 2.086 1.986 1.91 0.01 2.785 1.814 0.019 0.028 0.001
217.5 2.086 1.986 1.91 0.01 2.785 1.814 0.019 0.028 0.001
217.6 2.086 1.986 1.91 0.01 2.785 1.814 0.019 0.028 0.001
217.7 2.086 1.986 1.91 0.01 2.785 1.814 0.019 0.028 0.001
217.8 2.086 1.986 1.91 0.01 2.785 1.814 0.019 0.028 0.001
217.9 2.086 1.986 1.91 0.01 2.785 1.814 0.019 0.028 0.001
218.0 2.086 1.986 1.91 0.01 2.785 1.814 0.019 0.028 0.001
218.1 2.086 1.986 1.91 0.01 2.785 1.814 0.019 0.028 0.001
218.2 2.086 1.986 1.91 0.01 2.785 1.814 0.019 0.028 0.001
218.3 2.086 1.986 1.91 0.01 2.785 1.814 0.019 0.029 0.001
218.4 2.086 1.986 1.91 0.01 2.785 1.814 0.019 0.029 0.001
218.5 2.086 1.986 1.91 0.01 2.785 1.814 0.019 0.029 0.001
218.6 2.086 1.986 1.91 0.01 2.785 1.814 0.019 0.029 0.001
218.7 2.086 1.986 1.91 0.01 2.785 1.814 0.019 0.029 0.001
218.8 2.086 1.986 1.91 0.01 2.785 1.814 0.019 0.029 0.001
218.9 2.086 1.986 1.91 0.01 2.785 1.814 0.019 0.029 0.001
219.0 2.086 1.986 1.91 0.01 2.785 1.814 0.019 0.029 0.001
219.1 2.086 1.986 1.91 0.01 2.785 1.814 0.019 0.029 0.001
219.2 2.086 1.986 1.91 0.01 2.785 1.814 0.019 0.029 0.001
219.3 2.086 1.986 1.91 0.01 2.785 1.814 0.019 0.029 0.001
219.4 2.086 1.986 1.91 0.01 2.785 1.814 0.019 0.029 0.001
219.5 2.086 1.986 1.91 0.01 2.785 1.814 0.019 0.029 0.001
219.6 2.086 1.986 1.91 0.01 2.785 1.814 0.019 0.029 0.001
219.7 2.086 1.986 1.91 0.01 2.785 1.814 0.019 0.029 0.001
219.8 2.086 1.986 1.91 0.01 2.785 1.814 0.019 0.029 0.001
219.9 2.086 1.986 1.91 0.01 2.785 1.814 0.019 0.029 0.001
220.0 2.086 1.986 1.91 0.01 2.785 1.814 0.019 0.029 0.001
220.1 2.086 1.986 1.91 0.01 2.785 1.814 0.019 0.03 0.001
220.2 2.086 1.986 1.91 0.01 2.785 1.814 0.019 0.03 0.001
220.3 2.086 1.986 1.91 0.01 2.785 1.814 0.019 0.03 0.001
220.4 2.086 1.986 1.91 0.01 2.785 1.814 0.019 0.03 0.001
220.5 2.086 1.986 1.91 0.01 2.785 1.814 0.019 0.03 0.001
220.6 2.086 1.986 1.91 0.01 2.785 1.814 0.019 0.03 0.001
220.7 2.086 1.986 1.91 0.01 2.785 1.814 0.019 0.03 0.001
220.8 2.086 1.986 1.91 0.01 2.785 1.814 0.019 0.03 0.001
220.9 2.086 1.986 1.91 0.01 2.785 1.814 0.019 0.03 0.001
221.0 2.086 1.986 1.91 0.01 2.785 1.814 0.019 0.03 0.001
221.1 2.086 1.986 1.91 0.01 2.785 1.814 0.019 0.03 0.001
221.2 2.086 1.986 1.91 0.01 2.785 1.814 0.019 0.03 0.001
221.3 2.086 1.986 1.91 0.01 2.785 1.814 0.019 0.03 0.001
221.4 2.086 1.986 1.91 0.01 2.785 1.814 0.019 0.03 0.001
221.5 2.086 1.986 1.91 0.01 2.785 1.814 0.019 0.03 0.001
221.6 2.086 1.986 1.91 0.01 2.785 1.814 0.019 0.03 0.001
221.7 2.086 1.986 1.91 0.01 2.785 1.814 0.019 0.03 0.001
221.8 2.086 1.986 1.91 0.01 2.785 1.814 0.019 0.03 0.001
221.9 2.086 1.986 1.91 0.01 2.785 1.814 0.019 0.03 0.001
222.0 2.086 1.986 1.91 0.01 2.785 1.814 0.019 0.031 0.001
222.1 2.086 1.986 1.91 0.01 2.785 1.814 0.019 0.031 0.001
222.2 2.086 1.986 1.91 0.01 2.785 1.814 0.019 0.031 0.001
222.3 2.086 1.986 1.91 0.01 2.785 1.814 0.019 0.031 0.001
222.4 2.086 1.986 1.91 0.01 2.785 1.814 0.019 0.031 0.001
222.5 2.086 1.986 1.91 0.01 2.785 1.814 0.019 0.031 0.001
222.6 2.086 1.986 1.91 0.01 2.785 1.814 0.019 0.031 0.001
222.7 2.086 1.986 1.91 0.01 2.785 1.814 0.019 0.031 0.001
222.8 2.086 1.986 1.91 0.01 2.785 1.814 0.019 0.031 0.001
222.9 2.086 1.986 1.91 0.01 2.785 1.814 0.019 0.031 0.001
223.0 2.086 1.986 1.91 0.01 2.785 1.814 0.019 0.031 0.001
223.1 2.086 1.986 1.91 0.01 2.785 1.814 0.019 0.031 0.001
223.2 2.086 1.986 1.91 0.01 2.785 1.814 0.019 0.031 0.001
223.3 2.086 1.986 1.91 0.01 2.785 1.814 0.019 0.031 0.001
223.4 2.086 1.986 1.91 0.01 2.785 1.814 0.019 0.031 0.001
223.5 2.086 1.986 1.91 0.01 2.785 1.814 0.019 0.031 0.001
223.6 2.086 1.986 1.91 0.01 2.785 1.814 0.019 0.031 0.001
223.7 2.086 1.986 1.91 0.01 2.785 1.814 0.019 0.031 0.001
223.8 2.086 1.986 1.91 0.01 2.785 1.814 0.019 0.031 0.001
223.9 2.086 1.986 1.91 0.01 2.785 1.814 0.019 0.032 0.001
224.0 2.086 1.986 1.91 0.01 2.785 1.814 0.019 0.032 0.001
224.1 2.086 1.986 1.91 0.01 2.785 1.814 0.019 0.032 0.001
224.2 2.086 1.986 1.91 0.01 2.785 1.814 0.019 0.032 0.001
224.3 2.086 1.986 1.91 0.01 2.785 1.814 0.019 0.032 0.001
224.4 2.086 1.986 1.91 0.01 2.785 1.814 0.019 0.032 0.001
224.5 2.086 1.986 1.91 0.01 2.785 1.814 0.019 0.032 0.001
224.6 2.086 1.986 1.91 0.01 2.785 1.814 0.019 0.032 0.001
224.7 2.086 1.986 1.91 0.01 2.785 1.814 0.019 0.032 0.001
224.8 2.086 1.986 1.91 0.01 2.785 1.814 0.019 0.032 0.001
224.9 2.086 1.986 1.91 0.01 2.785 1.814 0.019 0.032 0.001
225.0 2.086 1.986 1.91 0.01 2.785 1.814 0.019 0.032 0.001
225.1 2.086 1.986 1.91 0.01 2.785 1.814 0.019 0.032 0.001
225.2 2.086 1.986 1.91 0.01 2.785 1.814 0.019 0.032 0.001
225.3 2.086 1.986 1.91 0.01 2.785 1.814 0.019 0.032 0.001
225.4 2.086 1.986 1.91 0.01 2.785 1.814 0.019 0.032 0.001
225.5 2.086 1.986 1.91 0.01 2.785 1.814 0.019 0.032 0.001
225.6 2.086 1.986 1.91 0.01 2.785 1.814 0.019 0.032 0.001
225.7 2.086 1.986 1.91 0.01 2.785 1.814 0.019 0.032 0.001
225.8 2.086 1.986 1.91 0.01 2.785 1.814 0.019 0.033 0.001
225.9 2.086 1.986 1.91 0.01 2.785 1.814 0.019 0.033 0.001
226.0 2.086 1.986 1.91 0.01 2.785 1.814 0.019 0.033 0.001
226.1 2.086 1.986 1.91 0.01 2.785 1.814 0.019 0.033 0.001
226.2 2.086 1.986 1.91 0.01 2.785 1.814 0.019 0.033 0.001
226.3 2.086 1.986 1.91 0.01 2.785 1.814 0.019 0.033 0.001
226.4 2.086 1.986 1.91 0.01 2.785 1.814 0.019 0.033 0.001
226.5 2.086 1.986 1.91 0.01 2.785 1.814 0.019 0.033 0.001
226.6 2.086 1.986 1.91 0.01 2.785 1.814 0.019 0.033 0.001
226.7 2.086 1.986 1.91 0.01 2.785 1.814 0.019 0.033 0.001
226.8 2.086 1.986 1.91 0.01 2.785 1.814 0.019 0.033 0.001
226.9 2.086 1.986 1.91 0.01 2.785 1.814 0.019 0.033 0.001
227.0 2.086 1.986 1.91 0.01 2.785 1.814 0.019 0.033 0.001
227.1 2.086 1.986 1.91 0.01 2.785 1.814 0.019 0.033 0.001
227.2 2.086 1.986 1.91 0.01 2.785 1.814 0.019 0.033 0.001
227.3 2.086 1.986 1.91 0.01 2.785 1.814 0.019 0.033 0.001
227.4 2.086 1.986 1.91 0.01 2.785 1.814 0.019 0.033 0.001
227.5 2.086 1.986 1.91 0.01 2.785 1.814 0.019 0.033 0.001
227.6 2.086 1.986 1.91 0.01 2.785 1.814 0.019 0.033 0.001
227.7 2.086 1.986 1.91 0.01 2.785 1.814 0.019 0.034 0.001
227.8 2.086 1.986 1.91 0.01 2.785 1.814 0.019 0.034 0.001
227.9 2.086 1.986 1.91 0.01 2.785 1.814 0.019 0.034 0.001
228.0 2.086 1.986 1.91 0.01 2.785 1.814 0.019 0.034 0.001
228.1 2.086 1.986 1.91 0.01 2.785 1.814 0.019 0.034 0.001
228.2 2.086 1.986 1.91 0.01 2.785 1.814 0.019 0.034 0.001
228.3 2.086 1.986 1.91 0.01 2.785 1.814 0.019 0.034 0.001
228.4 2.086 1.986 1.91 0.01 2.785 1.814 0.019 0.034 0.001
228.5 2.086 1.986 1.91 0.01 2.785 1.814 0.019 0.034 0.001
228.6 2.086 1.986 1.91 0.01 2.785 1.814 0.019 0.034 0.001
228.7 2.086 1.986 1.91 0.01 2.785 1.814 0.019 0.034 0.001
228.8 2.086 1.986 1.91 0.01 2.785 1.814 0.019 0.034 0.001
228.9 2.086 1.986 1.91 0.01 2.785 1.814 0.019 0.034 0.001
229.0 2.086 1.986 1.91 0.01 2.785 1.814 0.019 0.034 0.001
229.1 2.086 1.986 1.91 0.01 2.785 1.814 0.019 0.034 0.001
229.2 2.086 1.986 1.91 0.01 2.785 1.814 0.019 0.034 0.001
229.3 2.086 1.986 1.91 0.01 2.785 1.814 0.019 0.034 0.001
229.4 2.086 1.986 1.91 0.01 2.785 1.814 0.019 0.034 0.001
229.5 2.086 1.986 1.91 0.01 2.785 1.814 0.019 0.034 0.001
229.6 2.086 1.986 1.91 0.01 2.785 1.814 0.019 0.035 0.001
229.7 2.086 1.986 1.91 0.01 2.785 1.814 0.019 0.035 0.001
229.8 2.086 1.986 1.91 0.01 2.785 1.814 0.019 0.035 0.001
229.9 2.086 1.986 1.91 0.01 2.785 1.814 0.019 0.035 0.001
230.0 2.086 1.986 1.91 0.01 2.785 1.814 0.019 0.035 0.001
230.1 2.086 1.986 1.91 0.01 2.785 1.814 0.019 0.035 0.001
230.2 2.086 1.986 1.91 0.01 2.785 1.814 0.019 0.035 0.001
230.3 2.086 1.986 1.91 0.01 2.785 1.814 0.019 0.035 0.001
230.4 2.086 1.986 1.91 0.01 2.785 1.814 0.019 0.035 0.001
230.5 2.086 1.986 1.91 0.01 2.785 1.814 0.019 0.035 0.001
230.6 2.086 1.986 1.91 0.01 2.785 1.814 0.019 0.035 0.001
230.7 2.086 1.986 1.91 0.01 2.785 1.814 0.019 0.035 0.001
230.8 2.086 1.986 1.91 0.01 2.785 1.814 0.019 0.035 0.001
230.9 2.086 1.986 1.91 0.01 2.785 1.814 0.019 0.035 0.001
231.0 2.086 1.986 1.91 0.01 2.785 1.814 0.019 0.035 0.001
231.1 2.086 1.986 1.91 0.01 2.785 1.814 0.019 0.035 0.001
231.2 2.086 1.986 1.91 0.01 2.785 1.814 0.019 0.035 0.001
231.3 2.086 1.986 1.91 0.01 2.785 1.814 0.019 0.035 0.001
231.4 2.086 1.986 1.91 0.01 2.785 1.814 0.019 0.035 0.001
231.5 2.086 1.986 1.91 0.01 2.785 1.814 0.019 0.036 0.001
231.6 2.086 1.986 1.91 0.01 2.785 1.814 0.019 0.036 0.001
231.7 2.086 1.986 1.91 0.01 2.785 1.814 0.019 0.036 0.001
231.8 2.086 1.986 1.91 0.01 2.785 1.814 0.019 0.036 0.001
231.9 2.086 1.986 1.91 0.01 2.785 1.814 0.019 0.036 0.001
232.0 2.086 1.986 1.91 0.01 2.785 1.814 0.019 0.036 0.001
232.1 2.086 1.986 1.91 0.01 2.785 1.814 0.019 0.036 0.001
232.2 2.086 1.986 1.91 0.01 2.785 1.814 0.019 0.036 0.001
232.3 2.086 1.986 1.91 0.01 2.785 1.814 0.019 0.036 0.001
232.4 2.086 1.986 1.91 0.01 2.785 1.814 0.019 0.036 0.001
232.5 2.086 1.986 1.91 0.01 2.785 1.814 0.019 0.036 0.001
232.6 2.086 1.986 1.91 0.01 2.785 1.814 0.019 0.036 0.001
232.7 2.086 1.986 1.91 0.01 2.785 1.814 0.019 0.036 0.001
232.8 2.086 1.986 1.91 0.01 2.785 1.814 0.019 0.036 0.001
232.9 2.086 1.986 1.91 0.01 2.785 1.814 0.019 0.036 0.001
233.0 2.086 1.986 1.91 0.01 2.785 1.814 0.019 0.036 0.001
233.1 2.086 1.986 1.91 0.01 2.785 1.814 0.019 0.036 0.001
233.2 2.086 1.986 1.91 0.01 2.785 1.814 0.019 0.036 0.001
233.3 2.086 1.986 1.91 0.01 2.785 1.814 0.019 0.036 0.001
233.4 2.086 1.986 1.91 0.01 2.785 1.814 0.019 0.037 0.001
233.5 2.086 1.986 1.91 0.01 2.785 1.814 0.019 0.037 0.001
233.6 2.086 1.986 1.91 0.01 2.785 1.814 0.019 0.037 0.001
233.7 2.086 1.986 1.91 0.01 2.785 1.814 0.019 0.037 0.001
233.8 2.086 1.986 1.91 0.01 2.785 1.814 0.019 0.037 0.001
233.9 2.086 1.986 1.91 0.01 2.785 1.814 0.019 0.037 0.001
234.0 2.086 1.986 1.91 0.01 2.785 1.814 0.019 0.037 0.001
234.1 2.086 1.986 1.91 0.01 2.785 1.814 0.019 0.037 0.001
234.2 2.086 1.986 1.91 0.01 2.785 1.814 0.019 0.037 0.001
234.3 2.086 1.986 1.91 0.01 2.785 1.814 0.019 0.037 0.001
234.4 2.086 1.986 1.91 0.01 2.785 1.814 0.019 0.037 0.001
234.5 2.086 1.986 1.91 0.01 2.785 1.814 0.019 0.037 0.001
234.6 2.086 1.986 1.91 0.01 2.785 1.814 0.019 0.037 0.001
234.7 2.086 1.986 1.91 0.01 2.785 1.814 0.019 0.037 0.001
234.8 2.086 1.986 1.91 0.01 2.785 1.814 0.019 0.037 0.001
234.9 2.086 1.986 1.91 0.01 2.785 1.814 0.019 0.037 0.001
235.0 2.086 1.986 1.91 0.01 2.785 1.814 0.019 0.037 0.001
235.1 2.086 1.986 1.91 0.01 2.785 1.814 0.019 0.037 0.001
235.2 2.086 1.986 1.91 0.01 2.785 1.814 0.019 0.037 0.001
235.3 2.086 1.986 1.91 0.01 2.785 1.814 0.019 0.038 0.001
235.4 2.086 1.986 1.91 0.01 2.785 1.814 0.019 0.038 0.001
235.5 2.086 1.986 1.91 0.01 2.785 1.814 0.019 0.038 0.001
235.6 2.086 1.986 1.91 0.01 2.785 1.814 0.019 0.038 0.001
235.7 2.086 1.986 1.91 0.01 2.785 1.814 0.019 0.038 0.001
235.8 2.086 1.986 1.91 0.01 2.785 1.814 0.019 0.038 0.001
235.9 2.086 1.986 1.91 0.01 2.785 1.814 0.019 0.038 0.001
236.0 2.086 1.986 1.91 0.01 2.785 1.814 0.019 0.038 0.001
236.1 2.086 1.986 1.91 0.01 2.785 1.814 0.019 0.038 0.001
236.2 2.086 1.986 1.91 0.01 2.785 1.814 0.019 0.038 0.001
236.3 2.086 1.986 1.91 0.01 2.785 1.814 0.019 0.038 0.001
236.4 2.086 1.986 1.91 0.01 2.785 1.814 0.019 0.038 0.001
236.5 2.086 1.986 1.91 0.01 2.785 1.814 0.019 0.038 0.001
236.6 2.086 1.986 1.91 0.01 2.785 1.814 0.019 0.038 0.001
236.7 2.086 1.986 1.91 0.01 2.785 1.814 0.019 0.038 0.001
236.8 2.086 1.986 1.91 0.01 2.785 1.814 0.019 0.038 0.001
236.9 2.086 1.986 1.91 0.01 2.785 1.814 0.019 0.038 0.001
237.0 2.086 1.986 1.91 0.01 2.785 1.814 0.019 0.038 0.001
237.1 2.086 1.986 1.91 0.01 2.785 1.814 0.019 0.038 0.001
237.2 2.086 1.986 1.91 0.01 2.785 1.814 0.019 0.039 0.001
237.3 2.086 1.986 1.91 0.01 2.785 1.814 0.019 0.039 0.001
237.4 2.086 1.986 1.91 0.01 2.785 1.814 0.019 0.039 0.001
237.5 2.086 1.986 1.91 0.01 2.785 1.814 0.019 0.039 0.001
237.6 2.086 1.986 1.91 0.01 2.785 1.814 0.019 0.039 0.001
237.7 2.086 1.986 1.91 0.01 2.785 1.814 0.019 0.039 0.001
237.8 2.086 1.986 1.91 0.01 2.785 1.814 0.019 0.039 0.001
237.9 2.086 1.986 1.91 0.01 2.785 1.814 0.019 0.039 0.001
238.0 2.086 1.986 1.91 0.01 2.785 1.814 0.019 0.039 0.001
238.1 2.086 1.986 1.91 0.01 2.785 1.814 0.019 0.039 0.001
238.2 2.086 1.986 1.91 0.01 2.785 1.814 0.019 0.039 0.001
238.3 2.086 1.986 1.91 0.01 2.785 1.814 0.019 0.039 0.001
238.4 2.086 1.986 1.91 0.01 2.785 1.814 0.019 0.039 0.001
238.5 2.086 1.986 1.91 0.01 2.785 1.814 0.019 0.039 0.001
238.6 2.086 1.986 1.91 0.01 2.785 1.814 0.019 0.039 0.001
238.7 2.086 1.986 1.91 0.01 2.785 1.814 0.019 0.039 0.001
238.8 2.086 1.986 1.91 0.01 2.785 1.814 0.019 0.039 0.001
238.9 2.086 1.986 1.91 0.01 2.785 1.814 0.019 0.039 0.001
239.0 2.086 1.986 1.91 0.01 2.785 1.814 0.019 0.039 0.001
239.1 2.086 1.986 1.91 0.01 2.785 1.814 0.019 0.04 0.001
239.2 2.086 1.986 1.91 0.01 2.785 1.814 0.019 0.04 0.001
239.3 2.086 1.986 1.91 0.01 2.785 1.814 0.019 0.04 0.001
239.4 2.086 1.986 1.91 0.01 2.785 1.814 0.019 0.04 0.001
239.5 2.086 1.986 1.91 0.01 2.785 1.814 0.019 0.04 0.001
239.6 2.086 1.986 1.91 0.01 2.785 1.814 0.019 0.04 0.001
239.7 2.086 1.986 1.91 0.01 2.785 1.814 0.019 0.04 0.001
239.8 2.086 1.986 1.91 0.01 2.785 1.814 0.019 0.04 0.001
239.9 2.086 1.986 1.91 0.01 2.785 1.814 0.019 0.04 0.001
240.0 2.086 1.986 1.91 0.01 2.785 1.814 0.019 0.04 0.001
240.1 2.086 1.986 1.91 0.01 2.785 1.814 0.019 0.04 0.001
240.2 2.086 1.986 1.91 0.01 2.785 1.814 0.019 0.04 0.001
240.3 2.086 1.986 1.91 0.01 2.785 1.814 0.019 0.04 0.001
240.4 2.086 1.986 1.91 0.01 2.785 1.814 0.019 0.04 0.001
240.5 2.086 1.986 1.91 0.01 2.785 1.814 0.019 0.04 0.001
240.6 2.086 1.986 1.91 0.01 2.785 1.814 0.019 0.04 0.001
240.7 2.086 1.986 1.91 0.01 2.785 1.814 0.019 0.04 0.001
240.8 2.086 1.986 1.91 0.01 2.785 1.814 0.019 0.04 0.001
240.9 2.086 1.986 1.91 0.01 2.785 1.814 0.019 0.04 0.001
241.0 2.086 1.986 1.91 0.01 2.785 1.814 0.019 0.041 0.001
241.1 2.086 1.986 1.91 0.01 2.785 1.814 0.019 0.041 0.001
241.2 2.086 1.986 1.91 0.01 2.785 1.814 0.019 0.041 0.001
241.3 2.086 1.986 1.91 0.01 2.785 1.814 0.019 0.041 0.001
241.4 2.086 1.986 1.91 0.01 2.785 1.814 0.019 0.041 0.001
241.5 2.086 1.986 1.91 0.01 2.785 1.814 0.019 0.041 0.001
241.6 2.086 1.986 1.91 0.01 2.785 1.814 0.019 0.041 0.001
241.7 2.086 1.986 1.91 0.01 2.785 1.814 0.019 0.041 0.001
241.8 2.086 1.986 1.91 0.01 2.785 1.814 0.019 0.041 0.001
241.9 2.086 1.986 1.91 0.01 2.785 1.814 0.019 0.041 0.001
242.0 2.086 1.986 1.91 0.01 2.785 1.814 0.019 0.041 0.001
242.1 2.086 1.986 1.91 0.01 2.785 1.814 0.019 0.041 0.001
242.2 2.086 1.986 1.91 0.01 2.785 1.814 0.019 0.041 0.001
242.3 2.086 1.986 1.91 0.01 2.785 1.814 0.019 0.041 0.001
242.4 2.086 1.986 1.91 0.01 2.785 1.814 0.019 0.041 0.001
242.5 2.086 1.986 1.91 0.01 2.785 1.814 0.019 0.041 0.001
242.6 2.086 1.986 1.91 0.01 2.785 1.814 0.019 0.041 0.001
242.7 2.086 1.986 1.91 0.01 2.785 1.814 0.019 0.041 0.001
242.8 2.086 1.986 1.91 0.01 2.785 1.814 0.019 0.041 0.001
242.9 2.086 1.986 1.91 0.01 2.785 1.814 0.019 0.041 0.001
243.0 2.086 1.986 1.91 0.01 2.785 1.814 0.019 0.042 0.001
243.1 2.086 1.986 1.91 0.01 2.785 1.814 0.019 0.042 0.001
243.2 2.086 1.986 1.91 0.01 2.785 1.814 0.019 0.042 0.001
243.3 2.086 1.986 1.91 0.01 2.785 1.814 0.019 0.042 0.001
243.4 2.086 1.986 1.91 0.01 2.785 1.814 0.019 0.042 0.001
243.5 2.086 1.986 1.91 0.01 2.785 1.814 0.019 0.042 0.001
243.6 2.086 1.986 1.91 0.01 2.785 1.814 0.019 0.042 0.001
243.7 2.086 1.986 1.91 0.01 2.785 1.814 0.019 0.042 0.001
243.8 2.086 1.986 1.91 0.01 2.785 1.814 0.019 0.042 0.001
243.9 2.086 1.986 1.91 0.01 2.785 1.814 0.019 0.042 0.001
244.0 2.086 1.986 1.91 0.01 2.785 1.814 0.019 0.042 0.001
244.1 2.086 1.986 1.91 0.01 2.785 1.814 0.019 0.042 0.001
244.2 2.086 1.986 1.91 0.01 2.785 1.814 0.019 0.042 0.001
244.3 2.086 1.986 1.91 0.01 2.785 1.814 0.019 0.042 0.001
244.4 2.086 1.986 1.91 0.01 2.785 1.814 0.019 0.042 0.001
244.5 2.086 1.986 1.91 0.01 2.785 1.814 0.019 0.042 0.001
244.6 2.086 1.986 1.91 0.01 2.785 1.814 0.019 0.042 0.001
244.7 2.086 1.986 1.91 0.01 2.785 1.814 0.019 0.042 0.001
244.8 2.086 1.986 1.91 0.01 2.785 1.814 0.019 0.042 0.001
244.9 2.086 1.986 1.91 0.01 2.785 1.814 0.019 0.043 0.001
245.0 2.086 1.986 1.91 0.01 2.785 1.814 0.019 0.043 0.001
245.1 2.086 1.986 1.91 0.01 2.785 1.814 0.019 0.043 0.001
245.2 2.086 1.986 1.91 0.01 2.785 1.814 0.019 0.043 0.001
245.3 2.086 1.986 1.91 0.01 2.785 1.814 0.019 0.043 0.001
245.4 2.086 1.986 1.91 0.01 2.785 1.814 0.019 0.043 0.001
245.5 2.086 1.986 1.91 0.01 2.785 1.814 0.019 0.043 0.001
245.6 2.086 1.986 1.91 0.01 2.785 1.814 0.019 0.043 0.001
245.7 2.086 1.986 1.91 0.01 2.785 1.814 0.019 0.043 0.001
245.8 2.086 1.986 1.91 0.01 2.785 1.814 0.019 0.043 0.001
245.9 2.086 1.986 1.91 0.01 2.785 1.814 0.019 0.043 0.001
246.0 2.086 1.986 1.91 0.01 2.785 1.814 0.019 0.043 0.001
246.1 2.086 1.986 1.91 0.01 2.785 1.814 0.019 0.043 0.001
246.2 2.086 1.986 1.91 0.01 2.785 1.814 0.019 0.043 0.001
246.3 2.086 1.986 1.91 0.01 2.785 1.814 0.019 0.043 0.001
246.4 2.086 1.986 1.91 0.01 2.785 1.814 0.019 0.043 0.001
246.5 2.086 1.986 1.91 0.01 2.785 1.814 0.019 0.043 0.001
246.6 2.086 1.986 1.91 0.01 2.785 1.814 0.019 0.043 0.001
246.7 2.086 1.986 1.91 0.01 2.785 1.814 0.019 0.043 0.001
246.8 2.086 1.986 1.91 0.01 2.785 1.814 0.019 0.044 0.001
246.9 2.086 1.986 1.91 0.01 2.785 1.814 0.019 0.044 0.001
247.0 2.086 1.986 1.91 0.01 2.785 1.814 0.019 0.044 0.001
247.1 2.086 1.986 1.91 0.01 2.785 1.814 0.019 0.044 0.001
247.2 2.086 1.986 1.91 0.01 2.785 1.814 0.019 0.044 0.001
247.3 2.086 1.986 1.91 0.01 2.785 1.814 0.019 0.044 0.001
247.4 2.086 1.986 1.91 0.01 2.785 1.814 0.019 0.044 0.001
247.5 2.086 1.986 1.91 0.01 2.785 1.814 0.019 0.044 0.001
247.6 2.086 1.986 1.91 0.01 2.785 1.814 0.019 0.044 0.001
247.7 2.086 1.986 1.91 0.01 2.785 1.814 0.019 0.044 0.001
247.8 2.086 1.986 1.91 0.01 2.785 1.814 0.019 0.044 0.001
247.9 2.086 1.986 1.91 0.01 2.785 1.814 0.019 0.044 0.001
248.0 2.086 1.986 1.91 0.01 2.785 1.814 0.019 0.044 0.001
248.1 2.086 1.986 1.91 0.01 2.785 1.814 0.019 0.044 0.001
248.2 2.086 1.986 1.91 0.01 2.785 1.814 0.019 0.044 0.001
248.3 2.086 1.986 1.91 0.01 2.785 1.814 0.019 0.044 0.001
248.4 2.086 1.986 1.91 0.01 2.785 1.814 0.018 0.044 0.001
248.5 2.086 1.986 1.91 0.01 2.785 1.814 0.018 0.044 0.001
248.6 2.086 1.986 1.91 0.01 2.785 1.814 0.018 0.044 0.001
248.7 2.086 1.986 1.91 0.01 2.785 1.814 0.018 0.045 0.001
248.8 2.086 1.986 1.91 0.01 2.785 1.814 0.018 0.045 0.001
248.9 2.086 1.986 1.91 0.01 2.785 1.814 0.018 0.045 0.001
249.0 2.086 1.986 1.91 0.01 2.785 1.814 0.018 0.045 0.001
249.1 2.086 1.986 1.91 0.01 2.785 1.814 0.018 0.045 0.001
249.2 2.086 1.986 1.91 0.01 2.785 1.814 0.018 0.045 0.001
249.3 2.086 1.986 1.91 0.01 2.785 1.814 0.018 0.045 0.001
249.4 2.086 1.986 1.91 0.01 2.785 1.814 0.018 0.045 0.001
249.5 2.086 1.986 1.91 0.01 2.785 1.814 0.018 0.045 0.001
249.6 2.086 1.986 1.91 0.01 2.785 1.814 0.018 0.045 0.001
249.7 2.086 1.986 1.91 0.01 2.785 1.814 0.018 0.045 0.001
249.8 2.086 1.986 1.91 0.01 2.785 1.814 0.018 0.045 0.001
249.9 2.086 1.986 1.91 0.01 2.785 1.814 0.018 0.045 0.001
250.0 2.086 1.986 1.91 0.01 2.785 1.814 0.018 0.045 0.001
250.1 2.086 1.986 1.91 0.01 2.785 1.814 0.018 0.045 0.001
250.2 2.086 1.986 1.91 0.01 2.785 1.814 0.018 0.045 0.001
250.3 2.086 1.986 1.91 0.01 2.785 1.814 0.018 0.045 0.001
250.4 2.086 1.986 1.91 0.01 2.785 1.814 0.018 0.045 0.001
250.5 2.086 1.986 1.91 0.01 2.785 1.814 0.018 0.045 0.001
250.6 2.086 1.986 1.91 0.01 2.785 1.814 0.018 0.045 0.001
250.7 2.086 1.986 1.91 0.01 2.785 1.814 0.018 0.046 0.001
250.8 2.086 1.986 1.91 0.01 2.785 1.814 0.018 0.046 0.001
250.9 2.086 1.986 1.91 0.01 2.785 1.814 0.018 0.046 0.001
251.0 2.086 1.986 1.91 0.01 2.785 1.814 0.018 0.046 0.001
251.1 2.086 1.986 1.91 0.01 2.785 1.814 0.018 0.046 0.001
251.2 2.086 1.986 1.91 0.01 2.785 1.814 0.018 0.046 0.001
251.3 2.086 1.986 1.91 0.01 2.785 1.814 0.018 0.046 0.001
251.4 2.086 1.986 1.91 0.01 2.785 1.814 0.018 0.046 0.001
251.5 2.086 1.986 1.91 0.01 2.785 1.814 0.018 0.046 0.001
251.6 2.086 1.986 1.91 0.01 2.785 1.814 0.018 0.046 0.001
251.7 2.086 1.986 1.91 0.01 2.785 1.814 0.018 0.046 0.001
251.8 2.086 1.986 1.91 0.01 2.785 1.814 0.018 0.046 0.001
251.9 2.086 1.986 1.91 0.01 2.785 1.814 0.018 0.046 0.001
252.0 2.086 1.986 1.91 0.01 2.785 1.814 0.018 0.046 0.001
252.1 2.086 1.986 1.91 0.01 2.785 1.814 0.018 0.046 0.001
252.2 2.086 1.986 1.91 0.01 2.785 1.814 0.018 0.046 0.001
252.3 2.086 1.986 1.91 0.01 2.785 1.814 0.018 0.046 0.001
252.4 2.086 1.986 1.91 0.01 2.785 1.814 0.018 0.046 0.001
252.5 2.086 1.986 1.91 0.01 2.785 1.814 0.018 0.046 0.001
252.6 2.086 1.986 1.91 0.01 2.785 1.814 0.018 0.047 0.001
252.7 2.086 1.986 1.91 0.01 2.785 1.814 0.018 0.047 0.001
252.8 2.086 1.986 1.91 0.01 2.785 1.814 0.018 0.047 0.001
252.9 2.086 1.986 1.91 0.01 2.785 1.814 0.018 0.047 0.001
253.0 2.086 1.986 1.91 0.01 2.785 1.814 0.018 0.047 0.001
253.1 2.086 1.986 1.91 0.01 2.785 1.814 0.018 0.047 0.001
253.2 2.086 1.986 1.91 0.01 2.785 1.814 0.018 0.047 0.001
253.3 2.086 1.986 1.91 0.01 2.785 1.814 0.018 0.047 0.001
253.4 2.086 1.986 1.91 0.01 2.785 1.814 0.018 0.047 0.001
253.5 2.086 1.986 1.91 0.01 2.785 1.814 0.018 0.047 0.001
253.6 2.086 1.986 1.91 0.01 2.785 1.814 0.018 0.047 0.001
253.7 2.086 1.986 1.91 0.01 2.785 1.814 0.018 0.047 0.001
253.8 2.086 1.986 1.91 0.01 2.785 1.814 0.018 0.047 0.001
253.9 2.086 1.986 1.91 0.01 2.785 1.814 0.018 0.047 0.001
254.0 2.086 1.986 1.91 0.01 2.785 1.814 0.018 0.047 0.001
254.1 2.086 1.986 1.91 0.01 2.785 1.814 0.018 0.047 0.001
254.2 2.086 1.986 1.91 0.01 2.785 1.814 0.018 0.047 0.001
254.3 2.086 1.986 1.91 0.01 2.785 1.814 0.018 0.047 0.001
254.4 2.086 1.986 1.91 0.01 2.785 1.814 0.018 0.047 0.001
254.5 2.086 1.986 1.91 0.01 2.785 1.814 0.018 0.047 0.001
254.6 2.086 1.986 1.91 0.01 2.785 1.814 0.018 0.048 0.001
254.7 2.086 1.986 1.91 0.01 2.785 1.814 0.018 0.048 0.001
254.8 2.086 1.986 1.91 0.01 2.785 1.814 0.018 0.048 0.001
254.9 2.086 1.986 1.91 0.01 2.785 1.814 0.018 0.048 0.001
255.0 2.086 1.986 1.91 0.01 2.785 1.814 0.018 0.048 0.001
255.1 2.086 1.986 1.91 0.01 2.785 1.814 0.018 0.048 0.001
255.2 2.086 1.986 1.91 0.01 2.785 1.814 0.018 0.048 0.001
255.3 2.086 1.986 1.91 0.01 2.785 1.814 0.018 0.048 0.001
255.4 2.086 1.986 1.91 0.01 2.785 1.814 0.018 0.048 0.001
255.5 2.086 1.986 1.91 0.01 2.785 1.814 0.018 0.048 0.001
255.6 2.086 1.986 1.91 0.01 2.785 1.814 0.018 0.048 0.001
255.7 2.086 1.986 1.91 0.01 2.785 1.814 0.018 0.048 0.001
255.8 2.086 1.986 1.91 0.01 2.785 1.814 0.018 0.048 0.001
255.9 2.086 1.986 1.91 0.01 2.785 1.814 0.018 0.048 0.001
256.0 2.086 1.986 1.91 0.01 2.785 1.814 0.018 0.048 0.001
256.1 2.086 1.986 1.91 0.01 2.785 1.814 0.018 0.048 0.001
256.2 2.086 1.986 1.91 0.01 2.785 1.814 0.018 0.048 0.001
256.3 2.086 1.986 1.91 0.01 2.785 1.814 0.018 0.048 0.001
256.4 2.086 1.986 1.91 0.01 2.785 1.814 0.018 0.048 0.001
256.5 2.086 1.986 1.91 0.01 2.785 1.814 0.018 0.049 0.001
256.6 2.086 1.986 1.91 0.01 2.785 1.814 0.018 0.049 0.001
256.7 2.086 1.986 1.91 0.01 2.785 1.814 0.018 0.049 0.001
256.8 2.086 1.986 1.91 0.01 2.785 1.814 0.018 0.049 0.001
256.9 2.086 1.986 1.91 0.01 2.785 1.814 0.018 0.049 0.001
257.0 2.086 1.986 1.91 0.01 2.785 1.814 0.018 0.049 0.001
257.1 2.086 1.986 1.91 0.01 2.785 1.814 0.018 0.049 0.001
257.2 2.086 1.986 1.91 0.01 2.785 1.814 0.018 0.049 0.001
257.3 2.086 1.986 1.91 0.01 2.785 1.814 0.018 0.049 0.001
257.4 2.086 1.986 1.91 0.01 2.785 1.814 0.018 0.049 0.001
257.5 2.086 1.986 1.91 0.01 2.785 1.814 0.018 0.049 0.001
257.6 2.086 1.986 1.91 0.01 2.785 1.814 0.018 0.049 0.001
257.7 2.086 1.986 1.91 0.01 2.785 1.814 0.018 0.049 0.001
257.8 2.086 1.986 1.91 0.01 2.785 1.814 0.018 0.049 0.001
257.9 2.086 1.986 1.91 0.01 2.785 1.814 0.018 0.049 0.001
258.0 2.086 1.986 1.91 0.01 2.785 1.814 0.018 0.049 0.001
258.1 2.086 1.986 1.91 0.01 2.785 1.814 0.018 0.049 0.001
258.2 2.086 1.986 1.91 0.01 2.785 1.814 0.018 0.049 0.001
258.3 2.086 1.986 1.91 0.01 2.785 1.814 0.018 0.049 0.001
258.4 2.086 1.986 1.91 0.01 2.785 1.814 0.018 0.05 0.001
258.5 2.086 1.986 1.91 0.01 2.785 1.814 0.018 0.05 0.001
258.6 2.086 1.986 1.91 0.01 2.785 1.814 0.018 0.05 0.001
258.7 2.086 1.986 1.91 0.01 2.785 1.814 0.018 0.05 0.001
258.8 2.086 1.986 1.91 0.01 2.785 1.814 0.018 0.05 0.001
258.9 2.086 1.986 1.91 0.01 2.785 1.814 0.018 0.05 0.001
259.0 2.086 1.986 1.91 0.01 2.785 1.814 0.018 0.05 0.001
259.1 2.086 1.986 1.91 0.01 2.785 1.814 0.018 0.05 0.001
259.2 2.086 1.986 1.91 0.01 2.785 1.814 0.018 0.05 0.001
259.3 2.086 1.986 1.91 0.01 2.785 1.814 0.018 0.05 0.001
259.4 2.086 1.986 1.91 0.01 2.785 1.814 0.018 0.05 0.001
259.5 2.086 1.986 1.91 0.01 2.785 1.814 0.018 0.05 0.001
259.6 2.086 1.986 1.91 0.01 2.785 1.814 0.018 0.05 0.001
259.7 2.086 1.986 1.91 0.01 2.785 1.814 0.018 0.05 0.001
259.8 2.086 1.986 1.91 0.01 2.785 1.814 0.018 0.05 0.001
259.9 2.086 1.986 1.91 0.01 2.785 1.814 0.018 0.05 0.001
260.0 2.086 1.986 1.91 0.01 2.785 1.814 0.018 0.05 0.001
260.1 2.086 1.986 1.91 0.01 2.785 1.814 0.018 0.05 0.001
260.2 2.086 1.986 1.91 0.01 2.785 1.814 0.018 0.05 0.001
260.3 2.086 1.986 1.91 0.01 2.785 1.814 0.018 0.05 0.001
260.4 2.086 1.986 1.91 0.01 2.785 1.814 0.018 0.051 0.001
260.5 2.086 1.986 1.91 0.01 2.785 1.814 0.018 0.051 0.001
260.6 2.086 1.986 1.91 0.01 2.785 1.814 0.018 0.051 0.001
260.7 2.086 1.986 1.91 0.01 2.785 1.814 0.018 0.051 0.001
260.8 2.086 1.986 1.91 0.01 2.785 1.814 0.018 0.051 0.001
260.9 2.086 1.986 1.91 0.01 2.785 1.814 0.018 0.051 0.001
261.0 2.086 1.986 1.91 0.01 2.785 1.814 0.018 0.051 0.001
261.1 2.086 1.986 1.91 0.01 2.785 1.814 0.018 0.051 0.001
261.2 2.086 1.986 1.91 0.01 2.785 1.814 0.018 0.051 0.001
261.3 2.086 1.986 1.91 0.01 2.785 1.814 0.018 0.051 0.001
261.4 2.086 1.986 1.91 0.01 2.785 1.814 0.018 0.051 0.001
261.5 2.086 1.986 1.91 0.01 2.785 1.814 0.018 0.051 0.001
261.6 2.086 1.986 1.91 0.01 2.785 1.814 0.018 0.051 0.001
261.7 2.086 1.986 1.91 0.01 2.785 1.814 0.018 0.051 0.001
261.8 2.086 1.986 1.91 0.01 2.785 1.814 0.018 0.051 0.001
261.9 2.086 1.986 1.91 0.01 2.785 1.814 0.018 0.051 0.001
262.0 2.086 1.986 1.91 0.01 2.785 1.814 0.018 0.051 0.001
262.1 2.086 1.986 1.91 0.01 2.785 1.814 0.018 0.051 0.001
262.2 2.086 1.986 1.91 0.01 2.785 1.814 0.018 0.051 0.001
262.3 2.086 1.986 1.91 0.01 2.785 1.814 0.018 0.052 0.001
262.4 2.086 1.986 1.91 0.01 2.785 1.814 0.018 0.052 0.001
262.5 2.086 1.986 1.91 0.01 2.785 1.814 0.018 0.052 0.001
262.6 2.086 1.986 1.91 0.01 2.785 1.814 0.018 0.052 0.001
262.7 2.086 1.986 1.91 0.01 2.785 1.814 0.018 0.052 0.001
262.8 2.086 1.986 1.91 0.01 2.785 1.814 0.018 0.052 0.001
262.9 2.086 1.986 1.91 0.01 2.785 1.814 0.018 0.052 0.001
263.0 2.086 1.986 1.91 0.01 2.785 1.814 0.018 0.052 0.001
263.1 2.086 1.986 1.91 0.01 2.785 1.814 0.018 0.052 0.001
263.2 2.086 1.986 1.91 0.01 2.785 1.814 0.018 0.052 0.001
263.3 2.086 1.986 1.91 0.01 2.785 1.814 0.018 0.052 0.001
263.4 2.086 1.986 1.91 0.01 2.785 1.814 0.018 0.052 0.001
263.5 2.086 1.986 1.91 0.01 2.785 1.814 0.018 0.052 0.001
263.6 2.086 1.986 1.91 0.01 2.785 1.814 0.018 0.052 0.001
263.7 2.086 1.986 1.91 0.01 2.785 1.814 0.018 0.052 0.001
263.8 2.086 1.986 1.91 0.01 2.785 1.814 0.018 0.052 0.001
263.9 2.086 1.986 1.91 0.01 2.785 1.814 0.018 0.052 0.001
264.0 2.086 1.986 1.91 0.01 2.785 1.814 0.018 0.052 0.001
264.1 2.086 1.986 1.91 0.01 2.785 1.814 0.018 0.052 0.001
264.2 2.086 1.986 1.91 0.01 2.785 1.814 0.018 0.052 0.001
264.3 2.086 1.986 1.91 0.01 2.785 1.814 0.018 0.053 0.001
264.4 2.086 1.986 1.91 0.01 2.785 1.814 0.018 0.053 0.001
264.5 2.086 1.986 1.91 0.01 2.785 1.814 0.018 0.053 0.001
264.6 2.086 1.986 1.91 0.01 2.785 1.814 0.018 0.053 0.001
264.7 2.086 1.986 1.91 0.01 2.785 1.814 0.018 0.053 0.001
264.8 2.086 1.986 1.91 0.01 2.785 1.814 0.018 0.053 0.001
264.9 2.086 1.986 1.91 0.01 2.785 1.814 0.018 0.053 0.001
265.0 2.086 1.986 1.91 0.01 2.785 1.814 0.018 0.053 0.001
265.1 2.086 1.986 1.91 0.01 2.785 1.814 0.018 0.053 0.001
265.2 2.086 1.986 1.91 0.01 2.785 1.814 0.018 0.053 0.001
265.3 2.086 1.986 1.91 0.01 2.785 1.814 0.018 0.053 0.001
265.4 2.086 1.986 1.91 0.01 2.785 1.814 0.018 0.053 0.001
265.5 2.086 1.986 1.91 0.01 2.785 1.814 0.018 0.053 0.001
265.6 2.086 1.986 1.91 0.01 2.785 1.814 0.018 0.053 0.001
265.7 2.086 1.986 1.91 0.01 2.785 1.814 0.018 0.053 0.001
265.8 2.086 1.986 1.91 0.01 2.785 1.814 0.018 0.053 0.001
265.9 2.086 1.986 1.91 0.01 2.785 1.814 0.018 0.053 0.001
266.0 2.086 1.986 1.91 0.01 2.785 1.814 0.018 0.053 0.001
266.1 2.086 1.986 1.91 0.01 2.785 1.814 0.018 0.053 0.001
266.2 2.086 1.986 1.91 0.01 2.785 1.814 0.018 0.053 0.001
266.3 2.086 1.986 1.91 0.01 2.785 1.814 0.018 0.054 0.001
266.4 2.086 1.986 1.91 0.01 2.785 1.814 0.018 0.054 0.001
266.5 2.086 1.986 1.91 0.01 2.785 1.814 0.018 0.054 0.001
266.6 2.086 1.986 1.91 0.01 2.785 1.814 0.018 0.054 0.001
266.7 2.086 1.986 1.91 0.01 2.785 1.814 0.018 0.054 0.001
266.8 2.086 1.986 1.91 0.01 2.785 1.814 0.018 0.054 0.001
266.9 2.086 1.986 1.91 0.01 2.785 1.814 0.018 0.054 0.001
267.0 2.086 1.986 1.91 0.01 2.785 1.814 0.018 0.054 0.001
267.1 2.086 1.986 1.91 0.01 2.785 1.814 0.018 0.054 0.001
267.2 2.086 1.986 1.91 0.01 2.785 1.814 0.018 0.054 0.001
267.3 2.086 1.986 1.91 0.01 2.785 1.814 0.018 0.054 0.001
267.4 2.086 1.986 1.91 0.01 2.785 1.814 0.018 0.054 0.001
267.5 2.086 1.986 1.91 0.01 2.785 1.814 0.018 0.054 0.001
267.6 2.086 1.986 1.91 0.01 2.785 1.814 0.018 0.054 0.001
267.7 2.086 1.986 1.91 0.01 2.785 1.814 0.018 0.054 0.001
267.8 2.086 1.986 1.91 0.01 2.785 1.814 0.018 0.054 0.001
267.9 2.086 1.986 1.91 0.01 2.785 1.814 0.018 0.054 0.001
268.0 2.086 1.986 1.91 0.01 2.785 1.814 0.018 0.054 0.001
268.1 2.086 1.986 1.91 0.01 2.785 1.814 0.018 0.054 0.001
268.2 2.086 1.986 1.91 0.01 2.785 1.814 0.018 0.055 0.001
268.3 2.086 1.986 1.91 0.01 2.785 1.814 0.018 0.055 0.001
268.4 2.086 1.986 1.91 0.01 2.785 1.814 0.018 0.055 0.001
268.5 2.086 1.986 1.91 0.01 2.785 1.814 0.018 0.055 0.001
268.6 2.086 1.986 1.91 0.01 2.785 1.814 0.018 0.055 0.001
268.7 2.086 1.986 1.91 0.01 2.785 1.814 0.018 0.055 0.001
268.8 2.086 1.986 1.91 0.01 2.785 1.814 0.018 0.055 0.001
268.9 2.086 1.986 1.91 0.01 2.785 1.814 0.018 0.055 0.001
269.0 2.086 1.986 1.91 0.01 2.785 1.814 0.018 0.055 0.001
269.1 2.086 1.986 1.91 0.01 2.785 1.814 0.018 0.055 0.001
269.2 2.086 1.986 1.91 0.01 2.785 1.814 0.018 0.055 0.001
269.3 2.086 1.986 1.91 0.01 2.785 1.814 0.018 0.055 0.001
269.4 2.086 1.986 1.91 0.01 2.785 1.814 0.018 0.055 0.001
269.5 2.086 1.986 1.91 0.01 2.785 1.814 0.018 0.055 0.001
269.6 2.086 1.986 1.91 0.01 2.785 1.814 0.018 0.055 0.001
269.7 2.086 1.986 1.91 0.01 2.785 1.814 0.018 0.055 0.001
269.8 2.086 1.986 1.91 0.01 2.785 1.814 0.018 0.055 0.001
269.9 2.086 1.986 1.91 0.01 2.785 1.814 0.018 0.055 0.001
270.0 2.086 1.986 1.91 0.01 2.785 1.814 0.018 0.055 0.001
270.1 2.086 1.986 1.91 0.01 2.785 1.814 0.018 0.055 0.001
270.2 2.086 1.986 1.91 0.01 2.785 1.814 0.018 0.056 0.001
270.3 2.086 1.986 1.91 0.01 2.785 1.814 0.018 0.056 0.001
270.4 2.086 1.986 1.91 0.01 2.785 1.814 0.018 0.056 0.001
270.5 2.086 1.986 1.91 0.01 2.785 1.814 0.018 0.056 0.001
270.6 2.086 1.986 1.91 0.01 2.785 1.814 0.018 0.056 0.001
270.7 2.086 1.986 1.91 0.01 2.785 1.814 0.018 0.056 0.001
270.8 2.086 1.986 1.91 0.01 2.785 1.814 0.018 0.056 0.001
270.9 2.086 1.986 1.91 0.01 2.785 1.814 0.018 0.056 0.001
271.0 2.086 1.986 1.91 0.01 2.785 1.814 0.018 0.056 0.001
271.1 2.086 1.986 1.91 0.01 2.785 1.814 0.018 0.056 0.001
271.2 2.086 1.986 1.91 0.01 2.785 1.814 0.018 0.056 0.001
271.3 2.086 1.986 1.91 0.01 2.785 1.814 0.018 0.056 0.001
271.4 2.086 1.986 1.91 0.01 2.785 1.814 0.018 0.056 0.001
271.5 2.086 1.986 1.91 0.01 2.785 1.814 0.018 0.056 0.001
271.6 2.086 1.986 1.91 0.01 2.785 1.814 0.018 0.056 0.001
271.7 2.086 1.986 1.91 0.01 2.785 1.814 0.018 0.056 0.001
271.8 2.086 1.986 1.91 0.01 2.785 1.814 0.018 0.056 0.001
271.9 2.086 1.986 1.91 0.01 2.785 1.814 0.018 0.056 0.001
272.0 2.086 1.986 1.91 0.01 2.785 1.814 0.018 0.056 0.001
272.1 2.086 1.986 1.91 0.01 2.785 1.814 0.018 0.056 0.001
272.2 2.086 1.986 1.91 0.01 2.785 1.814 0.018 0.057 0.001
272.3 2.086 1.986 1.91 0.01 2.785 1.814 0.018 0.057 0.001
272.4 2.086 1.986 1.91 0.01 2.785 1.814 0.018 0.057 0.001
272.5 2.086 1.986 1.91 0.01 2.785 1.814 0.018 0.057 0.001
272.6 2.086 1.986 1.91 0.01 2.785 1.814 0.018 0.057 0.001
272.7 2.086 1.986 1.91 0.01 2.785 1.814 0.018 0.057 0.001
272.8 2.086 1.986 1.91 0.01 2.785 1.814 0.018 0.057 0.001
272.9 2.086 1.986 1.91 0.01 2.785 1.814 0.018 0.057 0.001
273.0 2.086 1.986 1.91 0.01 2.785 1.814 0.018 0.057 0.001
273.1 2.086 1.986 1.91 0.01 2.785 1.814 0.018 0.057 0.001
273.2 2.086 1.986 1.91 0.01 2.785 1.814 0.018 0.057 0.001
273.3 2.086 1.986 1.91 0.01 2.785 1.814 0.018 0.057 0.001
273.4 2.086 1.986 1.91 0.01 2.785 1.814 0.018 0.057 0.001
273.5 2.086 1.986 1.91 0.01 2.785 1.814 0.018 0.057 0.001
273.6 2.086 1.986 1.91 0.01 2.785 1.814 0.018 0.057 0.001
273.7 2.086 1.986 1.91 0.01 2.785 1.814 0.018 0.057 0.001
273.8 2.086 1.986 1.91 0.01 2.785 1.814 0.018 0.057 0.001
273.9 2.086 1.986 1.91 0.01 2.785 1.814 0.018 0.057 0.001
274.0 2.086 1.986 1.91 0.01 2.785 1.814 0.018 0.057 0.001
274.1 2.086 1.986 1.91 0.01 2.785 1.814 0.018 0.058 0.001
274.2 2.086 1.986 1.91 0.01 2.785 1.814 0.018 0.058 0.001
274.3 2.086 1.986 1.91 0.01 2.785 1.814 0.018 0.058 0.001
274.4 2.086 1.986 1.91 0.01 2.785 1.814 0.018 0.058 0.001
274.5 2.086 1.986 1.91 0.01 2.785 1.814 0.018 0.058 0.001
274.6 2.086 1.986 1.91 0.01 2.785 1.814 0.018 0.058 0.001
274.7 2.086 1.986 1.91 0.01 2.785 1.814 0.018 0.058 0.001
274.8 2.086 1.986 1.91 0.01 2.785 1.814 0.018 0.058 0.001
274.9 2.086 1.986 1.91 0.01 2.785 1.814 0.018 0.058 0.001
275.0 2.086 1.986 1.91 0.01 2.785 1.814 0.018 0.058 0.001
275.1 2.086 1.986 1.91 0.01 2.785 1.814 0.018 0.058 0.001
275.2 2.086 1.986 1.91 0.01 2.785 1.814 0.018 0.058 0.001
275.3 2.086 1.986 1.91 0.01 2.785 1.814 0.018 0.058 0.001
275.4 2.086 1.986 1.91 0.01 2.785 1.814 0.018 0.058 0.001
275.5 2.086 1.986 1.91 0.01 2.785 1.814 0.018 0.058 0.001
275.6 2.086 1.986 1.91 0.01 2.785 1.814 0.018 0.058 0.001
275.7 2.086 1.986 1.91 0.01 2.785 1.814 0.018 0.058 0.001
275.8 2.086 1.986 1.91 0.01 2.785 1.814 0.018 0.058 0.001
275.9 2.086 1.986 1.91 0.01 2.785 1.814 0.018 0.058 0.001
276.0 2.086 1.986 1.91 0.01 2.785 1.814 0.018 0.058 0.001
276.1 2.086 1.986 1.91 0.01 2.785 1.814 0.018 0.059 0.001
276.2 2.086 1.986 1.91 0.01 2.785 1.814 0.018 0.059 0.001
276.3 2.086 1.986 1.91 0.01 2.785 1.814 0.018 0.059 0.001
276.4 2.086 1.986 1.91 0.01 2.785 1.814 0.018 0.059 0.001
276.5 2.086 1.986 1.91 0.01 2.785 1.814 0.018 0.059 0.001
276.6 2.086 1.986 1.91 0.01 2.785 1.814 0.018 0.059 0.001
276.7 2.086 1.986 1.91 0.01 2.785 1.814 0.018 0.059 0.001
276.8 2.086 1.986 1.91 0.01 2.785 1.814 0.018 0.059 0.001
276.9 2.086 1.986 1.91 0.01 2.785 1.814 0.018 0.059 0.001
277.0 2.086 1.986 1.91 0.01 2.785 1.814 0.018 0.059 0.001
277.1 2.086 1.986 1.91 0.01 2.785 1.814 0.018 0.059 0.001
277.2 2.086 1.986 1.91 0.01 2.785 1.814 0.018 0.059 0.001
277.3 2.086 1.986 1.91 0.01 2.785 1.814 0.018 0.059 0.001
277.4 2.086 1.986 1.91 0.01 2.785 1.814 0.018 0.059 0.001
277.5 2.086 1.986 1.91 0.01 2.785 1.814 0.018 0.059 0.001
277.6 2.086 1.986 1.91 0.01 2.785 1.814 0.018 0.059 0.001
277.7 2.086 1.986 1.91 0.01 2.785 1.814 0.018 0.059 0.001
277.8 2.086 1.986 1.91 0.01 2.785 1.814 0.018 0.059 0.001
277.9 2.086 1.986 1.91 0.01 2.785 1.814 0.018 0.059 0.001
278.0 2.086 1.986 1.91 0.01 2.785 1.814 0.018 0.059 0.001
278.1 2.086 1.986 1.91 0.01 2.785 1.814 0.018 0.06 0.001
278.2 2.086 1.986 1.91 0.01 2.785 1.814 0.018 0.06 0.001
278.3 2.086 1.986 1.91 0.01 2.785 1.814 0.018 0.06 0.001
278.4 2.086 1.986 1.91 0.01 2.785 1.814 0.018 0.06 0.001
278.5 2.086 1.986 1.91 0.01 2.785 1.814 0.018 0.06 0.001
278.6 2.086 1.986 1.91 0.01 2.785 1.814 0.018 0.06 0.001
278.7 2.086 1.986 1.91 0.01 2.785 1.814 0.018 0.06 0.001
278.8 2.086 1.986 1.91 0.01 2.785 1.814 0.018 0.06 0.001
278.9 2.086 1.986 1.91 0.01 2.785 1.814 0.018 0.06 0.001
279.0 2.086 1.986 1.91 0.01 2.785 1.814 0.018 0.06 0.001
279.1 2.086 1.986 1.91 0.01 2.785 1.814 0.018 0.06 0.001
279.2 2.086 1.986 1.91 0.01 2.785 1.814 0.018 0.06 0.001
279.3 2.086 1.986 1.91 0.01 2.785 1.814 0.018 0.06 0.001
279.4 2.086 1.986 1.91 0.01 2.785 1.814 0.018 0.06 0.001
279.5 2.086 1.986 1.91 0.01 2.785 1.814 0.018 0.06 0.001
279.6 2.086 1.986 1.91 0.01 2.785 1.814 0.018 0.06 0.001
279.7 2.086 1.986 1.91 0.01 2.785 1.814 0.018 0.06 0.001
279.8 2.086 1.986 1.91 0.01 2.785 1.814 0.018 0.06 0.001
279.9 2.086 1.986 1.91 0.01 2.785 1.814 0.018 0.06 0.001
280.0 2.086 1.986 1.91 0.01 2.785 1.814 0.018 0.06 0.001
280.1 2.086 1.986 1.91 0.01 2.785 1.814 0.018 0.061 0.001
280.2 2.086 1.986 1.91 0.01 2.785 1.814 0.018 0.061 0.001
280.3 2.086 1.986 1.91 0.01 2.785 1.814 0.018 0.061 0.001
280.4 2.086 1.986 1.91 0.01 2.785 1.814 0.018 0.061 0.001
280.5 2.086 1.986 1.91 0.01 2.785 1.814 0.018 0.061 0.001
280.6 2.086 1.986 1.91 0.01 2.785 1.814 0.018 0.061 0.001
280.7 2.086 1.986 1.91 0.01 2.785 1.814 0.018 0.061 0.001
280.8 2.086 1.986 1.91 0.01 2.785 1.814 0.018 0.061 0.001
280.9 2.086 1.986 1.91 0.01 2.785 1.814 0.018 0.061 0.001
281.0 2.086 1.986 1.91 0.01 2.785 1.814 0.018 0.061 0.001
281.1 2.086 1.986 1.91 0.01 2.785 1.814 0.018 0.061 0.001
281.2 2.086 1.986 1.91 0.01 2.785 1.814 0.018 0.061 0.001
281.3 2.086 1.986 1.91 0.01 2.785 1.814 0.018 0.061 0.001
281.4 2.086 1.986 1.91 0.01 2.785 1.814 0.018 0.061 0.001
281.5 2.086 1.986 1.91 0.01 2.785 1.814 0.018 0.061 0.001
281.6 2.086 1.986 1.91 0.01 2.785 1.814 0.018 0.061 0.001
281.7 2.086 1.986 1.91 0.01 2.785 1.814 0.018 0.061 0.001
281.8 2.086 1.986 1.91 0.01 2.785 1.814 0.018 0.061 0.001
281.9 2.086 1.986 1.91 0.01 2.785 1.814 0.018 0.061 0.001
282.0 2.086 1.986 1.91 0.01 2.785 1.814 0.018 0.061 0.001
282.1 2.086 1.986 1.91 0.01 2.785 1.814 0.018 0.062 0.001
282.2 2.086 1.986 1.91 0.01 2.785 1.814 0.018 0.062 0.001
282.3 2.086 1.986 1.91 0.01 2.785 1.814 0.018 0.062 0.001
282.4 2.086 1.986 1.91 0.01 2.785 1.814 0.018 0.062 0.001
282.5 2.086 1.986 1.91 0.01 2.785 1.814 0.018 0.062 0.001
282.6 2.086 1.986 1.91 0.01 2.785 1.814 0.018 0.062 0.001
282.7 2.086 1.986 1.91 0.01 2.785 1.814 0.018 0.062 0.001
282.8 2.086 1.986 1.91 0.01 2.785 1.814 0.018 0.062 0.001
282.9 2.086 1.986 1.91 0.01 2.785 1.814 0.018 0.062 0.001
283.0 2.086 1.986 1.91 0.01 2.785 1.814 0.018 0.062 0.001
283.1 2.086 1.986 1.91 0.01 2.785 1.814 0.018 0.062 0.001
283.2 2.086 1.986 1.91 0.01 2.785 1.814 0.018 0.062 0.001
283.3 2.086 1.986 1.91 0.01 2.785 1.814 0.018 0.062 0.001
283.4 2.086 1.986 1.91 0.01 2.785 1.814 0.018 0.062 0.001
283.5 2.086 1.986 1.91 0.01 2.785 1.814 0.018 0.062 0.001
283.6 2.086 1.986 1.91 0.01 2.785 1.814 0.018 0.062 0.001
283.7 2.086 1.986 1.91 0.01 2.785 1.814 0.018 0.062 0.001
283.8 2.086 1.986 1.91 0.01 2.785 1.814 0.018 0.062 0.001
283.9 2.086 1.986 1.91 0.01 2.785 1.814 0.018 0.062 0.001
284.0 2.086 1.986 1.91 0.01 2.785 1.814 0.018 0.062 0.001
284.1 2.086 1.986 1.91 0.01 2.785 1.814 0.018 0.063 0.001
284.2 2.086 1.986 1.91 0.01 2.785 1.814 0.018 0.063 0.001
284.3 2.086 1.986 1.91 0.01 2.785 1.814 0.018 0.063 0.001
284.4 2.086 1.986 1.91 0.01 2.785 1.814 0.018 0.063 0.001
284.5 2.086 1.986 1.91 0.01 2.785 1.814 0.018 0.063 0.001
284.6 2.086 1.986 1.91 0.01 2.785 1.814 0.018 0.063 0.001
284.7 2.086 1.986 1.91 0.01 2.785 1.814 0.018 0.063 0.001
284.8 2.086 1.986 1.91 0.01 2.785 1.814 0.018 0.063 0.001
284.9 2.086 1.986 1.91 0.01 2.785 1.814 0.018 0.063 0.001
285.0 2.086 1.986 1.91 0.01 2.785 1.814 0.018 0.063 0.001
285.1 2.086 1.986 1.91 0.01 2.785 1.814 0.018 0.063 0.001
285.2 2.086 1.986 1.91 0.01 2.785 1.814 0.018 0.063 0.001
285.3 2.086 1.986 1.91 0.01 2.785 1.814 0.018 0.063 0.001
285.4 2.086 1.986 1.91 0.01 2.785 1.814 0.018 0.063 0.001
285.5 2.086 1.986 1.91 0.01 2.785 1.814 0.018 0.063 0.001
285.6 2.086 1.986 1.91 0.01 2.785 1.814 0.018 0.063 0.001
285.7 2.086 1.986 1.91 0.01 2.785 1.814 0.018 0.063 0.001
285.8 2.086 1.986 1.91 0.01 2.785 1.814 0.018 0.063 0.001
285.9 2.086 1.986 1.91 0.01 2.785 1.814 0.018 0.063 0.001
286.0 2.086 1.986 1.91 0.01 2.785 1.814 0.018 0.063 0.001
286.1 2.086 1.986 1.91 0.01 2.785 1.814 0.018 0.064 0.001
286.2 2.086 1.986 1.91 0.01 2.785 1.814 0.018 0.064 0.001
286.3 2.086 1.986 1.91 0.01 2.785 1.814 0.018 0.064 0.001
286.4 2.086 1.986 1.91 0.01 2.785 1.814 0.018 0.064 0.001
286.5 2.086 1.986 1.91 0.01 2.785 1.814 0.018 0.064 0.001
286.6 2.086 1.986 1.91 0.01 2.785 1.814 0.018 0.064 0.001
286.7 2.086 1.986 1.91 0.01 2.785 1.814 0.018 0.064 0.001
286.8 2.086 1.986 1.91 0.01 2.785 1.814 0.018 0.064 0.001
286.9 2.086 1.986 1.91 0.01 2.785 1.814 0.018 0.064 0.001
287.0 2.086 1.986 1.91 0.01 2.785 1.814 0.018 0.064 0.001
287.1 2.086 1.986 1.91 0.01 2.785 1.814 0.018 0.064 0.001
287.2 2.086 1.986 1.91 0.01 2.785 1.814 0.018 0.064 0.001
287.3 2.086 1.986 1.91 0.01 2.785 1.814 0.018 0.064 0.001
287.4 2.086 1.986 1.91 0.01 2.785 1.814 0.018 0.064 0.001
287.5 2.086 1.986 1.91 0.01 2.785 1.814 0.018 0.064 0.001
287.6 2.086 1.986 1.91 0.01 2.785 1.814 0.018 0.064 0.001
287.7 2.086 1.986 1.91 0.01 2.785 1.814 0.018 0.064 0.001
287.8 2.086 1.986 1.91 0.01 2.785 1.814 0.018 0.064 0.001
287.9 2.086 1.986 1.91 0.01 2.785 1.814 0.018 0.064 0.001
288.0 2.086 1.986 1.91 0.01 2.785 1.814 0.018 0.064 0.001
288.1 2.086 1.986 1.91 0.01 2.785 1.814 0.018 0.065 0.001
288.2 2.086 1.986 1.91 0.01 2.785 1.814 0.018 0.065 0.001
288.3 2.086 1.986 1.91 0.01 2.785 1.814 0.018 0.065 0.001
288.4 2.086 1.986 1.91 0.01 2.785 1.814 0.018 0.065 0.001
288.5 2.086 1.986 1.91 0.01 2.785 1.814 0.018 0.065 0.001
288.6 2.086 1.986 1.91 0.01 2.785 1.814 0.018 0.065 0.001
288.7 2.086 1.986 1.91 0.01 2.785 1.814 0.018 0.065 0.001
288.8 2.086 1.986 1.91 0.01 2.785 1.814 0.018 0.065 0.001
288.9 2.086 1.986 1.91 0.01 2.785 1.814 0.018 0.065 0.001
289.0 2.086 1.986 1.91 0.01 2.785 1.814 0.018 0.065 0.001
289.1 2.086 1.986 1.91 0.01 2.785 1.814 0.018 0.065 0.001
289.2 2.086 1.986 1.91 0.01 2.785 1.814 0.018 0.065 0.001
289.3 2.086 1.986 1.91 0.01 2.785 1.814 0.018 0.065 0.001
289.4 2.086 1.986 1.91 0.01 2.785 1.814 0.018 0.065 0.001
289.5 2.086 1.986 1.91 0.01 2.785 1.814 0.018 0.065 0.001
289.6 2.086 1.986 1.91 0.01 2.785 1.814 0.018 0.065 0.001
289.7 2.086 1.986 1.91 0.01 2.785 1.814 0.018 0.065 0.001
289.8 2.086 1.986 1.91 0.01 2.785 1.814 0.018 0.065 0.001
289.9 2.086 1.986 1.91 0.01 2.785 1.814 0.018 0.065 0.001
290.0 2.086 1.986 1.91 0.01 2.785 1.814 0.018 0.065 0.001
290.1 2.086 1.986 1.91 0.01 2.785 1.814 0.018 0.066 0.001
290.2 2.086 1.986 1.91 0.01 2.785 1.814 0.018 0.066 0.001
290.3 2.086 1.986 1.91 0.01 2.785 1.814 0.018 0.066 0.001
290.4 2.086 1.986 1.91 0.01 2.785 1.814 0.018 0.066 0.001
290.5 2.086 1.986 1.91 0.01 2.785 1.814 0.018 0.066 0.001
290.6 2.086 1.986 1.91 0.01 2.785 1.814 0.018 0.066 0.001
290.7 2.086 1.986 1.91 0.01 2.785 1.814 0.018 0.066 0.001
290.8 2.086 1.986 1.91 0.01 2.785 1.814 0.018 0.066 0.001
290.9 2.086 1.986 1.91 0.01 2.785 1.814 0.018 0.066 0.001
291.0 2.086 1.986 1.91 0.01 2.785 1.814 0.018 0.066 0.001
291.1 2.086 1.986 1.91 0.01 2.785 1.814 0.018 0.066 0.001
291.2 2.086 1.986 1.91 0.01 2.785 1.814 0.018 0.066 0.001
291.3 2.086 1.986 1.91 0.01 2.785 1.814 0.018 0.066 0.001
291.4 2.086 1.986 1.91 0.01 2.785 1.814 0.018 0.066 0.001
291.5 2.086 1.986 1.91 0.01 2.785 1.814 0.018 0.066 0.001
291.6 2.086 1.986 1.91 0.01 2.785 1.814 0.018 0.066 0.001
291.7 2.086 1.986 1.91 0.01 2.785 1.814 0.018 0.066 0.001
291.8 2.086 1.986 1.91 0.01 2.785 1.814 0.018 0.066 0.001
291.9 2.086 1.986 1.91 0.01 2.785 1.814 0.018 0.066 0.001
292.0 2.086 1.986 1.91 0.01 2.785 1.814 0.018 0.066 0.001
292.1 2.086 1.986 1.91 0.01 2.785 1.814 0.018 0.067 0.001
292.2 2.086 1.986 1.91 0.01 2.785 1.814 0.018 0.067 0.001
292.3 2.086 1.986 1.91 0.01 2.785 1.814 0.018 0.067 0.001
292.4 2.086 1.986 1.91 0.01 2.785 1.814 0.018 0.067 0.001
292.5 2.086 1.986 1.91 0.01 2.785 1.814 0.018 0.067 0.001
292.6 2.086 1.986 1.91 0.01 2.785 1.814 0.018 0.067 0.001
292.7 2.086 1.986 1.91 0.01 2.785 1.814 0.018 0.067 0.001
292.8 2.086 1.986 1.91 0.01 2.785 1.814 0.018 0.067 0.001
292.9 2.086 1.986 1.91 0.01 2.785 1.814 0.018 0.067 0.001
293.0 2.086 1.986 1.91 0.01 2.785 1.814 0.018 0.067 0.001
293.1 2.086 1.986 1.91 0.01 2.785 1.814 0.018 0.067 0.001
293.2 2.086 1.986 1.91 0.01 2.785 1.814 0.018 0.067 0.001
293.3 2.086 1.986 1.91 0.01 2.785 1.814 0.018 0.067 0.001
293.4 2.086 1.986 1.91 0.01 2.785 1.814 0.018 0.067 0.001
293.5 2.086 1.986 1.91 0.01 2.785 1.814 0.018 0.067 0.001
293.6 2.086 1.986 1.91 0.01 2.785 1.814 0.018 0.067 0.001
293.7 2.086 1.986 1.91 0.01 2.785 1.814 0.018 0.067 0.001
293.8 2.086 1.986 1.91 0.01 2.785 1.814 0.018 0.067 0.001
293.9 2.086 1.986 1.91 0.01 2.785 1.814 0.018 0.067 0.001
294.0 2.086 1.986 1.91 0.01 2.785 1.814 0.018 0.067 0.001
294.1 2.086 1.986 1.91 0.01 2.785 1.814 0.018 0.068 0.001
294.2 2.086 1.986 1.91 0.01 2.785 1.814 0.018 0.068 0.001
294.3 2.086 1.986 1.91 0.01 2.785 1.814 0.018 0.068 0.001
294.4 2.086 1.986 1.91 0.01 2.785 1.814 0.018 0.068 0.001
294.5 2.086 1.986 1.91 0.01 2.785 1.814 0.018 0.068 0.001
294.6 2.086 1.986 1.91 0.01 2.785 1.814 0.018 0.068 0.001
294.7 2.086 1.986 1.91 0.01 2.785 1.814 0.018 0.068 0.001
294.8 2.086 1.986 1.91 0.01 2.785 1.814 0.018 0.068 0.001
294.9 2.086 1.986 1.91 0.01 2.785 1.814 0.018 0.068 0.001
295.0 2.086 1.986 1.91 0.01 2.785 1.814 0.018 0.068 0.001
295.1 2.086 1.986 1.91 0.01 2.785 1.814 0.018 0.068 0.001
295.2 2.086 1.986 1.91 0.01 2.785 1.814 0.018 0.068 0.001
295.3 2.086 1.986 1.91 0.01 2.785 1.814 0.018 0.068 0.001
295.4 2.086 1.986 1.91 0.01 2.785 1.814 0.018 0.068 0.001
295.5 2.086 1.986 1.91 0.01 2.785 1.814 0.018 0.068 0.001
295.6 2.086 1.986 1.91 0.01 2.785 1.814 0.018 0.068 0.001
295.7 2.086 1.986 1.91 0.01 2.785 1.814 0.018 0.068 0.001
295.8 2.086 1.986 1.91 0.01 2.785 1.814 0.018 0.068 0.001
295.9 2.086 1.986 1.91 0.01 2.785 1.814 0.018 0.068 0.001
296.0 2.086 1.986 1.91 0.01 2.785 1.814 0.018 0.068 0.001
296.1 2.086 1.986 1.91 0.01 2.785 1.814 0.018 0.069 0.001
296.2 2.086 1.986 1.91 0.01 2.785 1.814 0.018 0.069 0.001
296.3 2.086 1.986 1.91 0.01 2.785 1.814 0.018 0.069 0.001
296.4 2.086 1.986 1.91 0.01 2.785 1.814 0.018 0.069 0.001
296.5 2.086 1.986 1.91 0.01 2.785 1.814 0.018 0.069 0.001
296.6 2.086 1.986 1.91 0.01 2.785 1.814 0.018 0.069 0.001
296.7 2.086 1.986 1.91 0.01 2.785 1.814 0.018 0.069 0.001
296.8 2.086 1.986 1.91 0.01 2.785 1.814 0.018 0.069 0.001
296.9 2.086 1.986 1.91 0.01 2.785 1.814 0.018 0.069 0.001
297.0 2.086 1.986 1.91 0.01 2.785 1.814 0.018 0.069 0.001
297.1 2.086 1.986 1.91 0.01 2.785 1.814 0.018 0.069 0.001
297.2 2.086 1.986 1.91 0.01 2.785 1.814 0.018 0.069 0.001
297.3 2.086 1.986 1.91 0.01 2.785 1.814 0.018 0.069 0.001
297.4 2.086 1.986 1.91 0.01 2.785 1.814 0.018 0.069 0.001
297.5 2.086 1.986 1.91 0.01 2.785 1.814 0.018 0.069 0.001
297.6 2.086 1.986 1.91 0.01 2.785 1.814 0.018 0.069 0.001
297.7 2.086 1.986 1.91 0.01 2.785 1.814 0.018 0.069 0.001
297.8 2.086 1.986 1.91 0.01 2.785 1.814 0.018 0.069 0.001
297.9 2.086 1.986 1.91 0.01 2.785 1.814 0.018 0.069 0.001
298.0 2.086 1.986 1.91 0.01 2.785 1.814 0.018 0.069 0.001
298.1 2.086 1.986 1.91 0.01 2.785 1.814 0.018 0.07 0.001
298.2 2.086 1.986 1.91 0.01 2.785 1.814 0.018 0.07 0.001
298.3 2.086 1.986 1.91 0.01 2.785 1.814 0.018 0.07 0.001
298.4 2.086 1.986 1.91 0.01 2.785 1.814 0.018 0.07 0.001
298.5 2.086 1.986 1.91 0.01 2.785 1.814 0.018 0.07 0.001
298.6 2.086 1.986 1.91 0.01 2.785 1.814 0.018 0.07 0.001
298.7 2.086 1.986 1.91 0.01 2.785 1.814 0.018 0.07 0.001
298.8 2.086 1.986 1.91 0.01 2.785 1.814 0.018 0.07 0.001
298.9 2.086 1.986 1.91 0.01 2.785 1.814 0.018 0.07 0.001
299.0 2.086 1.986 1.91 0.01 2.785 1.814 0.018 0.07 0.001
299.1 2.086 1.986 1.91 0.01 2.785 1.814 0.018 0.07 0.001
299.2 2.086 1.986 1.91 0.01 2.785 1.814 0.018 0.07 0.001
299.3 2.086 1.986 1.91 0.01 2.785 1.814 0.018 0.07 0.001
299.4 2.086 1.986 1.91 0.01 2.785 1.814 0.018 0.07 0.001
299.5 2.086 1.986 1.91 0.01 2.785 1.814 0.018 0.07 0.001
299.6 2.086 1.986 1.91 0.01 2.785 1.814 0.018 0.07 0.001
299.7 2.086 1.986 1.91 0.01 2.785 1.814 0.018 0.07 0.001
299.8 2.086 1.986 1.91 0.01 2.785 1.814 0.018 0.07 0.001
299.9 2.086 1.986 1.91 0.01 2.785 1.814 0.018 0.07 0.001
