400.0 2.086 1.986 1.91 0.01 2.785 1.815 0.954 1.09 0.927 0.01 0.008 0.011
400.1 2.086 1.986 1.91 0.01 2.786 1.815 0.954 1.09 0.927 0.01 0.008 0.012
400.2 2.086 1.986 1.91 0.01 2.786 1.815 0.954 1.09 0.927 0.011 0.007 0.012
400.3 2.086 1.986 1.91 0.01 2.786 1.815 0.954 1.09 0.927 0.011 0.007 0.012
400.4 2.086 1.986 1.91 0.01 2.786 1.815 0.954 1.09 0.927 0.011 0.007 0.012
400.5 2.086 1.986 1.91 0.01 2.786 1.815 0.954 1.09 0.927 0.011 0.007 0.012
400.6 2.086 1.986 1.91 0.01 2.786 1.815 0.954 1.09 0.927 0.011 0.007 0.012
400.7 2.086 1.986 1.91 0.01 2.786 1.815 0.954 1.09 0.927 0.011 0.007 0.012
400.8 2.086 1.986 1.91 0.01 2.786 1.815 0.954 1.09 0.927 0.011 0.007 0.012
400.9 2.086 1.986 1.91 0.01 2.786 1.815 0.954 1.09 0.927 0.011 0.007 0.012
401.0 2.086 1.986 1.91 0.01 2.786 1.815 0.954 1.09 0.927 0.011 0.007 0.012
401.1 2.086 1.986 1.91 0.01 2.786 1.815 0.954 1.09 0.927 0.011 0.007 0.012
401.2 2.086 1.986 1.91 0.01 2.786 1.815 0.954 1.09 0.927 0.011 0.007 0.012
401.3 2.086 1.986 1.91 0.01 2.786 1.815 0.954 1.09 0.927 0.011 0.007 0.012
401.4 2.086 1.986 1.91 0.01 2.786 1.815 0.954 1.09 0.927 0.011 0.007 0.012
401.5 2.086 1.986 1.91 0.01 2.786 1.815 0.954 1.09 0.927 0.011 0.007 0.012
401.6 2.086 1.986 1.91 0.01 2.786 1.815 0.954 1.09 0.927 0.011 0.007 0.012
401.7 2.086 1.986 1.91 0.01 2.786 1.815 0.954 1.09 0.927 0.011 0.007 0.012
401.8 2.086 1.986 1.91 0.01 2.786 1.815 0.954 1.09 0.927 0.011 0.007 0.012
401.9 2.086 1.986 1.91 0.01 2.786 1.816 0.954 1.09 0.927 0.011 0.007 0.012
402.0 2.086 1.986 1.91 0.01 2.786 1.816 0.954 1.09 0.927 0.012 0.007 0.012
402.1 2.086 1.986 1.91 0.01 2.786 1.816 0.954 1.09 0.927 0.012 0.007 0.012
402.2 2.086 1.986 1.91 0.01 2.786 1.816 0.954 1.09 0.927 0.012 0.007 0.012
402.3 2.086 1.986 1.91 0.01 2.787 1.816 0.954 1.09 0.927 0.012 0.007 0.012
402.4 2.086 1.986 1.91 0.01 2.787 1.816 0.954 1.09 0.927 0.012 0.007 0.012
402.5 2.086 1.986 1.91 0.01 2.787 1.816 0.954 1.09 0.927 0.012 0.007 0.012
402.6 2.086 1.986 1.91 0.01 2.787 1.816 0.954 1.09 0.927 0.012 0.007 0.012
402.7 2.086 1.986 1.91 0.01 2.787 1.816 0.954 1.09 0.927 0.012 0.007 0.012
402.8 2.086 1.986 1.91 0.01 2.787 1.816 0.954 1.09 0.927 0.012 0.007 0.012
402.9 2.086 1.986 1.91 0.01 2.787 1.816 0.954 1.09 0.927 0.012 0.007 0.012
403.0 2.086 1.986 1.91 0.01 2.787 1.816 0.954 1.09 0.927 0.012 0.007 0.012
403.1 2.086 1.986 1.91 0.01 2.787 1.816 0.954 1.09 0.927 0.012 0.007 0.012
403.2 2.086 1.986 1.91 0.01 2.787 1.816 0.954 1.09 0.927 0.012 0.007 0.012
403.3 2.086 1.986 1.91 0.01 2.787 1.816 0.954 1.09 0.927 0.012 0.007 0.012
403.4 2.086 1.986 1.91 0.01 2.787 1.816 0.954 1.09 0.927 0.012 0.007 0.012
403.5 2.086 1.986 1.91 0.01 2.787 1.816 0.954 1.09 0.927 0.012 0.007 0.012
403.6 2.086 1.986 1.91 0.01 2.787 1.816 0.954 1.09 0.927 0.012 0.007 0.012
403.7 2.086 1.986 1.91 0.01 2.787 1.816 0.954 1.09 0.927 0.012 0.007 0.012
403.8 2.086 1.986 1.91 0.01 2.787 1.816 0.954 1.09 0.927 0.012 0.007 0.012
403.9 2.086 1.986 1.91 0.01 2.787 1.816 0.954 1.09 0.927 0.012 0.007 0.012
404.0 2.086 1.986 1.91 0.01 2.787 1.816 0.954 1.09 0.927 0.012 0.007 0.012
404.1 2.086 1.986 1.91 0.01 2.787 1.816 0.954 1.09 0.927 0.012 0.007 0.012
404.2 2.086 1.986 1.91 0.01 2.787 1.816 0.954 1.09 0.927 0.012 0.007 0.012
404.3 2.086 1.986 1.91 0.01 2.787 1.816 0.954 1.09 0.927 0.012 0.007 0.012
404.4 2.086 1.986 1.91 0.01 2.787 1.816 0.954 1.09 0.927 0.012 0.007 0.012
404.5 2.086 1.986 1.91 0.01 2.787 1.816 0.954 1.09 0.927 0.012 0.007 0.012
404.6 2.086 1.986 1.91 0.01 2.787 1.816 0.954 1.09 0.927 0.012 0.007 0.012
404.7 2.086 1.986 1.91 0.01 2.787 1.816 0.954 1.09 0.927 0.012 0.007 0.012
404.8 2.086 1.986 1.91 0.01 2.787 1.816 0.954 1.09 0.927 0.012 0.007 0.012
404.9 2.086 1.986 1.91 0.01 2.787 1.816 0.954 1.09 0.927 0.012 0.007 0.012
405.0 2.086 1.986 1.91 0.01 2.787 1.816 0.954 1.09 0.927 0.012 0.007 0.012
405.1 2.086 1.986 1.91 0.01 2.787 1.816 0.954 1.09 0.927 0.012 0.007 0.012
405.2 2.086 1.986 1.91 0.01 2.787 1.816 0.954 1.09 0.927 0.012 0.007 0.012
405.3 2.086 1.986 1.91 0.01 2.787 1.816 0.954 1.09 0.927 0.012 0.007 0.012
405.4 2.086 1.986 1.91 0.01 2.787 1.816 0.954 1.09 0.927 0.012 0.007 0.012
405.5 2.086 1.986 1.91 0.01 2.787 1.816 0.954 1.09 0.927 0.012 0.007 0.012
405.6 2.086 1.986 1.91 0.01 2.787 1.816 0.954 1.09 0.927 0.012 0.007 0.012
405.7 2.086 1.986 1.91 0.01 2.787 1.816 0.954 1.09 0.927 0.012 0.007 0.012
405.8 2.086 1.986 1.91 0.01 2.787 1.816 0.954 1.09 0.927 0.012 0.007 0.012
405.9 2.086 1.986 1.91 0.01 2.787 1.816 0.954 1.09 0.927 0.012 0.007 0.012
406.0 2.086 1.986 1.91 0.01 2.787 1.816 0.954 1.09 0.927 0.012 0.007 0.012
406.1 2.086 1.986 1.91 0.01 2.787 1.816 0.954 1.09 0.927 0.012 0.007 0.012
406.2 2.086 1.986 1.91 0.01 2.787 1.816 0.954 1.09 0.927 0.012 0.007 0.012
406.3 2.086 1.986 1.91 0.01 2.787 1.816 0.954 1.09 0.927 0.012 0.007 0.012
406.4 2.086 1.986 1.91 0.01 2.787 1.816 0.954 1.09 0.927 0.012 0.007 0.012
406.5 2.086 1.986 1.91 0.01 2.787 1.816 0.954 1.09 0.927 0.012 0.007 0.012
406.6 2.086 1.986 1.91 0.01 2.787 1.816 0.954 1.09 0.927 0.012 0.007 0.012
406.7 2.086 1.986 1.91 0.01 2.787 1.816 0.954 1.09 0.927 0.012 0.007 0.012
406.8 2.086 1.986 1.91 0.01 2.787 1.816 0.954 1.09 0.927 0.012 0.007 0.012
406.9 2.086 1.986 1.91 0.01 2.787 1.816 0.954 1.09 0.927 0.012 0.007 0.012
407.0 2.086 1.986 1.91 0.01 2.787 1.816 0.954 1.09 0.927 0.012 0.007 0.012
407.1 2.086 1.986 1.91 0.01 2.787 1.816 0.954 1.09 0.927 0.012 0.007 0.012
407.2 2.086 1.986 1.91 0.01 2.787 1.816 0.954 1.09 0.927 0.012 0.007 0.012
407.3 2.086 1.986 1.91 0.01 2.787 1.816 0.954 1.09 0.927 0.012 0.007 0.012
407.4 2.086 1.986 1.91 0.01 2.787 1.816 0.954 1.09 0.927 0.012 0.007 0.012
407.5 2.086 1.986 1.91 0.01 2.787 1.816 0.954 1.09 0.927 0.012 0.007 0.012
407.6 2.086 1.986 1.91 0.01 2.787 1.816 0.954 1.09 0.927 0.012 0.007 0.012
407.7 2.086 1.986 1.91 0.01 2.787 1.816 0.954 1.09 0.927 0.012 0.007 0.012
407.8 2.086 1.986 1.91 0.01 2.787 1.816 0.954 1.09 0.927 0.012 0.007 0.012
407.9 2.086 1.986 1.91 0.01 2.787 1.816 0.954 1.09 0.927 0.012 0.007 0.012
408.0 2.086 1.986 1.91 0.01 2.787 1.816 0.954 1.09 0.927 0.012 0.007 0.012
408.1 2.086 1.986 1.91 0.01 2.787 1.816 0.954 1.09 0.927 0.012 0.007 0.012
408.2 2.086 1.986 1.91 0.01 2.787 1.816 0.954 1.09 0.927 0.012 0.007 0.012
408.3 2.086 1.986 1.91 0.01 2.787 1.816 0.954 1.09 0.927 0.012 0.007 0.012
408.4 2.086 1.986 1.91 0.01 2.787 1.816 0.954 1.09 0.927 0.012 0.007 0.012
408.5 2.086 1.986 1.91 0.01 2.787 1.816 0.954 1.09 0.927 0.012 0.007 0.012
408.6 2.086 1.986 1.91 0.01 2.787 1.816 0.954 1.09 0.927 0.012 0.007 0.012
408.7 2.086 1.986 1.91 0.01 2.787 1.816 0.954 1.09 0.927 0.012 0.007 0.012
408.8 2.086 1.986 1.91 0.01 2.787 1.816 0.954 1.09 0.927 0.012 0.007 0.012
408.9 2.086 1.986 1.91 0.01 2.787 1.816 0.954 1.09 0.927 0.012 0.007 0.012
409.0 2.086 1.986 1.91 0.01 2.787 1.816 0.954 1.09 0.927 0.012 0.007 0.012
409.1 2.086 1.986 1.91 0.01 2.787 1.816 0.954 1.09 0.927 0.012 0.007 0.012
409.2 2.086 1.986 1.91 0.01 2.787 1.816 0.954 1.09 0.927 0.012 0.007 0.012
409.3 2.086 1.986 1.91 0.01 2.787 1.816 0.954 1.09 0.927 0.012 0.007 0.012
409.4 2.086 1.986 1.91 0.01 2.787 1.816 0.954 1.09 0.927 0.012 0.007 0.012
409.5 2.086 1.986 1.91 0.01 2.787 1.816 0.954 1.09 0.927 0.012 0.007 0.012
409.6 2.086 1.986 1.91 0.01 2.787 1.816 0.954 1.09 0.927 0.012 0.007 0.012
409.7 2.086 1.986 1.91 0.01 2.787 1.816 0.954 1.09 0.927 0.012 0.007 0.012
409.8 2.086 1.986 1.91 0.01 2.787 1.816 0.954 1.09 0.927 0.012 0.007 0.012
409.9 2.086 1.986 1.91 0.01 2.787 1.816 0.954 1.09 0.927 0.012 0.007 0.012
410.0 2.086 1.986 1.91 0.01 2.787 1.816 0.954 1.09 0.927 0.012 0.007 0.012
410.1 2.086 1.986 1.91 0.01 2.787 1.816 0.954 1.09 0.927 0.012 0.007 0.012
410.2 2.086 1.986 1.91 0.01 2.787 1.816 0.954 1.09 0.927 0.012 0.007 0.012
410.3 2.086 1.986 1.91 0.01 2.787 1.816 0.954 1.09 0.927 0.012 0.007 0.012
410.4 2.086 1.986 1.91 0.01 2.787 1.816 0.954 1.09 0.927 0.012 0.007 0.012
410.5 2.086 1.986 1.91 0.01 2.787 1.816 0.954 1.09 0.927 0.012 0.007 0.012
410.6 2.086 1.986 1.91 0.01 2.787 1.816 0.954 1.09 0.927 0.012 0.007 0.012
410.7 2.086 1.986 1.91 0.01 2.787 1.816 0.954 1.09 0.927 0.012 0.007 0.012
410.8 2.086 1.986 1.91 0.01 2.787 1.816 0.954 1.09 0.927 0.012 0.007 0.012
410.9 2.086 1.986 1.91 0.01 2.787 1.816 0.954 1.09 0.927 0.012 0.007 0.012
411.0 2.086 1.986 1.91 0.01 2.787 1.816 0.954 1.09 0.927 0.012 0.007 0.012
411.1 2.086 1.986 1.91 0.01 2.787 1.816 0.954 1.09 0.927 0.012 0.007 0.012
411.2 2.086 1.986 1.91 0.01 2.787 1.816 0.954 1.09 0.927 0.012 0.007 0.012
411.3 2.086 1.986 1.91 0.01 2.787 1.816 0.954 1.09 0.927 0.012 0.007 0.012
411.4 2.086 1.986 1.91 0.01 2.787 1.816 0.954 1.09 0.927 0.012 0.007 0.012
411.5 2.086 1.986 1.91 0.01 2.787 1.816 0.954 1.09 0.927 0.012 0.007 0.012
411.6 2.086 1.986 1.91 0.01 2.787 1.816 0.954 1.09 0.927 0.012 0.007 0.012
411.7 2.086 1.986 1.91 0.01 2.787 1.816 0.954 1.09 0.927 0.012 0.007 0.012
411.8 2.086 1.986 1.91 0.01 2.787 1.816 0.954 1.09 0.927 0.012 0.007 0.012
411.9 2.086 1.986 1.91 0.01 2.787 1.816 0.954 1.09 0.927 0.012 0.007 0.012
412.0 2.086 1.986 1.91 0.01 2.787 1.816 0.954 1.09 0.927 0.012 0.007 0.012
412.1 2.086 1.986 1.91 0.01 2.787 1.816 0.954 1.09 0.927 0.012 0.007 0.012
412.2 2.086 1.986 1.91 0.01 2.787 1.816 0.954 1.09 0.927 0.012 0.007 0.012
412.3 2.086 1.986 1.91 0.01 2.787 1.816 0.954 1.09 0.927 0.012 0.007 0.012
412.4 2.086 1.986 1.91 0.01 2.787 1.816 0.954 1.09 0.927 0.012 0.007 0.012
412.5 2.086 1.986 1.91 0.01 2.787 1.816 0.954 1.09 0.927 0.012 0.007 0.012
412.6 2.086 1.986 1.91 0.01 2.787 1.816 0.954 1.09 0.927 0.012 0.007 0.012
412.7 2.086 1.986 1.91 0.01 2.787 1.816 0.954 1.09 0.927 0.012 0.007 0.012
412.8 2.086 1.986 1.91 0.01 2.787 1.816 0.954 1.09 0.927 0.012 0.007 0.012
412.9 2.086 1.986 1.91 0.01 2.787 1.816 0.954 1.09 0.927 0.012 0.007 0.012
413.0 2.086 1.986 1.91 0.01 2.787 1.816 0.954 1.09 0.927 0.012 0.007 0.012
413.1 2.086 1.986 1.91 0.01 2.787 1.816 0.954 1.09 0.927 0.012 0.007 0.012
413.2 2.086 1.986 1.91 0.01 2.787 1.816 0.954 1.09 0.927 0.012 0.007 0.012
413.3 2.086 1.986 1.91 0.01 2.787 1.816 0.954 1.09 0.927 0.012 0.007 0.012
413.4 2.086 1.986 1.91 0.01 2.787 1.816 0.954 1.09 0.927 0.012 0.007 0.012
413.5 2.086 1.986 1.91 0.01 2.787 1.816 0.954 1.09 0.927 0.012 0.007 0.012
413.6 2.086 1.986 1.91 0.01 2.787 1.816 0.954 1.09 0.927 0.012 0.007 0.012
413.7 2.086 1.986 1.91 0.01 2.787 1.816 0.954 1.09 0.927 0.012 0.007 0.012
413.8 2.086 1.986 1.91 0.01 2.787 1.816 0.954 1.09 0.927 0.012 0.007 0.012
413.9 2.086 1.986 1.91 0.01 2.787 1.816 0.954 1.09 0.927 0.012 0.007 0.012
414.0 2.086 1.986 1.91 0.01 2.787 1.816 0.954 1.09 0.927 0.012 0.007 0.012
414.1 2.086 1.986 1.91 0.01 2.787 1.816 0.954 1.09 0.927 0.012 0.007 0.012
414.2 2.086 1.986 1.91 0.01 2.787 1.816 0.954 1.09 0.927 0.012 0.007 0.012
414.3 2.086 1.986 1.91 0.01 2.787 1.816 0.954 1.09 0.927 0.012 0.007 0.012
414.4 2.086 1.986 1.91 0.01 2.787 1.816 0.954 1.09 0.927 0.012 0.007 0.012
414.5 2.086 1.986 1.91 0.01 2.787 1.816 0.954 1.09 0.927 0.012 0.007 0.012
414.6 2.086 1.986 1.91 0.01 2.787 1.816 0.954 1.09 0.927 0.012 0.007 0.012
414.7 2.086 1.986 1.91 0.01 2.787 1.816 0.954 1.09 0.927 0.012 0.007 0.012
414.8 2.086 1.986 1.91 0.01 2.787 1.816 0.954 1.09 0.927 0.012 0.007 0.012
414.9 2.086 1.986 1.91 0.01 2.787 1.816 0.954 1.09 0.927 0.012 0.007 0.012
415.0 2.086 1.986 1.91 0.01 2.787 1.816 0.954 1.09 0.927 0.012 0.007 0.012
415.1 2.086 1.986 1.91 0.01 2.787 1.816 0.954 1.09 0.927 0.012 0.007 0.012
415.2 2.086 1.986 1.91 0.01 2.787 1.816 0.954 1.09 0.927 0.012 0.007 0.012
415.3 2.086 1.986 1.91 0.01 2.787 1.816 0.954 1.09 0.927 0.012 0.007 0.012
415.4 2.086 1.986 1.91 0.01 2.787 1.816 0.954 1.09 0.927 0.012 0.007 0.012
415.5 2.086 1.986 1.91 0.01 2.787 1.816 0.954 1.09 0.927 0.012 0.007 0.012
415.6 2.086 1.986 1.91 0.01 2.787 1.816 0.954 1.09 0.927 0.012 0.007 0.012
415.7 2.086 1.986 1.91 0.01 2.787 1.816 0.954 1.09 0.927 0.012 0.007 0.012
415.8 2.086 1.986 1.91 0.01 2.787 1.816 0.954 1.09 0.927 0.012 0.007 0.012
415.9 2.086 1.986 1.91 0.01 2.787 1.816 0.954 1.09 0.927 0.012 0.007 0.012
416.0 2.086 1.986 1.91 0.01 2.787 1.816 0.954 1.09 0.927 0.012 0.007 0.012
416.1 2.086 1.986 1.91 0.01 2.787 1.816 0.954 1.09 0.927 0.012 0.007 0.012
416.2 2.086 1.986 1.91 0.01 2.787 1.816 0.954 1.09 0.927 0.012 0.007 0.012
416.3 2.086 1.986 1.91 0.01 2.787 1.816 0.954 1.09 0.927 0.012 0.007 0.012
416.4 2.086 1.986 1.91 0.01 2.787 1.816 0.954 1.09 0.927 0.012 0.007 0.012
416.5 2.086 1.986 1.91 0.01 2.787 1.816 0.954 1.09 0.927 0.012 0.007 0.012
416.6 2.086 1.986 1.91 0.01 2.787 1.816 0.954 1.09 0.927 0.012 0.007 0.012
416.7 2.086 1.986 1.91 0.01 2.787 1.816 0.954 1.09 0.927 0.012 0.007 0.012
416.8 2.086 1.986 1.91 0.01 2.787 1.816 0.954 1.09 0.927 0.012 0.007 0.012
416.9 2.086 1.986 1.91 0.01 2.787 1.816 0.954 1.09 0.927 0.012 0.007 0.012
417.0 2.086 1.986 1.91 0.01 2.787 1.816 0.954 1.09 0.927 0.012 0.007 0.012
417.1 2.086 1.986 1.91 0.01 2.787 1.816 0.954 1.09 0.927 0.012 0.007 0.012
417.2 2.086 1.986 1.91 0.01 2.787 1.816 0.954 1.09 0.927 0.012 0.007 0.012
417.3 2.086 1.986 1.91 0.01 2.787 1.816 0.954 1.09 0.927 0.012 0.007 0.012
417.4 2.086 1.986 1.91 0.01 2.787 1.816 0.954 1.09 0.927 0.012 0.007 0.012
417.5 2.086 1.986 1.91 0.01 2.787 1.816 0.954 1.09 0.927 0.012 0.007 0.012
417.6 2.086 1.986 1.91 0.01 2.787 1.816 0.954 1.09 0.927 0.012 0.007 0.012
417.7 2.086 1.986 1.91 0.01 2.787 1.816 0.954 1.09 0.927 0.012 0.007 0.012
417.8 2.086 1.986 1.91 0.01 2.787 1.816 0.954 1.09 0.927 0.012 0.007 0.012
417.9 2.086 1.986 1.91 0.01 2.787 1.816 0.954 1.09 0.927 0.012 0.007 0.012
418.0 2.086 1.986 1.91 0.01 2.787 1.816 0.954 1.09 0.927 0.012 0.007 0.012
418.1 2.086 1.986 1.91 0.01 2.787 1.816 0.954 1.09 0.927 0.012 0.007 0.012
418.2 2.086 1.986 1.91 0.01 2.787 1.816 0.954 1.09 0.927 0.012 0.007 0.012
418.3 2.086 1.986 1.91 0.01 2.787 1.816 0.954 1.09 0.927 0.012 0.007 0.012
418.4 2.086 1.986 1.91 0.01 2.787 1.816 0.954 1.09 0.927 0.012 0.007 0.012
418.5 2.086 1.986 1.91 0.01 2.787 1.816 0.954 1.09 0.927 0.012 0.007 0.012
418.6 2.086 1.986 1.91 0.01 2.787 1.816 0.954 1.09 0.927 0.012 0.007 0.012
418.7 2.086 1.986 1.91 0.01 2.787 1.816 0.954 1.09 0.927 0.012 0.007 0.012
418.8 2.086 1.986 1.91 0.01 2.787 1.816 0.954 1.09 0.927 0.012 0.007 0.012
418.9 2.086 1.986 1.91 0.01 2.787 1.816 0.954 1.09 0.927 0.012 0.007 0.012
419.0 2.086 1.986 1.91 0.01 2.787 1.816 0.954 1.09 0.927 0.012 0.007 0.012
419.1 2.086 1.986 1.91 0.01 2.787 1.816 0.954 1.09 0.927 0.012 0.007 0.012
419.2 2.086 1.986 1.91 0.01 2.787 1.816 0.954 1.09 0.927 0.012 0.007 0.012
419.3 2.086 1.986 1.91 0.01 2.787 1.816 0.954 1.09 0.927 0.012 0.007 0.012
419.4 2.086 1.986 1.91 0.01 2.787 1.816 0.954 1.09 0.927 0.012 0.007 0.012
419.5 2.086 1.986 1.91 0.01 2.787 1.816 0.954 1.09 0.927 0.012 0.007 0.012
419.6 2.086 1.986 1.91 0.01 2.787 1.816 0.954 1.09 0.927 0.012 0.007 0.012
419.7 2.086 1.986 1.91 0.01 2.787 1.816 0.954 1.09 0.927 0.012 0.007 0.012
419.8 2.086 1.986 1.91 0.01 2.787 1.816 0.954 1.09 0.927 0.012 0.007 0.012
419.9 2.086 1.986 1.91 0.01 2.787 1.816 0.954 1.09 0.927 0.012 0.007 0.012
420.0 2.086 1.986 1.91 0.01 2.787 1.816 0.954 1.09 0.927 0.012 0.007 0.012
420.1 2.086 1.986 1.91 0.01 2.787 1.816 0.954 1.09 0.927 0.012 0.007 0.012
420.2 2.086 1.986 1.91 0.01 2.787 1.816 0.954 1.09 0.927 0.012 0.007 0.012
420.3 2.086 1.986 1.91 0.01 2.787 1.816 0.954 1.09 0.927 0.012 0.007 0.012
420.4 2.086 1.986 1.91 0.01 2.787 1.816 0.954 1.09 0.927 0.012 0.007 0.012
420.5 2.086 1.986 1.91 0.01 2.787 1.816 0.954 1.09 0.927 0.012 0.007 0.012
420.6 2.086 1.986 1.91 0.01 2.787 1.816 0.954 1.09 0.927 0.012 0.007 0.012
420.7 2.086 1.986 1.91 0.01 2.787 1.816 0.954 1.09 0.927 0.012 0.007 0.012
420.8 2.086 1.986 1.91 0.01 2.787 1.816 0.954 1.09 0.927 0.012 0.007 0.012
420.9 2.086 1.986 1.91 0.01 2.787 1.816 0.954 1.09 0.927 0.012 0.007 0.012
421.0 2.086 1.986 1.91 0.01 2.787 1.816 0.954 1.09 0.927 0.012 0.007 0.012
421.1 2.086 1.986 1.91 0.01 2.787 1.816 0.954 1.09 0.927 0.012 0.007 0.012
421.2 2.086 1.986 1.91 0.01 2.787 1.816 0.954 1.09 0.927 0.012 0.007 0.012
421.3 2.086 1.986 1.91 0.01 2.787 1.816 0.954 1.09 0.927 0.012 0.007 0.012
421.4 2.086 1.986 1.91 0.01 2.787 1.816 0.954 1.09 0.927 0.012 0.007 0.012
421.5 2.086 1.986 1.91 0.01 2.787 1.816 0.954 1.09 0.927 0.012 0.007 0.012
421.6 2.086 1.986 1.91 0.01 2.787 1.816 0.954 1.09 0.927 0.012 0.007 0.012
421.7 2.086 1.986 1.91 0.01 2.787 1.816 0.954 1.09 0.927 0.012 0.007 0.012
421.8 2.086 1.986 1.91 0.01 2.787 1.816 0.954 1.09 0.927 0.012 0.007 0.012
421.9 2.086 1.986 1.91 0.01 2.787 1.816 0.954 1.09 0.927 0.012 0.007 0.012
422.0 2.086 1.986 1.91 0.01 2.787 1.816 0.954 1.09 0.927 0.012 0.007 0.012
422.1 2.086 1.986 1.91 0.01 2.787 1.816 0.954 1.09 0.927 0.012 0.007 0.012
422.2 2.086 1.986 1.91 0.01 2.787 1.816 0.954 1.09 0.927 0.012 0.007 0.012
422.3 2.086 1.986 1.91 0.01 2.787 1.816 0.954 1.09 0.927 0.012 0.007 0.012
422.4 2.086 1.986 1.91 0.01 2.787 1.816 0.954 1.09 0.927 0.012 0.007 0.012
422.5 2.086 1.986 1.91 0.01 2.787 1.816 0.954 1.09 0.927 0.012 0.007 0.012
422.6 2.086 1.986 1.91 0.01 2.787 1.816 0.954 1.09 0.927 0.012 0.007 0.012
422.7 2.086 1.986 1.91 0.01 2.787 1.816 0.954 1.09 0.927 0.012 0.007 0.012
422.8 2.086 1.986 1.91 0.01 2.787 1.816 0.954 1.09 0.927 0.012 0.007 0.012
422.9 2.086 1.986 1.91 0.01 2.787 1.816 0.954 1.09 0.927 0.012 0.007 0.012
423.0 2.086 1.986 1.91 0.01 2.787 1.816 0.954 1.09 0.927 0.012 0.007 0.012
423.1 2.086 1.986 1.91 0.01 2.787 1.816 0.954 1.09 0.927 0.012 0.007 0.012
423.2 2.086 1.986 1.91 0.01 2.787 1.816 0.954 1.09 0.927 0.012 0.007 0.012
423.3 2.086 1.986 1.91 0.01 2.787 1.816 0.954 1.09 0.927 0.012 0.007 0.012
423.4 2.086 1.986 1.91 0.01 2.787 1.816 0.954 1.09 0.927 0.012 0.007 0.012
423.5 2.086 1.986 1.91 0.01 2.787 1.816 0.954 1.09 0.927 0.012 0.007 0.012
423.6 2.086 1.986 1.91 0.01 2.787 1.816 0.954 1.09 0.927 0.012 0.007 0.012
423.7 2.086 1.986 1.91 0.01 2.787 1.816 0.954 1.09 0.927 0.012 0.007 0.012
423.8 2.086 1.986 1.91 0.01 2.787 1.816 0.954 1.09 0.927 0.012 0.007 0.012
423.9 2.086 1.986 1.91 0.01 2.787 1.816 0.954 1.09 0.927 0.012 0.007 0.012
424.0 2.086 1.986 1.91 0.01 2.787 1.816 0.954 1.09 0.927 0.012 0.007 0.012
424.1 2.086 1.986 1.91 0.01 2.787 1.816 0.954 1.09 0.927 0.012 0.007 0.012
424.2 2.086 1.986 1.91 0.01 2.787 1.816 0.954 1.09 0.927 0.012 0.007 0.012
424.3 2.086 1.986 1.91 0.01 2.787 1.816 0.954 1.09 0.927 0.012 0.007 0.012
424.4 2.086 1.986 1.91 0.01 2.787 1.816 0.954 1.09 0.927 0.012 0.007 0.012
424.5 2.086 1.986 1.91 0.01 2.787 1.816 0.954 1.09 0.927 0.012 0.007 0.012
424.6 2.086 1.986 1.91 0.01 2.787 1.816 0.954 1.09 0.927 0.012 0.007 0.012
424.7 2.086 1.986 1.91 0.01 2.787 1.816 0.954 1.09 0.927 0.012 0.007 0.012
424.8 2.086 1.986 1.91 0.01 2.787 1.816 0.954 1.09 0.927 0.012 0.007 0.012
424.9 2.086 1.986 1.91 0.01 2.787 1.816 0.954 1.09 0.927 0.012 0.007 0.012
425.0 2.086 1.986 1.91 0.01 2.787 1.816 0.954 1.09 0.927 0.012 0.007 0.012
425.1 2.086 1.986 1.91 0.01 2.787 1.816 0.954 1.09 0.927 0.012 0.007 0.012
425.2 2.086 1.986 1.91 0.01 2.787 1.816 0.954 1.09 0.927 0.012 0.007 0.012
425.3 2.086 1.986 1.91 0.01 2.787 1.816 0.954 1.09 0.927 0.012 0.007 0.012
425.4 2.086 1.986 1.91 0.01 2.787 1.816 0.954 1.09 0.927 0.012 0.007 0.012
425.5 2.086 1.986 1.91 0.01 2.787 1.816 0.954 1.09 0.927 0.012 0.007 0.012
425.6 2.086 1.986 1.91 0.01 2.787 1.816 0.954 1.09 0.927 0.012 0.007 0.012
425.7 2.086 1.986 1.91 0.01 2.787 1.816 0.954 1.09 0.927 0.012 0.007 0.012
425.8 2.086 1.986 1.91 0.01 2.787 1.816 0.954 1.09 0.927 0.012 0.007 0.012
425.9 2.086 1.986 1.91 0.01 2.787 1.816 0.954 1.09 0.927 0.012 0.007 0.012
426.0 2.086 1.986 1.91 0.01 2.787 1.816 0.954 1.09 0.927 0.012 0.007 0.012
426.1 2.086 1.986 1.91 0.01 2.787 1.816 0.954 1.09 0.927 0.012 0.007 0.012
426.2 2.086 1.986 1.91 0.01 2.787 1.816 0.954 1.09 0.927 0.012 0.007 0.012
426.3 2.086 1.986 1.91 0.01 2.787 1.816 0.954 1.09 0.927 0.012 0.007 0.012
426.4 2.086 1.986 1.91 0.01 2.787 1.816 0.954 1.09 0.927 0.012 0.007 0.012
426.5 2.086 1.986 1.91 0.01 2.787 1.816 0.954 1.09 0.927 0.012 0.007 0.012
426.6 2.086 1.986 1.91 0.01 2.787 1.816 0.954 1.09 0.927 0.012 0.007 0.012
426.7 2.086 1.986 1.91 0.01 2.787 1.816 0.954 1.09 0.927 0.012 0.007 0.012
426.8 2.086 1.986 1.91 0.01 2.787 1.816 0.954 1.09 0.927 0.012 0.007 0.012
426.9 2.086 1.986 1.91 0.01 2.787 1.816 0.954 1.09 0.927 0.012 0.007 0.012
427.0 2.086 1.986 1.91 0.01 2.787 1.816 0.954 1.09 0.927 0.012 0.007 0.012
427.1 2.086 1.986 1.91 0.01 2.787 1.816 0.954 1.09 0.927 0.012 0.007 0.012
427.2 2.086 1.986 1.91 0.01 2.787 1.816 0.954 1.09 0.927 0.012 0.007 0.012
427.3 2.086 1.986 1.91 0.01 2.787 1.816 0.954 1.09 0.927 0.012 0.007 0.012
427.4 2.086 1.986 1.91 0.01 2.787 1.816 0.954 1.09 0.927 0.012 0.007 0.012
427.5 2.086 1.986 1.91 0.01 2.787 1.816 0.954 1.09 0.927 0.012 0.007 0.012
427.6 2.086 1.986 1.91 0.01 2.787 1.816 0.954 1.09 0.927 0.012 0.007 0.012
427.7 2.086 1.986 1.91 0.01 2.787 1.816 0.954 1.09 0.927 0.012 0.007 0.012
427.8 2.086 1.986 1.91 0.01 2.787 1.816 0.954 1.09 0.927 0.012 0.007 0.012
427.9 2.086 1.986 1.91 0.01 2.787 1.816 0.954 1.09 0.927 0.012 0.007 0.012
428.0 2.086 1.986 1.91 0.01 2.787 1.816 0.954 1.09 0.927 0.012 0.007 0.012
428.1 2.086 1.986 1.91 0.01 2.787 1.816 0.954 1.09 0.927 0.012 0.007 0.012
428.2 2.086 1.986 1.91 0.01 2.787 1.816 0.954 1.09 0.927 0.012 0.007 0.012
428.3 2.086 1.986 1.91 0.01 2.787 1.816 0.954 1.09 0.927 0.012 0.007 0.012
428.4 2.086 1.986 1.91 0.01 2.787 1.816 0.954 1.09 0.927 0.012 0.007 0.012
428.5 2.086 1.986 1.91 0.01 2.787 1.816 0.954 1.09 0.927 0.012 0.007 0.012
428.6 2.086 1.986 1.91 0.01 2.787 1.816 0.954 1.09 0.927 0.012 0.007 0.012
428.7 2.086 1.986 1.91 0.01 2.787 1.816 0.954 1.09 0.927 0.012 0.007 0.012
428.8 2.086 1.986 1.91 0.01 2.787 1.816 0.954 1.09 0.927 0.012 0.007 0.012
428.9 2.086 1.986 1.91 0.01 2.787 1.816 0.954 1.09 0.927 0.012 0.007 0.012
429.0 2.086 1.986 1.91 0.01 2.787 1.816 0.954 1.09 0.927 0.012 0.007 0.012
429.1 2.086 1.986 1.91 0.01 2.787 1.816 0.954 1.09 0.927 0.012 0.007 0.012
429.2 2.086 1.986 1.91 0.01 2.787 1.816 0.954 1.09 0.927 0.012 0.007 0.012
429.3 2.086 1.986 1.91 0.01 2.787 1.816 0.954 1.09 0.927 0.012 0.007 0.012
429.4 2.086 1.986 1.91 0.01 2.787 1.816 0.954 1.09 0.927 0.012 0.007 0.012
429.5 2.086 1.986 1.91 0.01 2.787 1.816 0.954 1.09 0.927 0.012 0.007 0.012
429.6 2.086 1.986 1.91 0.01 2.787 1.816 0.954 1.09 0.927 0.012 0.007 0.012
429.7 2.086 1.986 1.91 0.01 2.787 1.816 0.954 1.09 0.927 0.012 0.007 0.012
429.8 2.086 1.986 1.91 0.01 2.787 1.816 0.954 1.09 0.927 0.012 0.007 0.012
429.9 2.086 1.986 1.91 0.01 2.787 1.816 0.954 1.09 0.927 0.012 0.007 0.012
430.0 2.086 1.986 1.91 0.01 2.787 1.816 0.954 1.09 0.927 0.012 0.007 0.012
430.1 2.086 1.986 1.91 0.01 2.787 1.816 0.954 1.09 0.927 0.012 0.007 0.012
430.2 2.086 1.986 1.91 0.01 2.787 1.816 0.954 1.09 0.927 0.012 0.007 0.012
430.3 2.086 1.986 1.91 0.01 2.787 1.816 0.954 1.09 0.927 0.012 0.007 0.012
430.4 2.086 1.986 1.91 0.01 2.787 1.816 0.954 1.09 0.927 0.012 0.007 0.012
430.5 2.086 1.986 1.91 0.01 2.787 1.816 0.954 1.09 0.927 0.012 0.007 0.012
430.6 2.086 1.986 1.91 0.01 2.787 1.816 0.954 1.09 0.927 0.012 0.007 0.012
430.7 2.086 1.986 1.91 0.01 2.787 1.816 0.954 1.09 0.927 0.012 0.007 0.012
430.8 2.086 1.986 1.91 0.01 2.787 1.816 0.954 1.09 0.927 0.012 0.007 0.012
430.9 2.086 1.986 1.91 0.01 2.787 1.816 0.954 1.09 0.927 0.012 0.007 0.012
431.0 2.086 1.986 1.91 0.01 2.787 1.816 0.954 1.09 0.927 0.012 0.007 0.012
431.1 2.086 1.986 1.91 0.01 2.787 1.816 0.954 1.09 0.927 0.012 0.007 0.012
431.2 2.086 1.986 1.91 0.01 2.787 1.816 0.954 1.09 0.927 0.012 0.007 0.012
431.3 2.086 1.986 1.91 0.01 2.787 1.816 0.954 1.09 0.927 0.012 0.007 0.012
431.4 2.086 1.986 1.91 0.01 2.787 1.816 0.954 1.09 0.927 0.012 0.007 0.012
431.5 2.086 1.986 1.91 0.01 2.787 1.816 0.954 1.09 0.927 0.012 0.007 0.012
431.6 2.086 1.986 1.91 0.01 2.787 1.816 0.954 1.09 0.927 0.012 0.007 0.012
431.7 2.086 1.986 1.91 0.01 2.787 1.816 0.954 1.09 0.927 0.012 0.007 0.012
431.8 2.086 1.986 1.91 0.01 2.787 1.816 0.954 1.09 0.927 0.012 0.007 0.012
431.9 2.086 1.986 1.91 0.01 2.787 1.816 0.954 1.09 0.927 0.012 0.007 0.012
432.0 2.086 1.986 1.91 0.01 2.787 1.816 0.954 1.09 0.927 0.012 0.007 0.012
432.1 2.086 1.986 1.91 0.01 2.787 1.816 0.954 1.09 0.927 0.012 0.007 0.012
432.2 2.086 1.986 1.91 0.01 2.787 1.816 0.954 1.09 0.927 0.012 0.007 0.012
432.3 2.086 1.986 1.91 0.01 2.787 1.816 0.954 1.09 0.927 0.012 0.007 0.012
432.4 2.086 1.986 1.91 0.01 2.787 1.816 0.954 1.09 0.927 0.012 0.007 0.012
432.5 2.086 1.986 1.91 0.01 2.787 1.816 0.954 1.09 0.927 0.012 0.007 0.012
432.6 2.086 1.986 1.91 0.01 2.787 1.816 0.954 1.09 0.927 0.012 0.007 0.012
432.7 2.086 1.986 1.91 0.01 2.787 1.816 0.954 1.09 0.927 0.012 0.007 0.012
432.8 2.086 1.986 1.91 0.01 2.787 1.816 0.954 1.09 0.927 0.012 0.007 0.012
432.9 2.086 1.986 1.91 0.01 2.787 1.816 0.954 1.09 0.927 0.012 0.007 0.012
433.0 2.086 1.986 1.91 0.01 2.787 1.816 0.954 1.09 0.927 0.012 0.007 0.012
433.1 2.086 1.986 1.91 0.01 2.787 1.816 0.954 1.09 0.927 0.012 0.007 0.012
433.2 2.086 1.986 1.91 0.01 2.787 1.816 0.954 1.09 0.927 0.012 0.007 0.012
433.3 2.086 1.986 1.91 0.01 2.787 1.816 0.954 1.09 0.927 0.012 0.007 0.012
433.4 2.086 1.986 1.91 0.01 2.787 1.816 0.954 1.09 0.927 0.012 0.007 0.012
433.5 2.086 1.986 1.91 0.01 2.787 1.816 0.954 1.09 0.927 0.012 0.007 0.012
433.6 2.086 1.986 1.91 0.01 2.787 1.816 0.954 1.09 0.927 0.012 0.007 0.012
433.7 2.086 1.986 1.91 0.01 2.787 1.816 0.954 1.09 0.927 0.012 0.007 0.012
433.8 2.086 1.986 1.91 0.01 2.787 1.816 0.954 1.09 0.927 0.012 0.007 0.012
433.9 2.086 1.986 1.91 0.01 2.787 1.816 0.954 1.09 0.927 0.012 0.007 0.012
434.0 2.086 1.986 1.91 0.01 2.787 1.816 0.954 1.09 0.927 0.012 0.007 0.012
434.1 2.086 1.986 1.91 0.01 2.787 1.816 0.954 1.09 0.927 0.012 0.007 0.012
434.2 2.086 1.986 1.91 0.01 2.787 1.816 0.954 1.09 0.927 0.012 0.007 0.012
434.3 2.086 1.986 1.91 0.01 2.787 1.816 0.954 1.09 0.927 0.012 0.007 0.012
434.4 2.086 1.986 1.91 0.01 2.787 1.816 0.954 1.09 0.927 0.012 0.007 0.012
434.5 2.086 1.986 1.91 0.01 2.787 1.816 0.954 1.09 0.927 0.012 0.007 0.012
434.6 2.086 1.986 1.91 0.01 2.787 1.816 0.954 1.09 0.927 0.012 0.007 0.012
434.7 2.086 1.986 1.91 0.01 2.787 1.816 0.954 1.09 0.927 0.012 0.007 0.012
434.8 2.086 1.986 1.91 0.01 2.787 1.816 0.954 1.09 0.927 0.012 0.007 0.012
434.9 2.086 1.986 1.91 0.01 2.787 1.816 0.954 1.09 0.927 0.012 0.007 0.012
435.0 2.086 1.986 1.91 0.01 2.787 1.816 0.954 1.09 0.927 0.012 0.007 0.012
435.1 2.086 1.986 1.91 0.01 2.787 1.816 0.954 1.09 0.927 0.012 0.007 0.012
435.2 2.086 1.986 1.91 0.01 2.787 1.816 0.954 1.09 0.927 0.012 0.007 0.012
435.3 2.086 1.986 1.91 0.01 2.787 1.816 0.954 1.09 0.927 0.012 0.007 0.012
435.4 2.086 1.986 1.91 0.01 2.787 1.816 0.954 1.09 0.927 0.012 0.007 0.012
435.5 2.086 1.986 1.91 0.01 2.787 1.816 0.954 1.09 0.927 0.012 0.007 0.012
435.6 2.086 1.986 1.91 0.01 2.787 1.816 0.954 1.09 0.927 0.012 0.007 0.012
435.7 2.086 1.986 1.91 0.01 2.787 1.816 0.954 1.09 0.927 0.012 0.007 0.012
435.8 2.086 1.986 1.91 0.01 2.787 1.816 0.954 1.09 0.927 0.012 0.007 0.012
435.9 2.086 1.986 1.91 0.01 2.787 1.816 0.954 1.09 0.927 0.012 0.007 0.012
436.0 2.086 1.986 1.91 0.01 2.787 1.816 0.954 1.09 0.927 0.012 0.007 0.012
436.1 2.086 1.986 1.91 0.01 2.787 1.816 0.954 1.09 0.927 0.012 0.007 0.012
436.2 2.086 1.986 1.91 0.01 2.787 1.816 0.954 1.09 0.927 0.012 0.007 0.012
436.3 2.086 1.986 1.91 0.01 2.787 1.816 0.954 1.09 0.927 0.012 0.007 0.012
436.4 2.086 1.986 1.91 0.01 2.787 1.816 0.954 1.09 0.927 0.012 0.007 0.012
436.5 2.086 1.986 1.91 0.01 2.787 1.816 0.954 1.09 0.927 0.012 0.007 0.012
436.6 2.086 1.986 1.91 0.01 2.787 1.816 0.954 1.09 0.927 0.012 0.007 0.012
436.7 2.086 1.986 1.91 0.01 2.787 1.816 0.954 1.09 0.927 0.012 0.007 0.012
436.8 2.086 1.986 1.91 0.01 2.787 1.816 0.954 1.09 0.927 0.012 0.007 0.012
436.9 2.086 1.986 1.91 0.01 2.787 1.816 0.954 1.09 0.927 0.012 0.007 0.012
437.0 2.086 1.986 1.91 0.01 2.787 1.816 0.954 1.09 0.927 0.012 0.007 0.012
437.1 2.086 1.986 1.91 0.01 2.787 1.816 0.954 1.09 0.927 0.012 0.007 0.012
437.2 2.086 1.986 1.91 0.01 2.787 1.816 0.954 1.09 0.927 0.012 0.007 0.012
437.3 2.086 1.986 1.91 0.01 2.787 1.816 0.954 1.09 0.927 0.012 0.007 0.012
437.4 2.086 1.986 1.91 0.01 2.787 1.816 0.954 1.09 0.927 0.012 0.007 0.012
437.5 2.086 1.986 1.91 0.01 2.787 1.816 0.954 1.09 0.927 0.012 0.007 0.012
437.6 2.086 1.986 1.91 0.01 2.787 1.816 0.954 1.09 0.927 0.012 0.007 0.012
437.7 2.086 1.986 1.91 0.01 2.787 1.816 0.954 1.09 0.927 0.012 0.007 0.012
437.8 2.086 1.986 1.91 0.01 2.787 1.816 0.954 1.09 0.927 0.012 0.007 0.012
437.9 2.086 1.986 1.91 0.01 2.787 1.816 0.954 1.09 0.927 0.012 0.007 0.012
438.0 2.086 1.986 1.91 0.01 2.787 1.816 0.954 1.09 0.927 0.012 0.007 0.012
438.1 2.086 1.986 1.91 0.01 2.787 1.816 0.954 1.09 0.927 0.012 0.007 0.012
438.2 2.086 1.986 1.91 0.01 2.787 1.816 0.954 1.09 0.927 0.012 0.007 0.012
438.3 2.086 1.986 1.91 0.01 2.787 1.816 0.954 1.09 0.927 0.012 0.007 0.012
438.4 2.086 1.986 1.91 0.01 2.787 1.816 0.954 1.09 0.927 0.012 0.007 0.012
438.5 2.086 1.986 1.91 0.01 2.787 1.816 0.954 1.09 0.927 0.012 0.007 0.012
438.6 2.086 1.986 1.91 0.01 2.787 1.816 0.954 1.09 0.927 0.012 0.007 0.012
438.7 2.086 1.986 1.91 0.01 2.787 1.816 0.954 1.09 0.927 0.012 0.007 0.012
438.8 2.086 1.986 1.91 0.01 2.787 1.816 0.954 1.09 0.927 0.012 0.007 0.012
438.9 2.086 1.986 1.91 0.01 2.787 1.816 0.954 1.09 0.927 0.012 0.007 0.012
439.0 2.086 1.986 1.91 0.01 2.787 1.816 0.954 1.09 0.927 0.012 0.007 0.012
439.1 2.086 1.986 1.91 0.01 2.787 1.816 0.954 1.09 0.927 0.012 0.007 0.012
439.2 2.086 1.986 1.91 0.01 2.787 1.816 0.954 1.09 0.927 0.012 0.007 0.012
439.3 2.086 1.986 1.91 0.01 2.787 1.816 0.954 1.09 0.927 0.012 0.007 0.012
439.4 2.086 1.986 1.91 0.01 2.787 1.816 0.954 1.09 0.927 0.012 0.007 0.012
439.5 2.086 1.986 1.91 0.01 2.787 1.816 0.954 1.09 0.927 0.012 0.007 0.012
439.6 2.086 1.986 1.91 0.01 2.787 1.816 0.954 1.09 0.927 0.012 0.007 0.012
439.7 2.086 1.986 1.91 0.01 2.787 1.816 0.954 1.09 0.927 0.012 0.007 0.012
439.8 2.086 1.986 1.91 0.01 2.787 1.816 0.954 1.09 0.927 0.012 0.007 0.012
439.9 2.086 1.986 1.91 0.01 2.787 1.816 0.954 1.09 0.927 0.012 0.007 0.012
440.0 2.086 1.986 1.91 0.01 2.787 1.816 0.954 1.09 0.927 0.012 0.007 0.012
440.1 2.086 1.986 1.91 0.01 2.787 1.816 0.954 1.09 0.927 0.012 0.007 0.012
440.2 2.086 1.986 1.91 0.01 2.787 1.816 0.954 1.09 0.927 0.012 0.007 0.012
440.3 2.086 1.986 1.91 0.01 2.787 1.816 0.954 1.09 0.927 0.012 0.007 0.012
440.4 2.086 1.986 1.91 0.01 2.787 1.816 0.954 1.09 0.927 0.012 0.007 0.012
440.5 2.086 1.986 1.91 0.01 2.787 1.816 0.954 1.09 0.927 0.012 0.007 0.012
440.6 2.086 1.986 1.91 0.01 2.787 1.816 0.954 1.09 0.927 0.012 0.007 0.012
440.7 2.086 1.986 1.91 0.01 2.787 1.816 0.954 1.09 0.927 0.012 0.007 0.012
440.8 2.086 1.986 1.91 0.01 2.787 1.816 0.954 1.09 0.927 0.012 0.007 0.012
440.9 2.086 1.986 1.91 0.01 2.787 1.816 0.954 1.09 0.927 0.012 0.007 0.012
441.0 2.086 1.986 1.91 0.01 2.787 1.816 0.954 1.09 0.927 0.012 0.007 0.012
441.1 2.086 1.986 1.91 0.01 2.787 1.816 0.954 1.09 0.927 0.012 0.007 0.012
441.2 2.086 1.986 1.91 0.01 2.787 1.816 0.954 1.09 0.927 0.012 0.007 0.012
441.3 2.086 1.986 1.91 0.01 2.787 1.816 0.954 1.09 0.927 0.012 0.007 0.012
441.4 2.086 1.986 1.91 0.01 2.787 1.816 0.954 1.09 0.927 0.012 0.007 0.012
441.5 2.086 1.986 1.91 0.01 2.787 1.816 0.954 1.09 0.927 0.012 0.007 0.012
441.6 2.086 1.986 1.91 0.01 2.787 1.816 0.954 1.09 0.927 0.012 0.007 0.012
441.7 2.086 1.986 1.91 0.01 2.787 1.816 0.954 1.09 0.927 0.012 0.007 0.012
441.8 2.086 1.986 1.91 0.01 2.787 1.816 0.954 1.09 0.927 0.012 0.007 0.012
441.9 2.086 1.986 1.91 0.01 2.787 1.816 0.954 1.09 0.927 0.012 0.007 0.012
442.0 2.086 1.986 1.91 0.01 2.787 1.816 0.954 1.09 0.927 0.012 0.007 0.012
442.1 2.086 1.986 1.91 0.01 2.787 1.816 0.954 1.09 0.927 0.012 0.007 0.012
442.2 2.086 1.986 1.91 0.01 2.787 1.816 0.954 1.09 0.927 0.012 0.007 0.012
442.3 2.086 1.986 1.91 0.01 2.787 1.816 0.954 1.09 0.927 0.012 0.007 0.012
442.4 2.086 1.986 1.91 0.01 2.787 1.816 0.954 1.09 0.927 0.012 0.007 0.012
442.5 2.086 1.986 1.91 0.01 2.787 1.816 0.954 1.09 0.927 0.012 0.007 0.012
442.6 2.086 1.986 1.91 0.01 2.787 1.816 0.954 1.09 0.927 0.012 0.007 0.012
442.7 2.086 1.986 1.91 0.01 2.787 1.816 0.954 1.09 0.927 0.012 0.007 0.012
442.8 2.086 1.986 1.91 0.01 2.787 1.816 0.954 1.09 0.927 0.012 0.007 0.012
442.9 2.086 1.986 1.91 0.01 2.787 1.816 0.954 1.09 0.927 0.012 0.007 0.012
443.0 2.086 1.986 1.91 0.01 2.787 1.816 0.954 1.09 0.927 0.012 0.007 0.012
443.1 2.086 1.986 1.91 0.01 2.787 1.816 0.954 1.09 0.927 0.012 0.007 0.012
443.2 2.086 1.986 1.91 0.01 2.787 1.816 0.954 1.09 0.927 0.012 0.007 0.012
443.3 2.086 1.986 1.91 0.01 2.787 1.816 0.954 1.09 0.927 0.012 0.007 0.012
443.4 2.086 1.986 1.91 0.01 2.787 1.816 0.954 1.09 0.927 0.012 0.007 0.012
443.5 2.086 1.986 1.91 0.01 2.787 1.816 0.954 1.09 0.927 0.012 0.007 0.012
443.6 2.086 1.986 1.91 0.01 2.787 1.816 0.954 1.09 0.927 0.012 0.007 0.012
443.7 2.086 1.986 1.91 0.01 2.787 1.816 0.954 1.09 0.927 0.012 0.007 0.012
443.8 2.086 1.986 1.91 0.01 2.787 1.816 0.954 1.09 0.927 0.012 0.007 0.012
443.9 2.086 1.986 1.91 0.01 2.787 1.816 0.954 1.09 0.927 0.012 0.007 0.012
444.0 2.086 1.986 1.91 0.01 2.787 1.816 0.954 1.09 0.927 0.012 0.007 0.012
444.1 2.086 1.986 1.91 0.01 2.787 1.816 0.954 1.09 0.927 0.012 0.007 0.012
444.2 2.086 1.986 1.91 0.01 2.787 1.816 0.954 1.09 0.927 0.012 0.007 0.012
444.3 2.086 1.986 1.91 0.01 2.787 1.816 0.954 1.09 0.927 0.012 0.007 0.012
444.4 2.086 1.986 1.91 0.01 2.787 1.816 0.954 1.09 0.927 0.012 0.007 0.012
444.5 2.086 1.986 1.91 0.01 2.787 1.816 0.954 1.09 0.927 0.012 0.007 0.012
444.6 2.086 1.986 1.91 0.01 2.787 1.816 0.954 1.09 0.927 0.012 0.007 0.012
444.7 2.086 1.986 1.91 0.01 2.787 1.816 0.954 1.09 0.927 0.012 0.007 0.012
444.8 2.086 1.986 1.91 0.01 2.787 1.816 0.954 1.09 0.927 0.012 0.007 0.012
444.9 2.086 1.986 1.91 0.01 2.787 1.816 0.954 1.09 0.927 0.012 0.007 0.012
445.0 2.086 1.986 1.91 0.01 2.787 1.816 0.954 1.09 0.927 0.012 0.007 0.012
445.1 2.086 1.986 1.91 0.01 2.787 1.816 0.954 1.09 0.927 0.012 0.007 0.012
445.2 2.086 1.986 1.91 0.01 2.787 1.816 0.954 1.09 0.927 0.012 0.007 0.012
445.3 2.086 1.986 1.91 0.01 2.787 1.816 0.954 1.09 0.927 0.012 0.007 0.012
445.4 2.086 1.986 1.91 0.01 2.787 1.816 0.954 1.09 0.927 0.012 0.007 0.012
445.5 2.086 1.986 1.91 0.01 2.787 1.816 0.954 1.09 0.927 0.012 0.007 0.012
445.6 2.086 1.986 1.91 0.01 2.787 1.816 0.954 1.09 0.927 0.012 0.007 0.012
445.7 2.086 1.986 1.91 0.01 2.787 1.816 0.954 1.09 0.927 0.012 0.007 0.012
445.8 2.086 1.986 1.91 0.01 2.787 1.816 0.954 1.09 0.927 0.012 0.007 0.012
445.9 2.086 1.986 1.91 0.01 2.787 1.816 0.954 1.09 0.927 0.012 0.007 0.012
446.0 2.086 1.986 1.91 0.01 2.787 1.816 0.954 1.09 0.927 0.012 0.007 0.012
446.1 2.086 1.986 1.91 0.01 2.787 1.816 0.954 1.09 0.927 0.012 0.007 0.012
446.2 2.086 1.986 1.91 0.01 2.787 1.816 0.954 1.09 0.927 0.012 0.007 0.012
446.3 2.086 1.986 1.91 0.01 2.787 1.816 0.954 1.09 0.927 0.012 0.007 0.012
446.4 2.086 1.986 1.91 0.01 2.787 1.816 0.954 1.09 0.927 0.012 0.007 0.012
446.5 2.086 1.986 1.91 0.01 2.787 1.816 0.954 1.09 0.927 0.012 0.007 0.012
446.6 2.086 1.986 1.91 0.01 2.787 1.816 0.954 1.09 0.927 0.012 0.007 0.012
446.7 2.086 1.986 1.91 0.01 2.787 1.816 0.954 1.09 0.927 0.012 0.007 0.012
446.8 2.086 1.986 1.91 0.01 2.787 1.816 0.954 1.09 0.927 0.012 0.007 0.012
446.9 2.086 1.986 1.91 0.01 2.787 1.816 0.954 1.09 0.927 0.012 0.007 0.012
447.0 2.086 1.986 1.91 0.01 2.787 1.816 0.954 1.09 0.927 0.012 0.007 0.012
447.1 2.086 1.986 1.91 0.01 2.787 1.816 0.954 1.09 0.927 0.012 0.007 0.012
447.2 2.086 1.986 1.91 0.01 2.787 1.816 0.954 1.09 0.927 0.012 0.007 0.012
447.3 2.086 1.986 1.91 0.01 2.787 1.816 0.954 1.09 0.927 0.012 0.007 0.012
447.4 2.086 1.986 1.91 0.01 2.787 1.816 0.954 1.09 0.927 0.012 0.007 0.012
447.5 2.086 1.986 1.91 0.01 2.787 1.816 0.954 1.09 0.927 0.012 0.007 0.012
447.6 2.086 1.986 1.91 0.01 2.787 1.816 0.954 1.09 0.927 0.012 0.007 0.012
447.7 2.086 1.986 1.91 0.01 2.787 1.816 0.954 1.09 0.927 0.012 0.007 0.012
447.8 2.086 1.986 1.91 0.01 2.787 1.816 0.954 1.09 0.927 0.012 0.007 0.012
447.9 2.086 1.986 1.91 0.01 2.787 1.816 0.954 1.09 0.927 0.012 0.007 0.012
448.0 2.086 1.986 1.91 0.01 2.787 1.816 0.954 1.09 0.927 0.012 0.007 0.012
448.1 2.086 1.986 1.91 0.01 2.787 1.816 0.954 1.09 0.927 0.012 0.007 0.012
448.2 2.086 1.986 1.91 0.01 2.787 1.816 0.954 1.09 0.927 0.012 0.007 0.012
448.3 2.086 1.986 1.91 0.01 2.787 1.816 0.954 1.09 0.927 0.012 0.007 0.012
448.4 2.086 1.986 1.91 0.01 2.787 1.816 0.954 1.09 0.927 0.012 0.007 0.012
448.5 2.086 1.986 1.91 0.01 2.787 1.816 0.954 1.09 0.927 0.012 0.007 0.012
448.6 2.086 1.986 1.91 0.01 2.787 1.816 0.954 1.09 0.927 0.012 0.007 0.012
448.7 2.086 1.986 1.91 0.01 2.787 1.816 0.954 1.09 0.927 0.012 0.007 0.012
448.8 2.086 1.986 1.91 0.01 2.787 1.816 0.954 1.09 0.927 0.012 0.007 0.012
448.9 2.086 1.986 1.91 0.01 2.787 1.816 0.954 1.09 0.927 0.012 0.007 0.012
449.0 2.086 1.986 1.91 0.01 2.787 1.816 0.954 1.09 0.927 0.012 0.007 0.012
449.1 2.086 1.986 1.91 0.01 2.787 1.816 0.954 1.09 0.927 0.012 0.007 0.012
449.2 2.086 1.986 1.91 0.01 2.787 1.816 0.954 1.09 0.927 0.012 0.007 0.012
449.3 2.086 1.986 1.91 0.01 2.787 1.816 0.954 1.09 0.927 0.012 0.007 0.012
449.4 2.086 1.986 1.91 0.01 2.787 1.816 0.954 1.09 0.927 0.012 0.007 0.012
449.5 2.086 1.986 1.91 0.01 2.787 1.816 0.954 1.09 0.927 0.012 0.007 0.012
449.6 2.086 1.986 1.91 0.01 2.787 1.816 0.954 1.09 0.927 0.012 0.007 0.012
449.7 2.086 1.986 1.91 0.01 2.787 1.816 0.954 1.09 0.927 0.012 0.007 0.012
449.8 2.086 1.986 1.91 0.01 2.787 1.816 0.954 1.09 0.927 0.012 0.007 0.012
449.9 2.086 1.986 1.91 0.01 2.787 1.816 0.954 1.09 0.927 0.012 0.007 0.012
450.0 2.086 1.986 1.91 0.01 2.787 1.816 0.954 1.09 0.927 0.012 0.007 0.012
450.1 2.086 1.986 1.91 0.01 2.787 1.816 0.954 1.09 0.927 0.012 0.007 0.012
450.2 2.086 1.986 1.91 0.01 2.787 1.816 0.954 1.09 0.927 0.012 0.007 0.012
450.3 2.086 1.986 1.91 0.01 2.787 1.816 0.954 1.09 0.927 0.012 0.007 0.012
450.4 2.086 1.986 1.91 0.01 2.787 1.816 0.954 1.09 0.927 0.012 0.007 0.012
450.5 2.086 1.986 1.91 0.01 2.787 1.816 0.954 1.09 0.927 0.012 0.007 0.012
450.6 2.086 1.986 1.91 0.01 2.787 1.816 0.954 1.09 0.927 0.012 0.007 0.012
450.7 2.086 1.986 1.91 0.01 2.787 1.816 0.954 1.09 0.927 0.012 0.007 0.012
450.8 2.086 1.986 1.91 0.01 2.787 1.816 0.954 1.09 0.927 0.012 0.007 0.012
450.9 2.086 1.986 1.91 0.01 2.787 1.816 0.954 1.09 0.927 0.012 0.007 0.012
451.0 2.086 1.986 1.91 0.01 2.787 1.816 0.954 1.09 0.927 0.012 0.007 0.012
451.1 2.086 1.986 1.91 0.01 2.787 1.816 0.954 1.09 0.927 0.012 0.007 0.012
451.2 2.086 1.986 1.91 0.01 2.787 1.816 0.954 1.09 0.927 0.012 0.007 0.012
451.3 2.086 1.986 1.91 0.01 2.787 1.816 0.954 1.09 0.927 0.012 0.007 0.012
451.4 2.086 1.986 1.91 0.01 2.787 1.816 0.954 1.09 0.927 0.012 0.007 0.012
451.5 2.086 1.986 1.91 0.01 2.787 1.816 0.954 1.09 0.927 0.012 0.007 0.012
451.6 2.086 1.986 1.91 0.01 2.787 1.816 0.954 1.09 0.927 0.012 0.007 0.012
451.7 2.086 1.986 1.91 0.01 2.787 1.816 0.954 1.09 0.927 0.012 0.007 0.012
451.8 2.086 1.986 1.91 0.01 2.787 1.816 0.954 1.09 0.927 0.012 0.007 0.012
451.9 2.086 1.986 1.91 0.01 2.787 1.816 0.954 1.09 0.927 0.012 0.007 0.012
452.0 2.086 1.986 1.91 0.01 2.787 1.816 0.954 1.09 0.927 0.012 0.007 0.012
452.1 2.086 1.986 1.91 0.01 2.787 1.816 0.954 1.09 0.927 0.012 0.007 0.012
452.2 2.086 1.986 1.91 0.01 2.787 1.816 0.954 1.09 0.927 0.012 0.007 0.012
452.3 2.086 1.986 1.91 0.01 2.787 1.816 0.954 1.09 0.927 0.012 0.007 0.012
452.4 2.086 1.986 1.91 0.01 2.787 1.816 0.954 1.09 0.927 0.012 0.007 0.012
452.5 2.086 1.986 1.91 0.01 2.787 1.816 0.954 1.09 0.927 0.012 0.007 0.012
452.6 2.086 1.986 1.91 0.01 2.787 1.816 0.954 1.09 0.927 0.012 0.007 0.012
452.7 2.086 1.986 1.91 0.01 2.787 1.816 0.954 1.09 0.927 0.012 0.007 0.012
452.8 2.086 1.986 1.91 0.01 2.787 1.816 0.954 1.09 0.927 0.012 0.007 0.012
452.9 2.086 1.986 1.91 0.01 2.787 1.816 0.954 1.09 0.927 0.012 0.007 0.012
453.0 2.086 1.986 1.91 0.01 2.787 1.816 0.954 1.09 0.927 0.012 0.007 0.012
453.1 2.086 1.986 1.91 0.01 2.787 1.816 0.954 1.09 0.927 0.012 0.007 0.012
453.2 2.086 1.986 1.91 0.01 2.787 1.816 0.954 1.09 0.927 0.012 0.007 0.012
453.3 2.086 1.986 1.91 0.01 2.787 1.816 0.954 1.09 0.927 0.012 0.007 0.012
453.4 2.086 1.986 1.91 0.01 2.787 1.816 0.954 1.09 0.927 0.012 0.007 0.012
453.5 2.086 1.986 1.91 0.01 2.787 1.816 0.954 1.09 0.927 0.012 0.007 0.012
453.6 2.086 1.986 1.91 0.01 2.787 1.816 0.954 1.09 0.927 0.012 0.007 0.012
453.7 2.086 1.986 1.91 0.01 2.787 1.816 0.954 1.09 0.927 0.012 0.007 0.012
453.8 2.086 1.986 1.91 0.01 2.787 1.816 0.954 1.09 0.927 0.012 0.007 0.012
453.9 2.086 1.986 1.91 0.01 2.787 1.816 0.954 1.09 0.927 0.012 0.007 0.012
454.0 2.086 1.986 1.91 0.01 2.787 1.816 0.954 1.09 0.927 0.012 0.007 0.012
454.1 2.086 1.986 1.91 0.01 2.787 1.816 0.954 1.09 0.927 0.012 0.007 0.012
454.2 2.086 1.986 1.91 0.01 2.787 1.816 0.954 1.09 0.927 0.012 0.007 0.012
454.3 2.086 1.986 1.91 0.01 2.787 1.816 0.954 1.09 0.927 0.012 0.007 0.012
454.4 2.086 1.986 1.91 0.01 2.787 1.816 0.954 1.09 0.927 0.012 0.007 0.012
454.5 2.086 1.986 1.91 0.01 2.787 1.816 0.954 1.09 0.927 0.012 0.007 0.012
454.6 2.086 1.986 1.91 0.01 2.787 1.816 0.954 1.09 0.927 0.012 0.007 0.012
454.7 2.086 1.986 1.91 0.01 2.787 1.816 0.954 1.09 0.927 0.012 0.007 0.012
454.8 2.086 1.986 1.91 0.01 2.787 1.816 0.954 1.09 0.927 0.012 0.007 0.012
454.9 2.086 1.986 1.91 0.01 2.787 1.816 0.954 1.09 0.927 0.012 0.007 0.012
455.0 2.086 1.986 1.91 0.01 2.787 1.816 0.954 1.09 0.927 0.012 0.007 0.012
455.1 2.086 1.986 1.91 0.01 2.787 1.816 0.954 1.09 0.927 0.012 0.007 0.012
455.2 2.086 1.986 1.91 0.01 2.787 1.816 0.954 1.09 0.927 0.012 0.007 0.012
455.3 2.086 1.986 1.91 0.01 2.787 1.816 0.954 1.09 0.927 0.012 0.007 0.012
455.4 2.086 1.986 1.91 0.01 2.787 1.816 0.954 1.09 0.927 0.012 0.007 0.012
455.5 2.086 1.986 1.91 0.01 2.787 1.816 0.954 1.09 0.927 0.012 0.007 0.012
455.6 2.086 1.986 1.91 0.01 2.787 1.816 0.954 1.09 0.927 0.012 0.007 0.012
455.7 2.086 1.986 1.91 0.01 2.787 1.816 0.954 1.09 0.927 0.012 0.007 0.012
455.8 2.086 1.986 1.91 0.01 2.787 1.816 0.954 1.09 0.927 0.012 0.007 0.012
455.9 2.086 1.986 1.91 0.01 2.787 1.816 0.954 1.09 0.927 0.012 0.007 0.012
456.0 2.086 1.986 1.91 0.01 2.787 1.816 0.954 1.09 0.927 0.012 0.007 0.012
456.1 2.086 1.986 1.91 0.01 2.787 1.816 0.954 1.09 0.927 0.012 0.007 0.012
456.2 2.086 1.986 1.91 0.01 2.787 1.816 0.954 1.09 0.927 0.012 0.007 0.012
456.3 2.086 1.986 1.91 0.01 2.787 1.816 0.954 1.09 0.927 0.012 0.007 0.012
456.4 2.086 1.986 1.91 0.01 2.787 1.816 0.954 1.09 0.927 0.012 0.007 0.012
456.5 2.086 1.986 1.91 0.01 2.787 1.816 0.954 1.09 0.927 0.012 0.007 0.012
456.6 2.086 1.986 1.91 0.01 2.787 1.816 0.954 1.09 0.927 0.012 0.007 0.012
456.7 2.086 1.986 1.91 0.01 2.787 1.816 0.954 1.09 0.927 0.012 0.007 0.012
456.8 2.086 1.986 1.91 0.01 2.787 1.816 0.954 1.09 0.927 0.012 0.007 0.012
456.9 2.086 1.986 1.91 0.01 2.787 1.816 0.954 1.09 0.927 0.012 0.007 0.012
457.0 2.086 1.986 1.91 0.01 2.787 1.816 0.954 1.09 0.927 0.012 0.007 0.012
457.1 2.086 1.986 1.91 0.01 2.787 1.816 0.954 1.09 0.927 0.012 0.007 0.012
457.2 2.086 1.986 1.91 0.01 2.787 1.816 0.954 1.09 0.927 0.012 0.007 0.012
457.3 2.086 1.986 1.91 0.01 2.787 1.816 0.954 1.09 0.927 0.012 0.007 0.012
457.4 2.086 1.986 1.91 0.01 2.787 1.816 0.954 1.09 0.927 0.012 0.007 0.012
457.5 2.086 1.986 1.91 0.01 2.787 1.816 0.954 1.09 0.927 0.012 0.007 0.012
457.6 2.086 1.986 1.91 0.01 2.787 1.816 0.954 1.09 0.927 0.012 0.007 0.012
457.7 2.086 1.986 1.91 0.01 2.787 1.816 0.954 1.09 0.927 0.012 0.007 0.012
457.8 2.086 1.986 1.91 0.01 2.787 1.816 0.954 1.09 0.927 0.012 0.007 0.012
457.9 2.086 1.986 1.91 0.01 2.787 1.816 0.954 1.09 0.927 0.012 0.007 0.012
458.0 2.086 1.986 1.91 0.01 2.787 1.816 0.954 1.09 0.927 0.012 0.007 0.012
458.1 2.086 1.986 1.91 0.01 2.787 1.816 0.954 1.09 0.927 0.012 0.007 0.012
458.2 2.086 1.986 1.91 0.01 2.787 1.816 0.954 1.09 0.927 0.012 0.007 0.012
458.3 2.086 1.986 1.91 0.01 2.787 1.816 0.954 1.09 0.927 0.012 0.007 0.012
458.4 2.086 1.986 1.91 0.01 2.787 1.816 0.954 1.09 0.927 0.012 0.007 0.012
458.5 2.086 1.986 1.91 0.01 2.787 1.816 0.954 1.09 0.927 0.012 0.007 0.012
458.6 2.086 1.986 1.91 0.01 2.787 1.816 0.954 1.09 0.927 0.012 0.007 0.012
458.7 2.086 1.986 1.91 0.01 2.787 1.816 0.954 1.09 0.927 0.012 0.007 0.012
458.8 2.086 1.986 1.91 0.01 2.787 1.816 0.954 1.09 0.927 0.012 0.007 0.012
458.9 2.086 1.986 1.91 0.01 2.787 1.816 0.954 1.09 0.927 0.012 0.007 0.012
459.0 2.086 1.986 1.91 0.01 2.787 1.816 0.954 1.09 0.927 0.012 0.007 0.012
459.1 2.086 1.986 1.91 0.01 2.787 1.816 0.954 1.09 0.927 0.012 0.007 0.012
459.2 2.086 1.986 1.91 0.01 2.787 1.816 0.954 1.09 0.927 0.012 0.007 0.012
459.3 2.086 1.986 1.91 0.01 2.787 1.816 0.954 1.09 0.927 0.012 0.007 0.012
459.4 2.086 1.986 1.91 0.01 2.787 1.816 0.954 1.09 0.927 0.012 0.007 0.012
459.5 2.086 1.986 1.91 0.01 2.787 1.816 0.954 1.09 0.927 0.012 0.007 0.012
459.6 2.086 1.986 1.91 0.01 2.787 1.816 0.954 1.09 0.927 0.012 0.007 0.012
459.7 2.086 1.986 1.91 0.01 2.787 1.816 0.954 1.09 0.927 0.012 0.007 0.012
459.8 2.086 1.986 1.91 0.01 2.787 1.816 0.954 1.09 0.927 0.012 0.007 0.012
459.9 2.086 1.986 1.91 0.01 2.787 1.816 0.954 1.09 0.927 0.012 0.007 0.012
460.0 2.086 1.986 1.91 0.01 2.787 1.816 0.954 1.09 0.927 0.012 0.007 0.012
460.1 2.086 1.986 1.91 0.01 2.787 1.816 0.954 1.09 0.927 0.012 0.007 0.012
460.2 2.086 1.986 1.91 0.01 2.787 1.816 0.954 1.09 0.927 0.012 0.007 0.012
460.3 2.086 1.986 1.91 0.01 2.787 1.816 0.954 1.09 0.927 0.012 0.007 0.012
460.4 2.086 1.986 1.91 0.01 2.787 1.816 0.954 1.09 0.927 0.012 0.007 0.012
460.5 2.086 1.986 1.91 0.01 2.787 1.816 0.954 1.09 0.927 0.012 0.007 0.012
460.6 2.086 1.986 1.91 0.01 2.787 1.816 0.954 1.09 0.927 0.012 0.007 0.012
460.7 2.086 1.986 1.91 0.01 2.787 1.816 0.954 1.09 0.927 0.012 0.007 0.012
460.8 2.086 1.986 1.91 0.01 2.787 1.816 0.954 1.09 0.927 0.012 0.007 0.012
460.9 2.086 1.986 1.91 0.01 2.787 1.816 0.954 1.09 0.927 0.012 0.007 0.012
461.0 2.086 1.986 1.91 0.01 2.787 1.816 0.954 1.09 0.927 0.012 0.007 0.012
461.1 2.086 1.986 1.91 0.01 2.787 1.816 0.954 1.09 0.927 0.012 0.007 0.012
461.2 2.086 1.986 1.91 0.01 2.787 1.816 0.954 1.09 0.927 0.012 0.007 0.012
461.3 2.086 1.986 1.91 0.01 2.787 1.816 0.954 1.09 0.927 0.012 0.007 0.012
461.4 2.086 1.986 1.91 0.01 2.787 1.816 0.954 1.09 0.927 0.012 0.007 0.012
461.5 2.086 1.986 1.91 0.01 2.787 1.816 0.954 1.09 0.927 0.012 0.007 0.012
461.6 2.086 1.986 1.91 0.01 2.787 1.816 0.954 1.09 0.927 0.012 0.007 0.012
461.7 2.086 1.986 1.91 0.01 2.787 1.816 0.954 1.09 0.927 0.012 0.007 0.012
461.8 2.086 1.986 1.91 0.01 2.787 1.816 0.954 1.09 0.927 0.012 0.007 0.012
461.9 2.086 1.986 1.91 0.01 2.787 1.816 0.954 1.09 0.927 0.012 0.007 0.012
462.0 2.086 1.986 1.91 0.01 2.787 1.816 0.954 1.09 0.927 0.012 0.007 0.012
462.1 2.086 1.986 1.91 0.01 2.787 1.816 0.954 1.09 0.927 0.012 0.007 0.012
462.2 2.086 1.986 1.91 0.01 2.787 1.816 0.954 1.09 0.927 0.012 0.007 0.012
462.3 2.086 1.986 1.91 0.01 2.787 1.816 0.954 1.09 0.927 0.012 0.007 0.012
462.4 2.086 1.986 1.91 0.01 2.787 1.816 0.954 1.09 0.927 0.012 0.007 0.012
462.5 2.086 1.986 1.91 0.01 2.787 1.816 0.954 1.09 0.927 0.012 0.007 0.012
462.6 2.086 1.986 1.91 0.01 2.787 1.816 0.954 1.09 0.927 0.012 0.007 0.012
462.7 2.086 1.986 1.91 0.01 2.787 1.816 0.954 1.09 0.927 0.012 0.007 0.012
462.8 2.086 1.986 1.91 0.01 2.787 1.816 0.954 1.09 0.927 0.012 0.007 0.012
462.9 2.086 1.986 1.91 0.01 2.787 1.816 0.954 1.09 0.927 0.012 0.007 0.012
463.0 2.086 1.986 1.91 0.01 2.787 1.816 0.954 1.09 0.927 0.012 0.007 0.012
463.1 2.086 1.986 1.91 0.01 2.787 1.816 0.954 1.09 0.927 0.012 0.007 0.012
463.2 2.086 1.986 1.91 0.01 2.787 1.816 0.954 1.09 0.927 0.012 0.007 0.012
463.3 2.086 1.986 1.91 0.01 2.787 1.816 0.954 1.09 0.927 0.012 0.007 0.012
463.4 2.086 1.986 1.91 0.01 2.787 1.816 0.954 1.09 0.927 0.012 0.007 0.012
463.5 2.086 1.986 1.91 0.01 2.787 1.816 0.954 1.09 0.927 0.012 0.007 0.012
463.6 2.086 1.986 1.91 0.01 2.787 1.816 0.954 1.09 0.927 0.012 0.007 0.012
463.7 2.086 1.986 1.91 0.01 2.787 1.816 0.954 1.09 0.927 0.012 0.007 0.012
463.8 2.086 1.986 1.91 0.01 2.787 1.816 0.954 1.09 0.927 0.012 0.007 0.012
463.9 2.086 1.986 1.91 0.01 2.787 1.816 0.954 1.09 0.927 0.012 0.007 0.012
464.0 2.086 1.986 1.91 0.01 2.787 1.816 0.954 1.09 0.927 0.012 0.007 0.012
464.1 2.086 1.986 1.91 0.01 2.787 1.816 0.954 1.09 0.927 0.012 0.007 0.012
464.2 2.086 1.986 1.91 0.01 2.787 1.816 0.954 1.09 0.927 0.012 0.007 0.012
464.3 2.086 1.986 1.91 0.01 2.787 1.816 0.954 1.09 0.927 0.012 0.007 0.012
464.4 2.086 1.986 1.91 0.01 2.787 1.816 0.954 1.09 0.927 0.012 0.007 0.012
464.5 2.086 1.986 1.91 0.01 2.787 1.816 0.954 1.09 0.927 0.012 0.007 0.012
464.6 2.086 1.986 1.91 0.01 2.787 1.816 0.954 1.09 0.927 0.012 0.007 0.012
464.7 2.086 1.986 1.91 0.01 2.787 1.816 0.954 1.09 0.927 0.012 0.007 0.012
464.8 2.086 1.986 1.91 0.01 2.787 1.816 0.954 1.09 0.927 0.012 0.007 0.012
464.9 2.086 1.986 1.91 0.01 2.787 1.816 0.954 1.09 0.927 0.012 0.007 0.012
465.0 2.086 1.986 1.91 0.01 2.787 1.816 0.954 1.09 0.927 0.012 0.007 0.012
465.1 2.086 1.986 1.91 0.01 2.787 1.816 0.954 1.09 0.927 0.012 0.007 0.012
465.2 2.086 1.986 1.91 0.01 2.787 1.816 0.954 1.09 0.927 0.012 0.007 0.012
465.3 2.086 1.986 1.91 0.01 2.787 1.816 0.954 1.09 0.927 0.012 0.007 0.012
465.4 2.086 1.986 1.91 0.01 2.787 1.816 0.954 1.09 0.927 0.012 0.007 0.012
465.5 2.086 1.986 1.91 0.01 2.787 1.816 0.954 1.09 0.927 0.012 0.007 0.012
465.6 2.086 1.986 1.91 0.01 2.787 1.816 0.954 1.09 0.927 0.012 0.007 0.012
465.7 2.086 1.986 1.91 0.01 2.787 1.816 0.954 1.09 0.927 0.012 0.007 0.012
465.8 2.086 1.986 1.91 0.01 2.787 1.816 0.954 1.09 0.927 0.012 0.007 0.012
465.9 2.086 1.986 1.91 0.01 2.787 1.816 0.954 1.09 0.927 0.012 0.007 0.012
466.0 2.086 1.986 1.91 0.01 2.787 1.816 0.954 1.09 0.927 0.012 0.007 0.012
466.1 2.086 1.986 1.91 0.01 2.787 1.816 0.954 1.09 0.927 0.012 0.007 0.012
466.2 2.086 1.986 1.91 0.01 2.787 1.816 0.954 1.09 0.927 0.012 0.007 0.012
466.3 2.086 1.986 1.91 0.01 2.787 1.816 0.954 1.09 0.927 0.012 0.007 0.012
466.4 2.086 1.986 1.91 0.01 2.787 1.816 0.954 1.09 0.927 0.012 0.007 0.012
466.5 2.086 1.986 1.91 0.01 2.787 1.816 0.954 1.09 0.927 0.012 0.007 0.012
466.6 2.086 1.986 1.91 0.01 2.787 1.816 0.954 1.09 0.927 0.012 0.007 0.012
466.7 2.086 1.986 1.91 0.01 2.787 1.816 0.954 1.09 0.927 0.012 0.007 0.012
466.8 2.086 1.986 1.91 0.01 2.787 1.816 0.954 1.09 0.927 0.012 0.007 0.012
466.9 2.086 1.986 1.91 0.01 2.787 1.816 0.954 1.09 0.927 0.012 0.007 0.012
467.0 2.086 1.986 1.91 0.01 2.787 1.816 0.954 1.09 0.927 0.012 0.007 0.012
467.1 2.086 1.986 1.91 0.01 2.787 1.816 0.954 1.09 0.927 0.012 0.007 0.012
467.2 2.086 1.986 1.91 0.01 2.787 1.816 0.954 1.09 0.927 0.012 0.007 0.012
467.3 2.086 1.986 1.91 0.01 2.787 1.816 0.954 1.09 0.927 0.012 0.007 0.012
467.4 2.086 1.986 1.91 0.01 2.787 1.816 0.954 1.09 0.927 0.012 0.007 0.012
467.5 2.086 1.986 1.91 0.01 2.787 1.816 0.954 1.09 0.927 0.012 0.007 0.012
467.6 2.086 1.986 1.91 0.01 2.787 1.816 0.954 1.09 0.927 0.012 0.007 0.012
467.7 2.086 1.986 1.91 0.01 2.787 1.816 0.954 1.09 0.927 0.012 0.007 0.012
467.8 2.086 1.986 1.91 0.01 2.787 1.816 0.954 1.09 0.927 0.012 0.007 0.012
467.9 2.086 1.986 1.91 0.01 2.787 1.816 0.954 1.09 0.927 0.012 0.007 0.012
468.0 2.086 1.986 1.91 0.01 2.787 1.816 0.954 1.09 0.927 0.012 0.007 0.012
468.1 2.086 1.986 1.91 0.01 2.787 1.816 0.954 1.09 0.927 0.012 0.007 0.012
468.2 2.086 1.986 1.91 0.01 2.787 1.816 0.954 1.09 0.927 0.012 0.007 0.012
468.3 2.086 1.986 1.91 0.01 2.787 1.816 0.954 1.09 0.927 0.012 0.007 0.012
468.4 2.086 1.986 1.91 0.01 2.787 1.816 0.954 1.09 0.927 0.012 0.007 0.012
468.5 2.086 1.986 1.91 0.01 2.787 1.816 0.954 1.09 0.927 0.012 0.007 0.012
468.6 2.086 1.986 1.91 0.01 2.787 1.816 0.954 1.09 0.927 0.012 0.007 0.012
468.7 2.086 1.986 1.91 0.01 2.787 1.816 0.954 1.09 0.927 0.012 0.007 0.012
468.8 2.086 1.986 1.91 0.01 2.787 1.816 0.954 1.09 0.927 0.012 0.007 0.012
468.9 2.086 1.986 1.91 0.01 2.787 1.816 0.954 1.09 0.927 0.012 0.007 0.012
469.0 2.086 1.986 1.91 0.01 2.787 1.816 0.954 1.09 0.927 0.012 0.007 0.012
469.1 2.086 1.986 1.91 0.01 2.787 1.816 0.954 1.09 0.927 0.012 0.007 0.012
469.2 2.086 1.986 1.91 0.01 2.787 1.816 0.954 1.09 0.927 0.012 0.007 0.012
469.3 2.086 1.986 1.91 0.01 2.787 1.816 0.954 1.09 0.927 0.012 0.007 0.012
469.4 2.086 1.986 1.91 0.01 2.787 1.816 0.954 1.09 0.927 0.012 0.007 0.012
469.5 2.086 1.986 1.91 0.01 2.787 1.816 0.954 1.09 0.927 0.012 0.007 0.012
469.6 2.086 1.986 1.91 0.01 2.787 1.816 0.954 1.09 0.927 0.012 0.007 0.012
469.7 2.086 1.986 1.91 0.01 2.787 1.816 0.954 1.09 0.927 0.012 0.007 0.012
469.8 2.086 1.986 1.91 0.01 2.787 1.816 0.954 1.09 0.927 0.012 0.007 0.012
469.9 2.086 1.986 1.91 0.01 2.787 1.816 0.954 1.09 0.927 0.012 0.007 0.012
470.0 2.086 1.986 1.91 0.01 2.787 1.816 0.954 1.09 0.927 0.012 0.007 0.012
470.1 2.086 1.986 1.91 0.01 2.787 1.816 0.954 1.09 0.927 0.012 0.007 0.012
470.2 2.086 1.986 1.91 0.01 2.787 1.816 0.954 1.09 0.927 0.012 0.007 0.012
470.3 2.086 1.986 1.91 0.01 2.787 1.816 0.954 1.09 0.927 0.012 0.007 0.012
470.4 2.086 1.986 1.91 0.01 2.787 1.816 0.954 1.09 0.927 0.012 0.007 0.012
470.5 2.086 1.986 1.91 0.01 2.787 1.816 0.954 1.09 0.927 0.012 0.007 0.012
470.6 2.086 1.986 1.91 0.01 2.787 1.816 0.954 1.09 0.927 0.012 0.007 0.012
470.7 2.086 1.986 1.91 0.01 2.787 1.816 0.954 1.09 0.927 0.012 0.007 0.012
470.8 2.086 1.986 1.91 0.01 2.787 1.816 0.954 1.09 0.927 0.012 0.007 0.012
470.9 2.086 1.986 1.91 0.01 2.787 1.816 0.954 1.09 0.927 0.012 0.007 0.012
471.0 2.086 1.986 1.91 0.01 2.787 1.816 0.954 1.09 0.927 0.012 0.007 0.012
471.1 2.086 1.986 1.91 0.01 2.787 1.816 0.954 1.09 0.927 0.012 0.007 0.012
471.2 2.086 1.986 1.91 0.01 2.787 1.816 0.954 1.09 0.927 0.012 0.007 0.012
471.3 2.086 1.986 1.91 0.01 2.787 1.816 0.954 1.09 0.927 0.012 0.007 0.012
471.4 2.086 1.986 1.91 0.01 2.787 1.816 0.954 1.09 0.927 0.012 0.007 0.012
471.5 2.086 1.986 1.91 0.01 2.787 1.816 0.954 1.09 0.927 0.012 0.007 0.012
471.6 2.086 1.986 1.91 0.01 2.787 1.816 0.954 1.09 0.927 0.012 0.007 0.012
471.7 2.086 1.986 1.91 0.01 2.787 1.816 0.954 1.09 0.927 0.012 0.007 0.012
471.8 2.086 1.986 1.91 0.01 2.787 1.816 0.954 1.09 0.927 0.012 0.007 0.012
471.9 2.086 1.986 1.91 0.01 2.787 1.816 0.954 1.09 0.927 0.012 0.007 0.012
472.0 2.086 1.986 1.91 0.01 2.787 1.816 0.954 1.09 0.927 0.012 0.007 0.012
472.1 2.086 1.986 1.91 0.01 2.787 1.816 0.954 1.09 0.927 0.012 0.007 0.012
472.2 2.086 1.986 1.91 0.01 2.787 1.816 0.954 1.09 0.927 0.012 0.007 0.012
472.3 2.086 1.986 1.91 0.01 2.787 1.816 0.954 1.09 0.927 0.012 0.007 0.012
472.4 2.086 1.986 1.91 0.01 2.787 1.816 0.954 1.09 0.927 0.012 0.007 0.012
472.5 2.086 1.986 1.91 0.01 2.787 1.816 0.954 1.09 0.927 0.012 0.007 0.012
472.6 2.086 1.986 1.91 0.01 2.787 1.816 0.954 1.09 0.927 0.012 0.007 0.012
472.7 2.086 1.986 1.91 0.01 2.787 1.816 0.954 1.09 0.927 0.012 0.007 0.012
472.8 2.086 1.986 1.91 0.01 2.787 1.816 0.954 1.09 0.927 0.012 0.007 0.012
472.9 2.086 1.986 1.91 0.01 2.787 1.816 0.954 1.09 0.927 0.012 0.007 0.012
473.0 2.086 1.986 1.91 0.01 2.787 1.816 0.954 1.09 0.927 0.012 0.007 0.012
473.1 2.086 1.986 1.91 0.01 2.787 1.816 0.954 1.09 0.927 0.012 0.007 0.012
473.2 2.086 1.986 1.91 0.01 2.787 1.816 0.954 1.09 0.927 0.012 0.007 0.012
473.3 2.086 1.986 1.91 0.01 2.787 1.816 0.954 1.09 0.927 0.012 0.007 0.012
473.4 2.086 1.986 1.91 0.01 2.787 1.816 0.954 1.09 0.927 0.012 0.007 0.012
473.5 2.086 1.986 1.91 0.01 2.787 1.816 0.954 1.09 0.927 0.012 0.007 0.012
473.6 2.086 1.986 1.91 0.01 2.787 1.816 0.954 1.09 0.927 0.012 0.007 0.012
473.7 2.086 1.986 1.91 0.01 2.787 1.816 0.954 1.09 0.927 0.012 0.007 0.012
473.8 2.086 1.986 1.91 0.01 2.787 1.816 0.954 1.09 0.927 0.012 0.007 0.012
473.9 2.086 1.986 1.91 0.01 2.787 1.816 0.954 1.09 0.927 0.012 0.007 0.012
474.0 2.086 1.986 1.91 0.01 2.787 1.816 0.954 1.09 0.927 0.012 0.007 0.012
474.1 2.086 1.986 1.91 0.01 2.787 1.816 0.954 1.09 0.927 0.012 0.007 0.012
474.2 2.086 1.986 1.91 0.01 2.787 1.816 0.954 1.09 0.927 0.012 0.007 0.012
474.3 2.086 1.986 1.91 0.01 2.787 1.816 0.954 1.09 0.927 0.012 0.007 0.012
474.4 2.086 1.986 1.91 0.01 2.787 1.816 0.954 1.09 0.927 0.012 0.007 0.012
474.5 2.086 1.986 1.91 0.01 2.787 1.816 0.954 1.09 0.927 0.012 0.007 0.012
474.6 2.086 1.986 1.91 0.01 2.787 1.816 0.954 1.09 0.927 0.012 0.007 0.012
474.7 2.086 1.986 1.91 0.01 2.787 1.816 0.954 1.09 0.927 0.012 0.007 0.012
474.8 2.086 1.986 1.91 0.01 2.787 1.816 0.954 1.09 0.927 0.012 0.007 0.012
474.9 2.086 1.986 1.91 0.01 2.787 1.816 0.954 1.09 0.927 0.012 0.007 0.012
475.0 2.086 1.986 1.91 0.01 2.787 1.816 0.954 1.09 0.927 0.012 0.007 0.012
475.1 2.086 1.986 1.91 0.01 2.787 1.816 0.954 1.09 0.927 0.012 0.007 0.012
475.2 2.086 1.986 1.91 0.01 2.787 1.816 0.954 1.09 0.927 0.012 0.007 0.012
475.3 2.086 1.986 1.91 0.01 2.787 1.816 0.954 1.09 0.927 0.012 0.007 0.012
475.4 2.086 1.986 1.91 0.01 2.787 1.816 0.954 1.09 0.927 0.012 0.007 0.012
475.5 2.086 1.986 1.91 0.01 2.787 1.816 0.954 1.09 0.927 0.012 0.007 0.012
475.6 2.086 1.986 1.91 0.01 2.787 1.816 0.954 1.09 0.927 0.012 0.007 0.012
475.7 2.086 1.986 1.91 0.01 2.787 1.816 0.954 1.09 0.927 0.012 0.007 0.012
475.8 2.086 1.986 1.91 0.01 2.787 1.816 0.954 1.09 0.927 0.012 0.007 0.012
475.9 2.086 1.986 1.91 0.01 2.787 1.816 0.954 1.09 0.927 0.012 0.007 0.012
476.0 2.086 1.986 1.91 0.01 2.787 1.816 0.954 1.09 0.927 0.012 0.007 0.012
476.1 2.086 1.986 1.91 0.01 2.787 1.816 0.954 1.09 0.927 0.012 0.007 0.012
476.2 2.086 1.986 1.91 0.01 2.787 1.816 0.954 1.09 0.927 0.012 0.007 0.012
476.3 2.086 1.986 1.91 0.01 2.787 1.816 0.954 1.09 0.927 0.012 0.007 0.012
476.4 2.086 1.986 1.91 0.01 2.787 1.816 0.954 1.09 0.927 0.012 0.007 0.012
476.5 2.086 1.986 1.91 0.01 2.787 1.816 0.954 1.09 0.927 0.012 0.007 0.012
476.6 2.086 1.986 1.91 0.01 2.787 1.816 0.954 1.09 0.927 0.012 0.007 0.012
476.7 2.086 1.986 1.91 0.01 2.787 1.816 0.954 1.09 0.927 0.012 0.007 0.012
476.8 2.086 1.986 1.91 0.01 2.787 1.816 0.954 1.09 0.927 0.012 0.007 0.012
476.9 2.086 1.986 1.91 0.01 2.787 1.816 0.954 1.09 0.927 0.012 0.007 0.012
477.0 2.086 1.986 1.91 0.01 2.787 1.816 0.954 1.09 0.927 0.012 0.007 0.012
477.1 2.086 1.986 1.91 0.01 2.787 1.816 0.954 1.09 0.927 0.012 0.007 0.012
477.2 2.086 1.986 1.91 0.01 2.787 1.816 0.954 1.09 0.927 0.012 0.007 0.012
477.3 2.086 1.986 1.91 0.01 2.787 1.816 0.954 1.09 0.927 0.012 0.007 0.012
477.4 2.086 1.986 1.91 0.01 2.787 1.816 0.954 1.09 0.927 0.012 0.007 0.012
477.5 2.086 1.986 1.91 0.01 2.787 1.816 0.954 1.09 0.927 0.012 0.007 0.012
477.6 2.086 1.986 1.91 0.01 2.787 1.816 0.954 1.09 0.927 0.012 0.007 0.012
477.7 2.086 1.986 1.91 0.01 2.787 1.816 0.954 1.09 0.927 0.012 0.007 0.012
477.8 2.086 1.986 1.91 0.01 2.787 1.816 0.954 1.09 0.927 0.012 0.007 0.012
477.9 2.086 1.986 1.91 0.01 2.787 1.816 0.954 1.09 0.927 0.012 0.007 0.012
478.0 2.086 1.986 1.91 0.01 2.787 1.816 0.954 1.09 0.927 0.012 0.007 0.012
478.1 2.086 1.986 1.91 0.01 2.787 1.816 0.954 1.09 0.927 0.012 0.007 0.012
478.2 2.086 1.986 1.91 0.01 2.787 1.816 0.954 1.09 0.927 0.012 0.007 0.012
478.3 2.086 1.986 1.91 0.01 2.787 1.816 0.954 1.09 0.927 0.012 0.007 0.012
478.4 2.086 1.986 1.91 0.01 2.787 1.816 0.954 1.09 0.927 0.012 0.007 0.012
478.5 2.086 1.986 1.91 0.01 2.787 1.816 0.954 1.09 0.927 0.012 0.007 0.012
478.6 2.086 1.986 1.91 0.01 2.787 1.816 0.954 1.09 0.927 0.012 0.007 0.012
478.7 2.086 1.986 1.91 0.01 2.787 1.816 0.954 1.09 0.927 0.012 0.007 0.012
478.8 2.086 1.986 1.91 0.01 2.787 1.816 0.954 1.09 0.927 0.012 0.007 0.012
478.9 2.086 1.986 1.91 0.01 2.787 1.816 0.954 1.09 0.927 0.012 0.007 0.012
479.0 2.086 1.986 1.91 0.01 2.787 1.816 0.954 1.09 0.927 0.012 0.007 0.012
479.1 2.086 1.986 1.91 0.01 2.787 1.816 0.954 1.09 0.927 0.012 0.007 0.012
479.2 2.086 1.986 1.91 0.01 2.787 1.816 0.954 1.09 0.927 0.012 0.007 0.012
479.3 2.086 1.986 1.91 0.01 2.787 1.816 0.954 1.09 0.927 0.012 0.007 0.012
479.4 2.086 1.986 1.91 0.01 2.787 1.816 0.954 1.09 0.927 0.012 0.007 0.012
479.5 2.086 1.986 1.91 0.01 2.787 1.816 0.954 1.09 0.927 0.012 0.007 0.012
479.6 2.086 1.986 1.91 0.01 2.787 1.816 0.954 1.09 0.927 0.012 0.007 0.012
479.7 2.086 1.986 1.91 0.01 2.787 1.816 0.954 1.09 0.927 0.012 0.007 0.012
479.8 2.086 1.986 1.91 0.01 2.787 1.816 0.954 1.09 0.927 0.012 0.007 0.012
479.9 2.086 1.986 1.91 0.01 2.787 1.816 0.954 1.09 0.927 0.012 0.007 0.012
480.0 2.086 1.986 1.91 0.01 2.787 1.816 0.954 1.09 0.927 0.012 0.007 0.012
480.1 2.086 1.986 1.91 0.01 2.787 1.816 0.954 1.09 0.927 0.012 0.007 0.012
480.2 2.086 1.986 1.91 0.01 2.787 1.816 0.954 1.09 0.927 0.012 0.007 0.012
480.3 2.086 1.986 1.91 0.01 2.787 1.816 0.954 1.09 0.927 0.012 0.007 0.012
480.4 2.086 1.986 1.91 0.01 2.787 1.816 0.954 1.09 0.927 0.012 0.007 0.012
480.5 2.086 1.986 1.91 0.01 2.787 1.816 0.954 1.09 0.927 0.012 0.007 0.012
480.6 2.086 1.986 1.91 0.01 2.787 1.816 0.954 1.09 0.927 0.012 0.007 0.012
480.7 2.086 1.986 1.91 0.01 2.787 1.816 0.954 1.09 0.927 0.012 0.007 0.012
480.8 2.086 1.986 1.91 0.01 2.787 1.816 0.954 1.09 0.927 0.012 0.007 0.012
480.9 2.086 1.986 1.91 0.01 2.787 1.816 0.954 1.09 0.927 0.012 0.007 0.012
481.0 2.086 1.986 1.91 0.01 2.787 1.816 0.954 1.09 0.927 0.012 0.007 0.012
481.1 2.086 1.986 1.91 0.01 2.787 1.816 0.954 1.09 0.927 0.012 0.007 0.012
481.2 2.086 1.986 1.91 0.01 2.787 1.816 0.954 1.09 0.927 0.012 0.007 0.012
481.3 2.086 1.986 1.91 0.01 2.787 1.816 0.954 1.09 0.927 0.012 0.007 0.012
481.4 2.086 1.986 1.91 0.01 2.787 1.816 0.954 1.09 0.927 0.012 0.007 0.012
481.5 2.086 1.986 1.91 0.01 2.787 1.816 0.954 1.09 0.927 0.012 0.007 0.012
481.6 2.086 1.986 1.91 0.01 2.787 1.816 0.954 1.09 0.927 0.012 0.007 0.012
481.7 2.086 1.986 1.91 0.01 2.787 1.816 0.954 1.09 0.927 0.012 0.007 0.012
481.8 2.086 1.986 1.91 0.01 2.787 1.816 0.954 1.09 0.927 0.012 0.007 0.012
481.9 2.086 1.986 1.91 0.01 2.787 1.816 0.954 1.09 0.927 0.012 0.007 0.012
482.0 2.086 1.986 1.91 0.01 2.787 1.816 0.954 1.09 0.927 0.012 0.007 0.012
482.1 2.086 1.986 1.91 0.01 2.787 1.816 0.954 1.09 0.927 0.012 0.007 0.012
482.2 2.086 1.986 1.91 0.01 2.787 1.816 0.954 1.09 0.927 0.012 0.007 0.012
482.3 2.086 1.986 1.91 0.01 2.787 1.816 0.954 1.09 0.927 0.012 0.007 0.012
482.4 2.086 1.986 1.91 0.01 2.787 1.816 0.954 1.09 0.927 0.012 0.007 0.012
482.5 2.086 1.986 1.91 0.01 2.787 1.816 0.954 1.09 0.927 0.012 0.007 0.012
482.6 2.086 1.986 1.91 0.01 2.787 1.816 0.954 1.09 0.927 0.012 0.007 0.012
482.7 2.086 1.986 1.91 0.01 2.787 1.816 0.954 1.09 0.927 0.012 0.007 0.012
482.8 2.086 1.986 1.91 0.01 2.787 1.816 0.954 1.09 0.927 0.012 0.007 0.012
482.9 2.086 1.986 1.91 0.01 2.787 1.816 0.954 1.09 0.927 0.012 0.007 0.012
483.0 2.086 1.986 1.91 0.01 2.787 1.816 0.954 1.09 0.927 0.012 0.007 0.012
483.1 2.086 1.986 1.91 0.01 2.787 1.816 0.954 1.09 0.927 0.012 0.007 0.012
483.2 2.086 1.986 1.91 0.01 2.787 1.816 0.954 1.09 0.927 0.012 0.007 0.012
483.3 2.086 1.986 1.91 0.01 2.787 1.816 0.954 1.09 0.927 0.012 0.007 0.012
483.4 2.086 1.986 1.91 0.01 2.787 1.816 0.954 1.09 0.927 0.012 0.007 0.012
483.5 2.086 1.986 1.91 0.01 2.787 1.816 0.954 1.09 0.927 0.012 0.007 0.012
483.6 2.086 1.986 1.91 0.01 2.787 1.816 0.954 1.09 0.927 0.012 0.007 0.012
483.7 2.086 1.986 1.91 0.01 2.787 1.816 0.954 1.09 0.927 0.012 0.007 0.012
483.8 2.086 1.986 1.91 0.01 2.787 1.816 0.954 1.09 0.927 0.012 0.007 0.012
483.9 2.086 1.986 1.91 0.01 2.787 1.816 0.954 1.09 0.927 0.012 0.007 0.012
484.0 2.086 1.986 1.91 0.01 2.787 1.816 0.954 1.09 0.927 0.012 0.007 0.012
484.1 2.086 1.986 1.91 0.01 2.787 1.816 0.954 1.09 0.927 0.012 0.007 0.012
484.2 2.086 1.986 1.91 0.01 2.787 1.816 0.954 1.09 0.927 0.012 0.007 0.012
484.3 2.086 1.986 1.91 0.01 2.787 1.816 0.954 1.09 0.927 0.012 0.007 0.012
484.4 2.086 1.986 1.91 0.01 2.787 1.816 0.954 1.09 0.927 0.012 0.007 0.012
484.5 2.086 1.986 1.91 0.01 2.787 1.816 0.954 1.09 0.927 0.012 0.007 0.012
484.6 2.086 1.986 1.91 0.01 2.787 1.816 0.954 1.09 0.927 0.012 0.007 0.012
484.7 2.086 1.986 1.91 0.01 2.787 1.816 0.954 1.09 0.927 0.012 0.007 0.012
484.8 2.086 1.986 1.91 0.01 2.787 1.816 0.954 1.09 0.927 0.012 0.007 0.012
484.9 2.086 1.986 1.91 0.01 2.787 1.816 0.954 1.09 0.927 0.012 0.007 0.012
485.0 2.086 1.986 1.91 0.01 2.787 1.816 0.954 1.09 0.927 0.012 0.007 0.012
485.1 2.086 1.986 1.91 0.01 2.787 1.816 0.954 1.09 0.927 0.012 0.007 0.012
485.2 2.086 1.986 1.91 0.01 2.787 1.816 0.954 1.09 0.927 0.012 0.007 0.012
485.3 2.086 1.986 1.91 0.01 2.787 1.816 0.954 1.09 0.927 0.012 0.007 0.012
485.4 2.086 1.986 1.91 0.01 2.787 1.816 0.954 1.09 0.927 0.012 0.007 0.012
485.5 2.086 1.986 1.91 0.01 2.787 1.816 0.954 1.09 0.927 0.012 0.007 0.012
485.6 2.086 1.986 1.91 0.01 2.787 1.816 0.954 1.09 0.927 0.012 0.007 0.012
485.7 2.086 1.986 1.91 0.01 2.787 1.816 0.954 1.09 0.927 0.012 0.007 0.012
485.8 2.086 1.986 1.91 0.01 2.787 1.816 0.954 1.09 0.927 0.012 0.007 0.012
485.9 2.086 1.986 1.91 0.01 2.787 1.816 0.954 1.09 0.927 0.012 0.007 0.012
486.0 2.086 1.986 1.91 0.01 2.787 1.816 0.954 1.09 0.927 0.012 0.007 0.012
486.1 2.086 1.986 1.91 0.01 2.787 1.816 0.954 1.09 0.927 0.012 0.007 0.012
486.2 2.086 1.986 1.91 0.01 2.787 1.816 0.954 1.09 0.927 0.012 0.007 0.012
486.3 2.086 1.986 1.91 0.01 2.787 1.816 0.954 1.09 0.927 0.012 0.007 0.012
486.4 2.086 1.986 1.91 0.01 2.787 1.816 0.954 1.09 0.927 0.012 0.007 0.012
486.5 2.086 1.986 1.91 0.01 2.787 1.816 0.954 1.09 0.927 0.012 0.007 0.012
486.6 2.086 1.986 1.91 0.01 2.787 1.816 0.954 1.09 0.927 0.012 0.007 0.012
486.7 2.086 1.986 1.91 0.01 2.787 1.816 0.954 1.09 0.927 0.012 0.007 0.012
486.8 2.086 1.986 1.91 0.01 2.787 1.816 0.954 1.09 0.927 0.012 0.007 0.012
486.9 2.086 1.986 1.91 0.01 2.787 1.816 0.954 1.09 0.927 0.012 0.007 0.012
487.0 2.086 1.986 1.91 0.01 2.787 1.816 0.954 1.09 0.927 0.012 0.007 0.012
487.1 2.086 1.986 1.91 0.01 2.787 1.816 0.954 1.09 0.927 0.012 0.007 0.012
487.2 2.086 1.986 1.91 0.01 2.787 1.816 0.954 1.09 0.927 0.012 0.007 0.012
487.3 2.086 1.986 1.91 0.01 2.787 1.816 0.954 1.09 0.927 0.012 0.007 0.012
487.4 2.086 1.986 1.91 0.01 2.787 1.816 0.954 1.09 0.927 0.012 0.007 0.012
487.5 2.086 1.986 1.91 0.01 2.787 1.816 0.954 1.09 0.927 0.012 0.007 0.012
487.6 2.086 1.986 1.91 0.01 2.787 1.816 0.954 1.09 0.927 0.012 0.007 0.012
487.7 2.086 1.986 1.91 0.01 2.787 1.816 0.954 1.09 0.927 0.012 0.007 0.012
487.8 2.086 1.986 1.91 0.01 2.787 1.816 0.954 1.09 0.927 0.012 0.007 0.012
487.9 2.086 1.986 1.91 0.01 2.787 1.816 0.954 1.09 0.927 0.012 0.007 0.012
488.0 2.086 1.986 1.91 0.01 2.787 1.816 0.954 1.09 0.927 0.012 0.007 0.012
488.1 2.086 1.986 1.91 0.01 2.787 1.816 0.954 1.09 0.927 0.012 0.007 0.012
488.2 2.086 1.986 1.91 0.01 2.787 1.816 0.954 1.09 0.927 0.012 0.007 0.012
488.3 2.086 1.986 1.91 0.01 2.787 1.816 0.954 1.09 0.927 0.012 0.007 0.012
488.4 2.086 1.986 1.91 0.01 2.787 1.816 0.954 1.09 0.927 0.012 0.007 0.012
488.5 2.086 1.986 1.91 0.01 2.787 1.816 0.954 1.09 0.927 0.012 0.007 0.012
488.6 2.086 1.986 1.91 0.01 2.787 1.816 0.954 1.09 0.927 0.012 0.007 0.012
488.7 2.086 1.986 1.91 0.01 2.787 1.816 0.954 1.09 0.927 0.012 0.007 0.012
488.8 2.086 1.986 1.91 0.01 2.787 1.816 0.954 1.09 0.927 0.012 0.007 0.012
488.9 2.086 1.986 1.91 0.01 2.787 1.816 0.954 1.09 0.927 0.012 0.007 0.012
489.0 2.086 1.986 1.91 0.01 2.787 1.816 0.954 1.09 0.927 0.012 0.007 0.012
489.1 2.086 1.986 1.91 0.01 2.787 1.816 0.954 1.09 0.927 0.012 0.007 0.012
489.2 2.086 1.986 1.91 0.01 2.787 1.816 0.954 1.09 0.927 0.012 0.007 0.012
489.3 2.086 1.986 1.91 0.01 2.787 1.816 0.954 1.09 0.927 0.012 0.007 0.012
489.4 2.086 1.986 1.91 0.01 2.787 1.816 0.954 1.09 0.927 0.012 0.007 0.012
489.5 2.086 1.986 1.91 0.01 2.787 1.816 0.954 1.09 0.927 0.012 0.007 0.012
489.6 2.086 1.986 1.91 0.01 2.787 1.816 0.954 1.09 0.927 0.012 0.007 0.012
489.7 2.086 1.986 1.91 0.01 2.787 1.816 0.954 1.09 0.927 0.012 0.007 0.012
489.8 2.086 1.986 1.91 0.01 2.787 1.816 0.954 1.09 0.927 0.012 0.007 0.012
489.9 2.086 1.986 1.91 0.01 2.787 1.816 0.954 1.09 0.927 0.012 0.007 0.012
490.0 2.086 1.986 1.91 0.01 2.787 1.816 0.954 1.09 0.927 0.012 0.007 0.012
490.1 2.086 1.986 1.91 0.01 2.787 1.816 0.954 1.09 0.927 0.012 0.007 0.012
490.2 2.086 1.986 1.91 0.01 2.787 1.816 0.954 1.09 0.927 0.012 0.007 0.012
490.3 2.086 1.986 1.91 0.01 2.787 1.816 0.954 1.09 0.927 0.012 0.007 0.012
490.4 2.086 1.986 1.91 0.01 2.787 1.816 0.954 1.09 0.927 0.012 0.007 0.012
490.5 2.086 1.986 1.91 0.01 2.787 1.816 0.954 1.09 0.927 0.012 0.007 0.012
490.6 2.086 1.986 1.91 0.01 2.787 1.816 0.954 1.09 0.927 0.012 0.007 0.012
490.7 2.086 1.986 1.91 0.01 2.787 1.816 0.954 1.09 0.927 0.012 0.007 0.012
490.8 2.086 1.986 1.91 0.01 2.787 1.816 0.954 1.09 0.927 0.012 0.007 0.012
490.9 2.086 1.986 1.91 0.01 2.787 1.816 0.954 1.09 0.927 0.012 0.007 0.012
491.0 2.086 1.986 1.91 0.01 2.787 1.816 0.954 1.09 0.927 0.012 0.007 0.012
491.1 2.086 1.986 1.91 0.01 2.787 1.816 0.954 1.09 0.927 0.012 0.007 0.012
491.2 2.086 1.986 1.91 0.01 2.787 1.816 0.954 1.09 0.927 0.012 0.007 0.012
491.3 2.086 1.986 1.91 0.01 2.787 1.816 0.954 1.09 0.927 0.012 0.007 0.012
491.4 2.086 1.986 1.91 0.01 2.787 1.816 0.954 1.09 0.927 0.012 0.007 0.012
491.5 2.086 1.986 1.91 0.01 2.787 1.816 0.954 1.09 0.927 0.012 0.007 0.012
491.6 2.086 1.986 1.91 0.01 2.787 1.816 0.954 1.09 0.927 0.012 0.007 0.012
491.7 2.086 1.986 1.91 0.01 2.787 1.816 0.954 1.09 0.927 0.012 0.007 0.012
491.8 2.086 1.986 1.91 0.01 2.787 1.816 0.954 1.09 0.927 0.012 0.007 0.012
491.9 2.086 1.986 1.91 0.01 2.787 1.816 0.954 1.09 0.927 0.012 0.007 0.012
492.0 2.086 1.986 1.91 0.01 2.787 1.816 0.954 1.09 0.927 0.012 0.007 0.012
492.1 2.086 1.986 1.91 0.01 2.787 1.816 0.954 1.09 0.927 0.012 0.007 0.012
492.2 2.086 1.986 1.91 0.01 2.787 1.816 0.954 1.09 0.927 0.012 0.007 0.012
492.3 2.086 1.986 1.91 0.01 2.787 1.816 0.954 1.09 0.927 0.012 0.007 0.012
492.4 2.086 1.986 1.91 0.01 2.787 1.816 0.954 1.09 0.927 0.012 0.007 0.012
492.5 2.086 1.986 1.91 0.01 2.787 1.816 0.954 1.09 0.927 0.012 0.007 0.012
492.6 2.086 1.986 1.91 0.01 2.787 1.816 0.954 1.09 0.927 0.012 0.007 0.012
492.7 2.086 1.986 1.91 0.01 2.787 1.816 0.954 1.09 0.927 0.012 0.007 0.012
492.8 2.086 1.986 1.91 0.01 2.787 1.816 0.954 1.09 0.927 0.012 0.007 0.012
492.9 2.086 1.986 1.91 0.01 2.787 1.816 0.954 1.09 0.927 0.012 0.007 0.012
493.0 2.086 1.986 1.91 0.01 2.787 1.816 0.954 1.09 0.927 0.012 0.007 0.012
493.1 2.086 1.986 1.91 0.01 2.787 1.816 0.954 1.09 0.927 0.012 0.007 0.012
493.2 2.086 1.986 1.91 0.01 2.787 1.816 0.954 1.09 0.927 0.012 0.007 0.012
493.3 2.086 1.986 1.91 0.01 2.787 1.816 0.954 1.09 0.927 0.012 0.007 0.012
493.4 2.086 1.986 1.91 0.01 2.787 1.816 0.954 1.09 0.927 0.012 0.007 0.012
493.5 2.086 1.986 1.91 0.01 2.787 1.816 0.954 1.09 0.927 0.012 0.007 0.012
493.6 2.086 1.986 1.91 0.01 2.787 1.816 0.954 1.09 0.927 0.012 0.007 0.012
493.7 2.086 1.986 1.91 0.01 2.787 1.816 0.954 1.09 0.927 0.012 0.007 0.012
493.8 2.086 1.986 1.91 0.01 2.787 1.816 0.954 1.09 0.927 0.012 0.007 0.012
493.9 2.086 1.986 1.91 0.01 2.787 1.816 0.954 1.09 0.927 0.012 0.007 0.012
494.0 2.086 1.986 1.91 0.01 2.787 1.816 0.954 1.09 0.927 0.012 0.007 0.012
494.1 2.086 1.986 1.91 0.01 2.787 1.816 0.954 1.09 0.927 0.012 0.007 0.012
494.2 2.086 1.986 1.91 0.01 2.787 1.816 0.954 1.09 0.927 0.012 0.007 0.012
494.3 2.086 1.986 1.91 0.01 2.787 1.816 0.954 1.09 0.927 0.012 0.007 0.012
494.4 2.086 1.986 1.91 0.01 2.787 1.816 0.954 1.09 0.927 0.012 0.007 0.012
494.5 2.086 1.986 1.91 0.01 2.787 1.816 0.954 1.09 0.927 0.012 0.007 0.012
494.6 2.086 1.986 1.91 0.01 2.787 1.816 0.954 1.09 0.927 0.012 0.007 0.012
494.7 2.086 1.986 1.91 0.01 2.787 1.816 0.954 1.09 0.927 0.012 0.007 0.012
494.8 2.086 1.986 1.91 0.01 2.787 1.816 0.954 1.09 0.927 0.012 0.007 0.012
494.9 2.086 1.986 1.91 0.01 2.787 1.816 0.954 1.09 0.927 0.012 0.007 0.012
495.0 2.086 1.986 1.91 0.01 2.787 1.816 0.954 1.09 0.927 0.012 0.007 0.012
495.1 2.086 1.986 1.91 0.01 2.787 1.816 0.954 1.09 0.927 0.012 0.007 0.012
495.2 2.086 1.986 1.91 0.01 2.787 1.816 0.954 1.09 0.927 0.012 0.007 0.012
495.3 2.086 1.986 1.91 0.01 2.787 1.816 0.954 1.09 0.927 0.012 0.007 0.012
495.4 2.086 1.986 1.91 0.01 2.787 1.816 0.954 1.09 0.927 0.012 0.007 0.012
495.5 2.086 1.986 1.91 0.01 2.787 1.816 0.954 1.09 0.927 0.012 0.007 0.012
495.6 2.086 1.986 1.91 0.01 2.787 1.816 0.954 1.09 0.927 0.012 0.007 0.012
495.7 2.086 1.986 1.91 0.01 2.787 1.816 0.954 1.09 0.927 0.012 0.007 0.012
495.8 2.086 1.986 1.91 0.01 2.787 1.816 0.954 1.09 0.927 0.012 0.007 0.012
495.9 2.086 1.986 1.91 0.01 2.787 1.816 0.954 1.09 0.927 0.012 0.007 0.012
496.0 2.086 1.986 1.91 0.01 2.787 1.816 0.954 1.09 0.927 0.012 0.007 0.012
496.1 2.086 1.986 1.91 0.01 2.787 1.816 0.954 1.09 0.927 0.012 0.007 0.012
496.2 2.086 1.986 1.91 0.01 2.787 1.816 0.954 1.09 0.927 0.012 0.007 0.012
496.3 2.086 1.986 1.91 0.01 2.787 1.816 0.954 1.09 0.927 0.012 0.007 0.012
496.4 2.086 1.986 1.91 0.01 2.787 1.816 0.954 1.09 0.927 0.012 0.007 0.012
496.5 2.086 1.986 1.91 0.01 2.787 1.816 0.954 1.09 0.927 0.012 0.007 0.012
496.6 2.086 1.986 1.91 0.01 2.787 1.816 0.954 1.09 0.927 0.012 0.007 0.012
496.7 2.086 1.986 1.91 0.01 2.787 1.816 0.954 1.09 0.927 0.012 0.007 0.012
496.8 2.086 1.986 1.91 0.01 2.787 1.816 0.954 1.09 0.927 0.012 0.007 0.012
496.9 2.086 1.986 1.91 0.01 2.787 1.816 0.954 1.09 0.927 0.012 0.007 0.012
497.0 2.086 1.986 1.91 0.01 2.787 1.816 0.954 1.09 0.927 0.012 0.007 0.012
497.1 2.086 1.986 1.91 0.01 2.787 1.816 0.954 1.09 0.927 0.012 0.007 0.012
497.2 2.086 1.986 1.91 0.01 2.787 1.816 0.954 1.09 0.927 0.012 0.007 0.012
497.3 2.086 1.986 1.91 0.01 2.787 1.816 0.954 1.09 0.927 0.012 0.007 0.012
497.4 2.086 1.986 1.91 0.01 2.787 1.816 0.954 1.09 0.927 0.012 0.007 0.012
497.5 2.086 1.986 1.91 0.01 2.787 1.816 0.954 1.09 0.927 0.012 0.007 0.012
497.6 2.086 1.986 1.91 0.01 2.787 1.816 0.954 1.09 0.927 0.012 0.007 0.012
497.7 2.086 1.986 1.91 0.01 2.787 1.816 0.954 1.09 0.927 0.012 0.007 0.012
497.8 2.086 1.986 1.91 0.01 2.787 1.816 0.954 1.09 0.927 0.012 0.007 0.012
497.9 2.086 1.986 1.91 0.01 2.787 1.816 0.954 1.09 0.927 0.012 0.007 0.012
498.0 2.086 1.986 1.91 0.01 2.787 1.816 0.954 1.09 0.927 0.012 0.007 0.012
498.1 2.086 1.986 1.91 0.01 2.787 1.816 0.954 1.09 0.927 0.012 0.007 0.012
498.2 2.086 1.986 1.91 0.01 2.787 1.816 0.954 1.09 0.927 0.012 0.007 0.012
498.3 2.086 1.986 1.91 0.01 2.787 1.816 0.954 1.09 0.927 0.012 0.007 0.012
498.4 2.086 1.986 1.91 0.01 2.787 1.816 0.954 1.09 0.927 0.012 0.007 0.012
498.5 2.086 1.986 1.91 0.01 2.787 1.816 0.954 1.09 0.927 0.012 0.007 0.012
498.6 2.086 1.986 1.91 0.01 2.787 1.816 0.954 1.09 0.927 0.012 0.007 0.012
498.7 2.086 1.986 1.91 0.01 2.787 1.816 0.954 1.09 0.927 0.012 0.007 0.012
498.8 2.086 1.986 1.91 0.01 2.787 1.816 0.954 1.09 0.927 0.012 0.007 0.012
498.9 2.086 1.986 1.91 0.01 2.787 1.816 0.954 1.09 0.927 0.012 0.007 0.012
499.0 2.086 1.986 1.91 0.01 2.787 1.816 0.954 1.09 0.927 0.012 0.007 0.012
499.1 2.086 1.986 1.91 0.01 2.787 1.816 0.954 1.09 0.927 0.012 0.007 0.012
499.2 2.086 1.986 1.91 0.01 2.787 1.816 0.954 1.09 0.927 0.012 0.007 0.012
499.3 2.086 1.986 1.91 0.01 2.787 1.816 0.954 1.09 0.927 0.012 0.007 0.012
499.4 2.086 1.986 1.91 0.01 2.787 1.816 0.954 1.09 0.927 0.012 0.007 0.012
499.5 2.086 1.986 1.91 0.01 2.787 1.816 0.954 1.09 0.927 0.012 0.007 0.012
499.6 2.086 1.986 1.91 0.01 2.787 1.816 0.954 1.09 0.927 0.012 0.007 0.012
499.7 2.086 1.986 1.91 0.01 2.787 1.816 0.954 1.09 0.927 0.012 0.007 0.012
499.8 2.086 1.986 1.91 0.01 2.787 1.816 0.954 1.09 0.927 0.012 0.007 0.012
499.9 2.086 1.986 1.91 0.01 2.787 1.816 0.954 1.09 0.927 0.012 0.007 0.012
