0.0 0.029 
0.1 0.029 
0.2 0.029 
0.3 0.029 
0.4 0.029 
0.5 0.029 
0.6 0.029 
0.7 0.029 
0.8 0.029 
0.9 0.029 
1.0 0.029 
1.1 0.029 
1.2 0.029 
1.3 0.029 
1.4 0.029 
1.5 0.029 
1.6 0.029 
1.7 0.029 
1.8 0.029 
1.9 0.029 
2.0 0.029 
2.1 0.029 
2.2 0.029 
2.3 0.029 
2.4 0.029 
2.5 0.029 
2.6 0.029 
2.7 0.029 
2.8 0.029 
2.9 0.029 
3.0 0.029 
3.1 0.029 
3.2 0.029 
3.3 0.029 
3.4 0.029 
3.5 0.029 
3.6 0.029 
3.7 0.029 
3.8 0.029 
3.9 0.029 
4.0 0.029 
4.1 0.029 
4.2 0.029 
4.3 0.029 
4.4 0.029 
4.5 0.029 
4.6 0.029 
4.7 0.029 
4.8 0.029 
4.9 0.029 
5.0 0.029 
5.1 0.029 
5.2 0.029 
5.3 0.029 
5.4 0.029 
5.5 0.029 
5.6 0.029 
5.7 0.029 
5.8 0.029 
5.9 0.029 
6.0 0.029 
6.1 0.029 
6.2 0.029 
6.3 0.029 
6.4 0.029 
6.5 0.029 
6.6 0.029 
6.7 0.029 
6.8 0.029 
6.9 0.029 
7.0 0.029 
7.1 0.029 
7.2 0.029 
7.3 0.029 
7.4 0.029 
7.5 0.029 
7.6 0.029 
7.7 0.029 
7.8 0.029 
7.9 0.029 
8.0 0.029 
8.1 0.029 
8.2 0.029 
8.3 0.029 
8.4 0.029 
8.5 0.029 
8.6 0.029 
8.7 0.029 
8.8 0.029 
8.9 0.029 
9.0 0.029 
9.1 0.029 
9.2 0.029 
9.3 0.029 
9.4 0.029 
9.5 0.029 
9.6 0.029 
9.7 0.029 
9.8 0.029 
9.9 0.029 
10.0 0.029 
10.1 0.029 
10.2 0.029 
10.3 0.029 
10.4 0.029 
10.5 0.029 
10.6 0.029 
10.7 0.029 
10.8 0.029 
10.9 0.029 
11.0 0.029 
11.1 0.029 
11.2 0.029 
11.3 0.029 
11.4 0.029 
11.5 0.029 
11.6 0.029 
11.7 0.029 
11.8 0.029 
11.9 0.029 
12.0 0.029 
12.1 0.029 
12.2 0.029 
12.3 0.029 
12.4 0.029 
12.5 0.029 
12.6 0.029 
12.7 0.029 
12.8 0.029 
12.9 0.029 
13.0 0.029 
13.1 0.029 
13.2 0.029 
13.3 0.029 
13.4 0.029 
13.5 0.029 
13.6 0.029 
13.7 0.029 
13.8 0.029 
13.9 0.029 
14.0 0.029 
14.1 0.029 
14.2 0.029 
14.3 0.029 
14.4 0.029 
14.5 0.029 
14.6 0.029 
14.7 0.029 
14.8 0.029 
14.9 0.029 
15.0 0.029 
15.1 0.029 
15.2 0.029 
15.3 0.029 
15.4 0.029 
15.5 0.029 
15.6 0.029 
15.7 0.029 
15.8 0.029 
15.9 0.029 
16.0 0.029 
16.1 0.029 
16.2 0.029 
16.3 0.029 
16.4 0.029 
16.5 0.029 
16.6 0.029 
16.7 0.029 
16.8 0.029 
16.9 0.029 
17.0 0.029 
17.1 0.029 
17.2 0.029 
17.3 0.029 
17.4 0.029 
17.5 0.029 
17.6 0.029 
17.7 0.029 
17.8 0.029 
17.9 0.029 
18.0 0.029 
18.1 0.029 
18.2 0.029 
18.3 0.029 
18.4 0.029 
18.5 0.029 
18.6 0.029 
18.7 0.029 
18.8 0.029 
18.9 0.029 
19.0 0.029 
19.1 0.029 
19.2 0.029 
19.3 0.029 
19.4 0.029 
19.5 0.029 
19.6 0.029 
19.7 0.029 
19.8 0.029 
19.9 0.029 
20.0 0.029 
20.1 0.029 
20.2 0.029 
20.3 0.029 
20.4 0.029 
20.5 0.029 
20.6 0.029 
20.7 0.029 
20.8 0.029 
20.9 0.029 
21.0 0.029 
21.1 0.029 
21.2 0.029 
21.3 0.029 
21.4 0.029 
21.5 0.029 
21.6 0.029 
21.7 0.029 
21.8 0.029 
21.9 0.029 
22.0 0.029 
22.1 0.029 
22.2 0.029 
22.3 0.029 
22.4 0.029 
22.5 0.029 
22.6 0.029 
22.7 0.029 
22.8 0.029 
22.9 0.029 
23.0 0.029 
23.1 0.029 
23.2 0.029 
23.3 0.029 
23.4 0.029 
23.5 0.029 
23.6 0.029 
23.7 0.029 
23.8 0.029 
23.9 0.029 
24.0 0.029 
24.1 0.029 
24.2 0.029 
24.3 0.029 
24.4 0.029 
24.5 0.029 
24.6 0.029 
24.7 0.029 
24.8 0.029 
24.9 0.029 
25.0 0.029 
25.1 0.029 
25.2 0.029 
25.3 0.029 
25.4 0.029 
25.5 0.029 
25.6 0.029 
25.7 0.029 
25.8 0.029 
25.9 0.029 
26.0 0.029 
26.1 0.029 
26.2 0.029 
26.3 0.029 
26.4 0.029 
26.5 0.029 
26.6 0.029 
26.7 0.029 
26.8 0.029 
26.9 0.029 
27.0 0.029 
27.1 0.029 
27.2 0.029 
27.3 0.029 
27.4 0.029 
27.5 0.029 
27.6 0.029 
27.7 0.029 
27.8 0.029 
27.9 0.029 
28.0 0.029 
28.1 0.029 
28.2 0.029 
28.3 0.029 
28.4 0.029 
28.5 0.029 
28.6 0.029 
28.7 0.029 
28.8 0.029 
28.9 0.029 
29.0 0.029 
29.1 0.029 
29.2 0.029 
29.3 0.029 
29.4 0.029 
29.5 0.029 
29.6 0.029 
29.7 0.029 
29.8 0.029 
29.9 0.029 
30.0 0.029 
30.1 0.029 
30.2 0.029 
30.3 0.029 
30.4 0.029 
30.5 0.029 
30.6 0.029 
30.7 0.029 
30.8 0.029 
30.9 0.029 
31.0 0.029 
31.1 0.029 
31.2 0.029 
31.3 0.029 
31.4 0.029 
31.5 0.029 
31.6 0.029 
31.7 0.029 
31.8 0.029 
31.9 0.029 
32.0 0.029 
32.1 0.029 
32.2 0.029 
32.3 0.029 
32.4 0.029 
32.5 0.029 
32.6 0.029 
32.7 0.029 
32.8 0.029 
32.9 0.029 
33.0 0.029 
33.1 0.029 
33.2 0.029 
33.3 0.029 
33.4 0.029 
33.5 0.029 
33.6 0.029 
33.7 0.029 
33.8 0.029 
33.9 0.029 
34.0 0.029 
34.1 0.029 
34.2 0.029 
34.3 0.029 
34.4 0.029 
34.5 0.029 
34.6 0.029 
34.7 0.029 
34.8 0.029 
34.9 0.029 
35.0 0.029 
35.1 0.029 
35.2 0.029 
35.3 0.029 
35.4 0.029 
35.5 0.029 
35.6 0.029 
35.7 0.029 
35.8 0.029 
35.9 0.029 
36.0 0.029 
36.1 0.029 
36.2 0.029 
36.3 0.029 
36.4 0.029 
36.5 0.029 
36.6 0.029 
36.7 0.029 
36.8 0.029 
36.9 0.029 
37.0 0.029 
37.1 0.029 
37.2 0.029 
37.3 0.029 
37.4 0.029 
37.5 0.029 
37.6 0.029 
37.7 0.029 
37.8 0.029 
37.9 0.029 
38.0 0.029 
38.1 0.029 
38.2 0.029 
38.3 0.029 
38.4 0.029 
38.5 0.029 
38.6 0.029 
38.7 0.029 
38.8 0.029 
38.9 0.029 
39.0 0.029 
39.1 0.029 
39.2 0.029 
39.3 0.029 
39.4 0.029 
39.5 0.029 
39.6 0.029 
39.7 0.029 
39.8 0.029 
39.9 0.029 
40.0 0.029 
40.1 0.029 
40.2 0.029 
40.3 0.029 
40.4 0.029 
40.5 0.029 
40.6 0.029 
40.7 0.029 
40.8 0.029 
40.9 0.029 
41.0 0.029 
41.1 0.029 
41.2 0.029 
41.3 0.029 
41.4 0.029 
41.5 0.029 
41.6 0.029 
41.7 0.029 
41.8 0.029 
41.9 0.029 
42.0 0.029 
42.1 0.029 
42.2 0.029 
42.3 0.029 
42.4 0.029 
42.5 0.029 
42.6 0.029 
42.7 0.029 
42.8 0.029 
42.9 0.029 
43.0 0.029 
43.1 0.029 
43.2 0.029 
43.3 0.029 
43.4 0.029 
43.5 0.029 
43.6 0.029 
43.7 0.029 
43.8 0.029 
43.9 0.029 
44.0 0.029 
44.1 0.029 
44.2 0.029 
44.3 0.029 
44.4 0.029 
44.5 0.029 
44.6 0.029 
44.7 0.029 
44.8 0.029 
44.9 0.029 
45.0 0.029 
45.1 0.029 
45.2 0.029 
45.3 0.029 
45.4 0.029 
45.5 0.029 
45.6 0.029 
45.7 0.029 
45.8 0.029 
45.9 0.029 
46.0 0.029 
46.1 0.029 
46.2 0.029 
46.3 0.029 
46.4 0.029 
46.5 0.029 
46.6 0.029 
46.7 0.029 
46.8 0.029 
46.9 0.029 
47.0 0.029 
47.1 0.029 
47.2 0.029 
47.3 0.029 
47.4 0.029 
47.5 0.029 
47.6 0.029 
47.7 0.029 
47.8 0.029 
47.9 0.029 
48.0 0.029 
48.1 0.029 
48.2 0.029 
48.3 0.029 
48.4 0.029 
48.5 0.029 
48.6 0.029 
48.7 0.029 
48.8 0.029 
48.9 0.029 
49.0 0.029 
49.1 0.029 
49.2 0.029 
49.3 0.029 
49.4 0.029 
49.5 0.029 
49.6 0.029 
49.7 0.029 
49.8 0.029 
49.9 0.029 
50.0 0.029 
50.1 0.029 
50.2 0.029 
50.3 0.029 
50.4 0.029 
50.5 0.029 
50.6 0.029 
50.7 0.029 
50.8 0.029 
50.9 0.029 
51.0 0.029 
51.1 0.029 
51.2 0.029 
51.3 0.029 
51.4 0.029 
51.5 0.029 
51.6 0.029 
51.7 0.029 
51.8 0.029 
51.9 0.029 
52.0 0.029 
52.1 0.029 
52.2 0.029 
52.3 0.029 
52.4 0.029 
52.5 0.029 
52.6 0.029 
52.7 0.029 
52.8 0.029 
52.9 0.029 
53.0 0.029 
53.1 0.029 
53.2 0.029 
53.3 0.029 
53.4 0.029 
53.5 0.029 
53.6 0.029 
53.7 0.029 
53.8 0.029 
53.9 0.029 
54.0 0.029 
54.1 0.029 
54.2 0.029 
54.3 0.029 
54.4 0.029 
54.5 0.029 
54.6 0.029 
54.7 0.029 
54.8 0.029 
54.9 0.029 
55.0 0.029 
55.1 0.029 
55.2 0.029 
55.3 0.029 
55.4 0.029 
55.5 0.029 
55.6 0.029 
55.7 0.029 
55.8 0.029 
55.9 0.029 
56.0 0.029 
56.1 0.029 
56.2 0.029 
56.3 0.029 
56.4 0.029 
56.5 0.029 
56.6 0.029 
56.7 0.029 
56.8 0.029 
56.9 0.029 
57.0 0.029 
57.1 0.029 
57.2 0.029 
57.3 0.029 
57.4 0.029 
57.5 0.029 
57.6 0.029 
57.7 0.029 
57.8 0.029 
57.9 0.029 
58.0 0.029 
58.1 0.029 
58.2 0.029 
58.3 0.029 
58.4 0.029 
58.5 0.029 
58.6 0.029 
58.7 0.029 
58.8 0.029 
58.9 0.029 
59.0 0.029 
59.1 0.029 
59.2 0.029 
59.3 0.029 
59.4 0.029 
59.5 0.029 
59.6 0.029 
59.7 0.029 
59.8 0.029 
59.9 0.029 
60.0 0.029 
60.1 0.029 
60.2 0.029 
60.3 0.029 
60.4 0.029 
60.5 0.029 
60.6 0.029 
60.7 0.029 
60.8 0.029 
60.9 0.029 
61.0 0.029 
61.1 0.029 
61.2 0.029 
61.3 0.029 
61.4 0.029 
61.5 0.029 
61.6 0.029 
61.7 0.029 
61.8 0.029 
61.9 0.029 
62.0 0.029 
62.1 0.029 
62.2 0.029 
62.3 0.029 
62.4 0.029 
62.5 0.029 
62.6 0.029 
62.7 0.029 
62.8 0.029 
62.9 0.029 
63.0 0.029 
63.1 0.029 
63.2 0.029 
63.3 0.029 
63.4 0.029 
63.5 0.029 
63.6 0.029 
63.7 0.029 
63.8 0.029 
63.9 0.029 
64.0 0.029 
64.1 0.029 
64.2 0.029 
64.3 0.029 
64.4 0.029 
64.5 0.029 
64.6 0.029 
64.7 0.029 
64.8 0.029 
64.9 0.029 
65.0 0.029 
65.1 0.029 
65.2 0.029 
65.3 0.029 
65.4 0.029 
65.5 0.029 
65.6 0.029 
65.7 0.029 
65.8 0.029 
65.9 0.029 
66.0 0.029 
66.1 0.029 
66.2 0.029 
66.3 0.029 
66.4 0.029 
66.5 0.029 
66.6 0.029 
66.7 0.029 
66.8 0.029 
66.9 0.029 
67.0 0.029 
67.1 0.029 
67.2 0.029 
67.3 0.029 
67.4 0.029 
67.5 0.029 
67.6 0.029 
67.7 0.029 
67.8 0.029 
67.9 0.029 
68.0 0.029 
68.1 0.029 
68.2 0.029 
68.3 0.029 
68.4 0.029 
68.5 0.029 
68.6 0.029 
68.7 0.029 
68.8 0.029 
68.9 0.029 
69.0 0.029 
69.1 0.029 
69.2 0.029 
69.3 0.029 
69.4 0.029 
69.5 0.029 
69.6 0.029 
69.7 0.029 
69.8 0.029 
69.9 0.029 
70.0 0.029 
70.1 0.029 
70.2 0.029 
70.3 0.029 
70.4 0.029 
70.5 0.029 
70.6 0.029 
70.7 0.029 
70.8 0.029 
70.9 0.029 
71.0 0.029 
71.1 0.029 
71.2 0.029 
71.3 0.029 
71.4 0.029 
71.5 0.029 
71.6 0.029 
71.7 0.029 
71.8 0.029 
71.9 0.029 
72.0 0.029 
72.1 0.029 
72.2 0.029 
72.3 0.029 
72.4 0.029 
72.5 0.029 
72.6 0.029 
72.7 0.029 
72.8 0.029 
72.9 0.029 
73.0 0.029 
73.1 0.029 
73.2 0.029 
73.3 0.029 
73.4 0.029 
73.5 0.029 
73.6 0.029 
73.7 0.029 
73.8 0.029 
73.9 0.029 
74.0 0.029 
74.1 0.029 
74.2 0.029 
74.3 0.029 
74.4 0.029 
74.5 0.029 
74.6 0.029 
74.7 0.029 
74.8 0.029 
74.9 0.029 
75.0 0.029 
75.1 0.029 
75.2 0.029 
75.3 0.029 
75.4 0.029 
75.5 0.029 
75.6 0.029 
75.7 0.029 
75.8 0.029 
75.9 0.029 
76.0 0.029 
76.1 0.029 
76.2 0.029 
76.3 0.029 
76.4 0.029 
76.5 0.029 
76.6 0.029 
76.7 0.029 
76.8 0.029 
76.9 0.029 
77.0 0.029 
77.1 0.029 
77.2 0.029 
77.3 0.029 
77.4 0.029 
77.5 0.029 
77.6 0.029 
77.7 0.029 
77.8 0.029 
77.9 0.029 
78.0 0.029 
78.1 0.029 
78.2 0.029 
78.3 0.029 
78.4 0.029 
78.5 0.029 
78.6 0.029 
78.7 0.029 
78.8 0.029 
78.9 0.029 
79.0 0.029 
79.1 0.029 
79.2 0.029 
79.3 0.029 
79.4 0.029 
79.5 0.029 
79.6 0.029 
79.7 0.029 
79.8 0.029 
79.9 0.029 
80.0 0.029 
80.1 0.029 
80.2 0.029 
80.3 0.029 
80.4 0.029 
80.5 0.029 
80.6 0.029 
80.7 0.029 
80.8 0.029 
80.9 0.029 
81.0 0.029 
81.1 0.029 
81.2 0.029 
81.3 0.029 
81.4 0.029 
81.5 0.029 
81.6 0.029 
81.7 0.029 
81.8 0.029 
81.9 0.029 
82.0 0.029 
82.1 0.029 
82.2 0.029 
82.3 0.029 
82.4 0.029 
82.5 0.029 
82.6 0.029 
82.7 0.029 
82.8 0.029 
82.9 0.029 
83.0 0.029 
83.1 0.029 
83.2 0.029 
83.3 0.029 
83.4 0.029 
83.5 0.029 
83.6 0.029 
83.7 0.029 
83.8 0.029 
83.9 0.029 
84.0 0.029 
84.1 0.029 
84.2 0.029 
84.3 0.029 
84.4 0.029 
84.5 0.029 
84.6 0.029 
84.7 0.029 
84.8 0.029 
84.9 0.029 
85.0 0.029 
85.1 0.029 
85.2 0.029 
85.3 0.029 
85.4 0.029 
85.5 0.029 
85.6 0.029 
85.7 0.029 
85.8 0.029 
85.9 0.029 
86.0 0.029 
86.1 0.029 
86.2 0.029 
86.3 0.029 
86.4 0.029 
86.5 0.029 
86.6 0.029 
86.7 0.029 
86.8 0.029 
86.9 0.029 
87.0 0.029 
87.1 0.029 
87.2 0.029 
87.3 0.029 
87.4 0.029 
87.5 0.029 
87.6 0.029 
87.7 0.029 
87.8 0.029 
87.9 0.029 
88.0 0.029 
88.1 0.029 
88.2 0.029 
88.3 0.029 
88.4 0.029 
88.5 0.029 
88.6 0.029 
88.7 0.029 
88.8 0.029 
88.9 0.029 
89.0 0.029 
89.1 0.029 
89.2 0.029 
89.3 0.029 
89.4 0.029 
89.5 0.029 
89.6 0.029 
89.7 0.029 
89.8 0.029 
89.9 0.029 
90.0 0.029 
90.1 0.029 
90.2 0.029 
90.3 0.029 
90.4 0.029 
90.5 0.029 
90.6 0.029 
90.7 0.029 
90.8 0.029 
90.9 0.029 
91.0 0.029 
91.1 0.029 
91.2 0.029 
91.3 0.029 
91.4 0.029 
91.5 0.029 
91.6 0.029 
91.7 0.029 
91.8 0.029 
91.9 0.029 
92.0 0.029 
92.1 0.029 
92.2 0.029 
92.3 0.029 
92.4 0.029 
92.5 0.029 
92.6 0.029 
92.7 0.029 
92.8 0.029 
92.9 0.029 
93.0 0.029 
93.1 0.029 
93.2 0.029 
93.3 0.029 
93.4 0.029 
93.5 0.029 
93.6 0.029 
93.7 0.029 
93.8 0.029 
93.9 0.029 
94.0 0.029 
94.1 0.029 
94.2 0.029 
94.3 0.029 
94.4 0.029 
94.5 0.029 
94.6 0.029 
94.7 0.029 
94.8 0.029 
94.9 0.029 
95.0 0.029 
95.1 0.029 
95.2 0.029 
95.3 0.029 
95.4 0.029 
95.5 0.029 
95.6 0.029 
95.7 0.029 
95.8 0.029 
95.9 0.029 
96.0 0.029 
96.1 0.029 
96.2 0.029 
96.3 0.029 
96.4 0.029 
96.5 0.029 
96.6 0.029 
96.7 0.029 
96.8 0.029 
96.9 0.029 
97.0 0.029 
97.1 0.029 
97.2 0.029 
97.3 0.029 
97.4 0.029 
97.5 0.029 
97.6 0.029 
97.7 0.029 
97.8 0.029 
97.9 0.029 
98.0 0.029 
98.1 0.029 
98.2 0.029 
98.3 0.029 
98.4 0.029 
98.5 0.029 
98.6 0.029 
98.7 0.029 
98.8 0.029 
98.9 0.029 
99.0 0.029 
99.1 0.029 
99.2 0.029 
99.3 0.029 
99.4 0.029 
99.5 0.029 
99.6 0.029 
99.7 0.029 
99.8 0.029 
99.9 0.029 
