0.0 0.03 
0.1 0.036 
0.2 0.044 
0.3 0.053 
0.4 0.063 
0.5 0.075 
0.6 0.089 
0.7 0.105 
0.8 0.124 
0.9 0.146 
1.0 0.172 
1.1 0.201 
1.2 0.234 
1.3 0.273 
1.4 0.316 
1.5 0.364 
1.6 0.418 
1.7 0.478 
1.8 0.543 
1.9 0.614 
2.0 0.689 
2.1 0.769 
2.2 0.852 
2.3 0.938 
2.4 1.025 
2.5 1.112 
2.6 1.199 
2.7 1.284 
2.8 1.366 
2.9 1.445 
3.0 1.52 
3.1 1.59 
3.2 1.656 
3.3 1.717 
3.4 1.773 
3.5 1.825 
3.6 1.873 
3.7 1.918 
3.8 1.959 
3.9 1.997 
4.0 2.032 
4.1 2.066 
4.2 2.097 
4.3 2.127 
4.4 2.155 
4.5 2.182 
4.6 2.207 
4.7 2.232 
4.8 2.255 
4.9 2.278 
5.0 2.3 
5.1 2.321 
5.2 2.341 
5.3 2.361 
5.4 2.38 
5.5 2.398 
5.6 2.415 
5.7 2.432 
5.8 2.448 
5.9 2.464 
6.0 2.479 
6.1 2.493 
6.2 2.507 
6.3 2.521 
6.4 2.533 
6.5 2.545 
6.6 2.557 
6.7 2.568 
6.8 2.579 
6.9 2.589 
7.0 2.599 
7.1 2.608 
7.2 2.617 
7.3 2.625 
7.4 2.633 
7.5 2.641 
7.6 2.648 
7.7 2.655 
7.8 2.662 
7.9 2.668 
8.0 2.674 
8.1 2.68 
8.2 2.685 
8.3 2.69 
8.4 2.695 
8.5 2.7 
8.6 2.704 
8.7 2.708 
8.8 2.712 
8.9 2.716 
9.0 2.72 
9.1 2.723 
9.2 2.726 
9.3 2.729 
9.4 2.732 
9.5 2.735 
9.6 2.738 
9.7 2.74 
9.8 2.743 
9.9 2.745 
10.0 2.747 
10.1 2.749 
10.2 2.751 
10.3 2.753 
10.4 2.754 
10.5 2.756 
10.6 2.758 
10.7 2.759 
10.8 2.76 
10.9 2.762 
11.0 2.763 
11.1 2.764 
11.2 2.765 
11.3 2.766 
11.4 2.767 
11.5 2.768 
11.6 2.769 
11.7 2.77 
11.8 2.771 
11.9 2.772 
12.0 2.772 
12.1 2.773 
12.2 2.774 
12.3 2.774 
12.4 2.775 
12.5 2.776 
12.6 2.776 
12.7 2.777 
12.8 2.777 
12.9 2.778 
13.0 2.778 
13.1 2.778 
13.2 2.779 
13.3 2.779 
13.4 2.779 
13.5 2.78 
13.6 2.78 
13.7 2.78 
13.8 2.781 
13.9 2.781 
14.0 2.781 
14.1 2.781 
14.2 2.782 
14.3 2.782 
14.4 2.782 
14.5 2.782 
14.6 2.782 
14.7 2.783 
14.8 2.783 
14.9 2.783 
15.0 2.783 
15.1 2.783 
15.2 2.783 
15.3 2.783 
15.4 2.784 
15.5 2.784 
15.6 2.784 
15.7 2.784 
15.8 2.784 
15.9 2.784 
16.0 2.784 
16.1 2.784 
16.2 2.784 
16.3 2.784 
16.4 2.784 
16.5 2.785 
16.6 2.785 
16.7 2.785 
16.8 2.785 
16.9 2.785 
17.0 2.785 
17.1 2.785 
17.2 2.785 
17.3 2.785 
17.4 2.785 
17.5 2.785 
17.6 2.785 
17.7 2.785 
17.8 2.785 
17.9 2.785 
18.0 2.785 
18.1 2.785 
18.2 2.785 
18.3 2.785 
18.4 2.785 
18.5 2.785 
18.6 2.785 
18.7 2.785 
18.8 2.785 
18.9 2.785 
19.0 2.785 
19.1 2.785 
19.2 2.785 
19.3 2.785 
19.4 2.785 
19.5 2.785 
19.6 2.785 
19.7 2.785 
19.8 2.785 
19.9 2.785 
20.0 2.785 
20.1 2.785 
20.2 2.786 
20.3 2.786 
20.4 2.786 
20.5 2.786 
20.6 2.786 
20.7 2.786 
20.8 2.786 
20.9 2.786 
21.0 2.786 
21.1 2.786 
21.2 2.786 
21.3 2.786 
21.4 2.786 
21.5 2.786 
21.6 2.786 
21.7 2.786 
21.8 2.786 
21.9 2.786 
22.0 2.786 
22.1 2.786 
22.2 2.786 
22.3 2.786 
22.4 2.786 
22.5 2.786 
22.6 2.786 
22.7 2.786 
22.8 2.786 
22.9 2.786 
23.0 2.786 
23.1 2.786 
23.2 2.786 
23.3 2.786 
23.4 2.786 
23.5 2.786 
23.6 2.786 
23.7 2.786 
23.8 2.786 
23.9 2.786 
24.0 2.786 
24.1 2.786 
24.2 2.786 
24.3 2.786 
24.4 2.786 
24.5 2.786 
24.6 2.786 
24.7 2.786 
24.8 2.786 
24.9 2.786 
25.0 2.786 
25.1 2.786 
25.2 2.786 
25.3 2.786 
25.4 2.786 
25.5 2.786 
25.6 2.786 
25.7 2.786 
25.8 2.786 
25.9 2.786 
26.0 2.786 
26.1 2.786 
26.2 2.786 
26.3 2.786 
26.4 2.786 
26.5 2.786 
26.6 2.786 
26.7 2.786 
26.8 2.786 
26.9 2.786 
27.0 2.786 
27.1 2.786 
27.2 2.786 
27.3 2.786 
27.4 2.786 
27.5 2.786 
27.6 2.786 
27.7 2.786 
27.8 2.786 
27.9 2.786 
28.0 2.786 
28.1 2.786 
28.2 2.786 
28.3 2.786 
28.4 2.786 
28.5 2.786 
28.6 2.786 
28.7 2.786 
28.8 2.786 
28.9 2.786 
29.0 2.786 
29.1 2.786 
29.2 2.786 
29.3 2.786 
29.4 2.786 
29.5 2.786 
29.6 2.786 
29.7 2.786 
29.8 2.786 
29.9 2.786 
30.0 2.786 
30.1 2.786 
30.2 2.786 
30.3 2.786 
30.4 2.786 
30.5 2.786 
30.6 2.786 
30.7 2.786 
30.8 2.786 
30.9 2.786 
31.0 2.786 
31.1 2.786 
31.2 2.786 
31.3 2.786 
31.4 2.786 
31.5 2.786 
31.6 2.786 
31.7 2.786 
31.8 2.786 
31.9 2.786 
32.0 2.786 
32.1 2.786 
32.2 2.786 
32.3 2.786 
32.4 2.786 
32.5 2.786 
32.6 2.786 
32.7 2.786 
32.8 2.786 
32.9 2.786 
33.0 2.786 
33.1 2.786 
33.2 2.786 
33.3 2.786 
33.4 2.786 
33.5 2.786 
33.6 2.786 
33.7 2.786 
33.8 2.786 
33.9 2.786 
34.0 2.786 
34.1 2.786 
34.2 2.786 
34.3 2.786 
34.4 2.786 
34.5 2.786 
34.6 2.786 
34.7 2.786 
34.8 2.786 
34.9 2.786 
35.0 2.786 
35.1 2.786 
35.2 2.786 
35.3 2.786 
35.4 2.786 
35.5 2.786 
35.6 2.786 
35.7 2.786 
35.8 2.786 
35.9 2.786 
36.0 2.786 
36.1 2.786 
36.2 2.786 
36.3 2.786 
36.4 2.786 
36.5 2.786 
36.6 2.786 
36.7 2.786 
36.8 2.786 
36.9 2.786 
37.0 2.786 
37.1 2.786 
37.2 2.786 
37.3 2.786 
37.4 2.786 
37.5 2.786 
37.6 2.786 
37.7 2.786 
37.8 2.786 
37.9 2.786 
38.0 2.786 
38.1 2.786 
38.2 2.786 
38.3 2.786 
38.4 2.786 
38.5 2.786 
38.6 2.786 
38.7 2.786 
38.8 2.786 
38.9 2.786 
39.0 2.786 
39.1 2.786 
39.2 2.786 
39.3 2.786 
39.4 2.786 
39.5 2.786 
39.6 2.786 
39.7 2.786 
39.8 2.786 
39.9 2.786 
40.0 2.786 
40.1 2.786 
40.2 2.786 
40.3 2.786 
40.4 2.786 
40.5 2.786 
40.6 2.786 
40.7 2.786 
40.8 2.786 
40.9 2.786 
41.0 2.786 
41.1 2.786 
41.2 2.786 
41.3 2.786 
41.4 2.786 
41.5 2.786 
41.6 2.786 
41.7 2.786 
41.8 2.786 
41.9 2.786 
42.0 2.786 
42.1 2.786 
42.2 2.786 
42.3 2.786 
42.4 2.786 
42.5 2.786 
42.6 2.786 
42.7 2.786 
42.8 2.786 
42.9 2.786 
43.0 2.786 
43.1 2.786 
43.2 2.786 
43.3 2.786 
43.4 2.786 
43.5 2.786 
43.6 2.786 
43.7 2.786 
43.8 2.786 
43.9 2.786 
44.0 2.786 
44.1 2.786 
44.2 2.786 
44.3 2.786 
44.4 2.786 
44.5 2.786 
44.6 2.786 
44.7 2.786 
44.8 2.786 
44.9 2.786 
45.0 2.786 
45.1 2.786 
45.2 2.786 
45.3 2.786 
45.4 2.786 
45.5 2.786 
45.6 2.786 
45.7 2.786 
45.8 2.786 
45.9 2.786 
46.0 2.786 
46.1 2.786 
46.2 2.786 
46.3 2.786 
46.4 2.786 
46.5 2.786 
46.6 2.786 
46.7 2.786 
46.8 2.786 
46.9 2.786 
47.0 2.786 
47.1 2.786 
47.2 2.786 
47.3 2.786 
47.4 2.786 
47.5 2.786 
47.6 2.786 
47.7 2.786 
47.8 2.786 
47.9 2.786 
48.0 2.786 
48.1 2.786 
48.2 2.786 
48.3 2.786 
48.4 2.786 
48.5 2.786 
48.6 2.786 
48.7 2.786 
48.8 2.786 
48.9 2.786 
49.0 2.786 
49.1 2.786 
49.2 2.786 
49.3 2.786 
49.4 2.786 
49.5 2.786 
49.6 2.786 
49.7 2.786 
49.8 2.786 
49.9 2.786 
50.0 2.786 
50.1 2.786 
50.2 2.786 
50.3 2.786 
50.4 2.786 
50.5 2.786 
50.6 2.786 
50.7 2.786 
50.8 2.786 
50.9 2.786 
51.0 2.786 
51.1 2.786 
51.2 2.786 
51.3 2.786 
51.4 2.786 
51.5 2.786 
51.6 2.786 
51.7 2.786 
51.8 2.786 
51.9 2.786 
52.0 2.786 
52.1 2.786 
52.2 2.786 
52.3 2.786 
52.4 2.786 
52.5 2.786 
52.6 2.786 
52.7 2.786 
52.8 2.786 
52.9 2.786 
53.0 2.786 
53.1 2.786 
53.2 2.786 
53.3 2.786 
53.4 2.786 
53.5 2.786 
53.6 2.786 
53.7 2.786 
53.8 2.786 
53.9 2.786 
54.0 2.786 
54.1 2.786 
54.2 2.786 
54.3 2.786 
54.4 2.786 
54.5 2.786 
54.6 2.786 
54.7 2.786 
54.8 2.786 
54.9 2.786 
55.0 2.786 
55.1 2.786 
55.2 2.786 
55.3 2.786 
55.4 2.786 
55.5 2.786 
55.6 2.786 
55.7 2.786 
55.8 2.786 
55.9 2.786 
56.0 2.786 
56.1 2.786 
56.2 2.786 
56.3 2.786 
56.4 2.786 
56.5 2.786 
56.6 2.786 
56.7 2.786 
56.8 2.786 
56.9 2.786 
57.0 2.786 
57.1 2.786 
57.2 2.786 
57.3 2.786 
57.4 2.786 
57.5 2.786 
57.6 2.786 
57.7 2.786 
57.8 2.786 
57.9 2.786 
58.0 2.786 
58.1 2.786 
58.2 2.786 
58.3 2.786 
58.4 2.786 
58.5 2.786 
58.6 2.786 
58.7 2.786 
58.8 2.786 
58.9 2.786 
59.0 2.786 
59.1 2.786 
59.2 2.786 
59.3 2.786 
59.4 2.786 
59.5 2.786 
59.6 2.786 
59.7 2.786 
59.8 2.786 
59.9 2.786 
60.0 2.786 
60.1 2.786 
60.2 2.786 
60.3 2.786 
60.4 2.786 
60.5 2.786 
60.6 2.786 
60.7 2.786 
60.8 2.786 
60.9 2.786 
61.0 2.786 
61.1 2.786 
61.2 2.786 
61.3 2.786 
61.4 2.786 
61.5 2.786 
61.6 2.786 
61.7 2.786 
61.8 2.786 
61.9 2.786 
62.0 2.786 
62.1 2.786 
62.2 2.786 
62.3 2.786 
62.4 2.786 
62.5 2.786 
62.6 2.786 
62.7 2.786 
62.8 2.786 
62.9 2.786 
63.0 2.786 
63.1 2.786 
63.2 2.786 
63.3 2.786 
63.4 2.786 
63.5 2.786 
63.6 2.786 
63.7 2.786 
63.8 2.786 
63.9 2.786 
64.0 2.786 
64.1 2.786 
64.2 2.786 
64.3 2.786 
64.4 2.786 
64.5 2.786 
64.6 2.786 
64.7 2.786 
64.8 2.786 
64.9 2.786 
65.0 2.786 
65.1 2.786 
65.2 2.786 
65.3 2.786 
65.4 2.786 
65.5 2.786 
65.6 2.786 
65.7 2.786 
65.8 2.786 
65.9 2.786 
66.0 2.786 
66.1 2.786 
66.2 2.786 
66.3 2.786 
66.4 2.786 
66.5 2.786 
66.6 2.786 
66.7 2.786 
66.8 2.786 
66.9 2.786 
67.0 2.786 
67.1 2.786 
67.2 2.786 
67.3 2.786 
67.4 2.786 
67.5 2.786 
67.6 2.786 
67.7 2.786 
67.8 2.786 
67.9 2.786 
68.0 2.786 
68.1 2.786 
68.2 2.786 
68.3 2.786 
68.4 2.786 
68.5 2.786 
68.6 2.786 
68.7 2.786 
68.8 2.786 
68.9 2.786 
69.0 2.786 
69.1 2.786 
69.2 2.786 
69.3 2.786 
69.4 2.786 
69.5 2.786 
69.6 2.786 
69.7 2.786 
69.8 2.786 
69.9 2.786 
70.0 2.786 
70.1 2.786 
70.2 2.786 
70.3 2.786 
70.4 2.786 
70.5 2.786 
70.6 2.786 
70.7 2.786 
70.8 2.786 
70.9 2.786 
71.0 2.786 
71.1 2.786 
71.2 2.786 
71.3 2.786 
71.4 2.786 
71.5 2.786 
71.6 2.786 
71.7 2.786 
71.8 2.786 
71.9 2.786 
72.0 2.786 
72.1 2.786 
72.2 2.786 
72.3 2.786 
72.4 2.786 
72.5 2.786 
72.6 2.786 
72.7 2.786 
72.8 2.786 
72.9 2.786 
73.0 2.786 
73.1 2.786 
73.2 2.786 
73.3 2.786 
73.4 2.786 
73.5 2.786 
73.6 2.786 
73.7 2.786 
73.8 2.786 
73.9 2.786 
74.0 2.786 
74.1 2.786 
74.2 2.786 
74.3 2.786 
74.4 2.786 
74.5 2.786 
74.6 2.786 
74.7 2.786 
74.8 2.786 
74.9 2.786 
75.0 2.786 
75.1 2.786 
75.2 2.786 
75.3 2.786 
75.4 2.786 
75.5 2.786 
75.6 2.786 
75.7 2.786 
75.8 2.786 
75.9 2.786 
76.0 2.786 
76.1 2.786 
76.2 2.786 
76.3 2.786 
76.4 2.786 
76.5 2.786 
76.6 2.786 
76.7 2.786 
76.8 2.786 
76.9 2.786 
77.0 2.786 
77.1 2.786 
77.2 2.786 
77.3 2.786 
77.4 2.786 
77.5 2.786 
77.6 2.786 
77.7 2.786 
77.8 2.786 
77.9 2.786 
78.0 2.786 
78.1 2.786 
78.2 2.786 
78.3 2.786 
78.4 2.786 
78.5 2.786 
78.6 2.786 
78.7 2.786 
78.8 2.786 
78.9 2.786 
79.0 2.786 
79.1 2.786 
79.2 2.786 
79.3 2.786 
79.4 2.786 
79.5 2.786 
79.6 2.786 
79.7 2.786 
79.8 2.786 
79.9 2.786 
80.0 2.786 
80.1 2.786 
80.2 2.786 
80.3 2.786 
80.4 2.786 
80.5 2.786 
80.6 2.786 
80.7 2.786 
80.8 2.786 
80.9 2.786 
81.0 2.786 
81.1 2.786 
81.2 2.786 
81.3 2.786 
81.4 2.786 
81.5 2.786 
81.6 2.786 
81.7 2.786 
81.8 2.786 
81.9 2.786 
82.0 2.786 
82.1 2.786 
82.2 2.786 
82.3 2.786 
82.4 2.786 
82.5 2.786 
82.6 2.786 
82.7 2.786 
82.8 2.786 
82.9 2.786 
83.0 2.786 
83.1 2.786 
83.2 2.786 
83.3 2.786 
83.4 2.786 
83.5 2.786 
83.6 2.786 
83.7 2.786 
83.8 2.786 
83.9 2.786 
84.0 2.786 
84.1 2.786 
84.2 2.786 
84.3 2.786 
84.4 2.786 
84.5 2.786 
84.6 2.786 
84.7 2.786 
84.8 2.786 
84.9 2.786 
85.0 2.786 
85.1 2.786 
85.2 2.786 
85.3 2.786 
85.4 2.786 
85.5 2.786 
85.6 2.786 
85.7 2.786 
85.8 2.786 
85.9 2.786 
86.0 2.786 
86.1 2.786 
86.2 2.786 
86.3 2.786 
86.4 2.786 
86.5 2.786 
86.6 2.786 
86.7 2.786 
86.8 2.786 
86.9 2.786 
87.0 2.786 
87.1 2.786 
87.2 2.786 
87.3 2.786 
87.4 2.786 
87.5 2.786 
87.6 2.786 
87.7 2.786 
87.8 2.786 
87.9 2.786 
88.0 2.786 
88.1 2.786 
88.2 2.786 
88.3 2.786 
88.4 2.786 
88.5 2.786 
88.6 2.786 
88.7 2.786 
88.8 2.786 
88.9 2.786 
89.0 2.786 
89.1 2.786 
89.2 2.786 
89.3 2.786 
89.4 2.786 
89.5 2.786 
89.6 2.786 
89.7 2.786 
89.8 2.786 
89.9 2.786 
90.0 2.786 
90.1 2.786 
90.2 2.786 
90.3 2.786 
90.4 2.786 
90.5 2.786 
90.6 2.786 
90.7 2.786 
90.8 2.786 
90.9 2.786 
91.0 2.786 
91.1 2.786 
91.2 2.786 
91.3 2.786 
91.4 2.786 
91.5 2.786 
91.6 2.786 
91.7 2.786 
91.8 2.786 
91.9 2.786 
92.0 2.786 
92.1 2.786 
92.2 2.786 
92.3 2.786 
92.4 2.786 
92.5 2.786 
92.6 2.786 
92.7 2.786 
92.8 2.786 
92.9 2.786 
93.0 2.786 
93.1 2.786 
93.2 2.786 
93.3 2.786 
93.4 2.786 
93.5 2.786 
93.6 2.786 
93.7 2.786 
93.8 2.786 
93.9 2.786 
94.0 2.786 
94.1 2.786 
94.2 2.786 
94.3 2.786 
94.4 2.786 
94.5 2.786 
94.6 2.786 
94.7 2.786 
94.8 2.786 
94.9 2.786 
95.0 2.786 
95.1 2.786 
95.2 2.786 
95.3 2.786 
95.4 2.786 
95.5 2.786 
95.6 2.786 
95.7 2.786 
95.8 2.786 
95.9 2.786 
96.0 2.786 
96.1 2.786 
96.2 2.786 
96.3 2.786 
96.4 2.786 
96.5 2.786 
96.6 2.786 
96.7 2.786 
96.8 2.786 
96.9 2.786 
97.0 2.786 
97.1 2.786 
97.2 2.786 
97.3 2.786 
97.4 2.786 
97.5 2.786 
97.6 2.786 
97.7 2.786 
97.8 2.786 
97.9 2.786 
98.0 2.786 
98.1 2.786 
98.2 2.786 
98.3 2.786 
98.4 2.786 
98.5 2.786 
98.6 2.786 
98.7 2.786 
98.8 2.786 
98.9 2.786 
99.0 2.786 
99.1 2.786 
99.2 2.786 
99.3 2.786 
99.4 2.786 
99.5 2.786 
99.6 2.786 
99.7 2.786 
99.8 2.786 
99.9 2.786 
