0.0 0.031 
0.1 0.031 
0.2 0.031 
0.3 0.031 
0.4 0.031 
0.5 0.031 
0.6 0.031 
0.7 0.031 
0.8 0.031 
0.9 0.031 
1.0 0.031 
1.1 0.031 
1.2 0.031 
1.3 0.031 
1.4 0.031 
1.5 0.031 
1.6 0.031 
1.7 0.031 
1.8 0.031 
1.9 0.031 
2.0 0.031 
2.1 0.031 
2.2 0.031 
2.3 0.031 
2.4 0.031 
2.5 0.031 
2.6 0.031 
2.7 0.031 
2.8 0.031 
2.9 0.031 
3.0 0.031 
3.1 0.031 
3.2 0.031 
3.3 0.031 
3.4 0.031 
3.5 0.031 
3.6 0.031 
3.7 0.031 
3.8 0.031 
3.9 0.031 
4.0 0.031 
4.1 0.031 
4.2 0.031 
4.3 0.031 
4.4 0.031 
4.5 0.031 
4.6 0.031 
4.7 0.031 
4.8 0.031 
4.9 0.031 
5.0 0.031 
5.1 0.031 
5.2 0.031 
5.3 0.031 
5.4 0.031 
5.5 0.031 
5.6 0.031 
5.7 0.031 
5.8 0.031 
5.9 0.031 
6.0 0.031 
6.1 0.031 
6.2 0.031 
6.3 0.031 
6.4 0.031 
6.5 0.031 
6.6 0.031 
6.7 0.031 
6.8 0.031 
6.9 0.031 
7.0 0.031 
7.1 0.031 
7.2 0.031 
7.3 0.031 
7.4 0.031 
7.5 0.031 
7.6 0.031 
7.7 0.031 
7.8 0.031 
7.9 0.031 
8.0 0.031 
8.1 0.031 
8.2 0.031 
8.3 0.031 
8.4 0.031 
8.5 0.031 
8.6 0.031 
8.7 0.031 
8.8 0.031 
8.9 0.031 
9.0 0.031 
9.1 0.031 
9.2 0.031 
9.3 0.031 
9.4 0.031 
9.5 0.031 
9.6 0.031 
9.7 0.031 
9.8 0.031 
9.9 0.031 
10.0 0.031 
10.1 0.031 
10.2 0.031 
10.3 0.031 
10.4 0.031 
10.5 0.031 
10.6 0.031 
10.7 0.031 
10.8 0.031 
10.9 0.031 
11.0 0.031 
11.1 0.031 
11.2 0.031 
11.3 0.031 
11.4 0.031 
11.5 0.031 
11.6 0.031 
11.7 0.031 
11.8 0.031 
11.9 0.031 
12.0 0.031 
12.1 0.031 
12.2 0.031 
12.3 0.031 
12.4 0.031 
12.5 0.031 
12.6 0.031 
12.7 0.031 
12.8 0.031 
12.9 0.031 
13.0 0.031 
13.1 0.031 
13.2 0.031 
13.3 0.031 
13.4 0.031 
13.5 0.031 
13.6 0.031 
13.7 0.031 
13.8 0.031 
13.9 0.031 
14.0 0.031 
14.1 0.031 
14.2 0.031 
14.3 0.031 
14.4 0.031 
14.5 0.031 
14.6 0.031 
14.7 0.031 
14.8 0.031 
14.9 0.031 
15.0 0.031 
15.1 0.031 
15.2 0.031 
15.3 0.031 
15.4 0.031 
15.5 0.031 
15.6 0.031 
15.7 0.031 
15.8 0.031 
15.9 0.031 
16.0 0.031 
16.1 0.031 
16.2 0.031 
16.3 0.031 
16.4 0.031 
16.5 0.031 
16.6 0.031 
16.7 0.031 
16.8 0.031 
16.9 0.031 
17.0 0.031 
17.1 0.031 
17.2 0.031 
17.3 0.031 
17.4 0.031 
17.5 0.031 
17.6 0.031 
17.7 0.031 
17.8 0.031 
17.9 0.031 
18.0 0.031 
18.1 0.031 
18.2 0.031 
18.3 0.031 
18.4 0.031 
18.5 0.031 
18.6 0.031 
18.7 0.031 
18.8 0.031 
18.9 0.031 
19.0 0.031 
19.1 0.031 
19.2 0.031 
19.3 0.031 
19.4 0.031 
19.5 0.031 
19.6 0.031 
19.7 0.031 
19.8 0.031 
19.9 0.031 
20.0 0.031 
20.1 0.031 
20.2 0.031 
20.3 0.031 
20.4 0.031 
20.5 0.031 
20.6 0.031 
20.7 0.031 
20.8 0.031 
20.9 0.031 
21.0 0.031 
21.1 0.031 
21.2 0.031 
21.3 0.031 
21.4 0.031 
21.5 0.031 
21.6 0.031 
21.7 0.031 
21.8 0.031 
21.9 0.031 
22.0 0.031 
22.1 0.031 
22.2 0.031 
22.3 0.031 
22.4 0.031 
22.5 0.031 
22.6 0.031 
22.7 0.031 
22.8 0.031 
22.9 0.031 
23.0 0.031 
23.1 0.031 
23.2 0.031 
23.3 0.031 
23.4 0.031 
23.5 0.031 
23.6 0.031 
23.7 0.031 
23.8 0.031 
23.9 0.031 
24.0 0.031 
24.1 0.031 
24.2 0.031 
24.3 0.031 
24.4 0.031 
24.5 0.031 
24.6 0.031 
24.7 0.031 
24.8 0.031 
24.9 0.031 
25.0 0.031 
25.1 0.031 
25.2 0.031 
25.3 0.031 
25.4 0.031 
25.5 0.031 
25.6 0.031 
25.7 0.031 
25.8 0.031 
25.9 0.031 
26.0 0.031 
26.1 0.031 
26.2 0.031 
26.3 0.031 
26.4 0.031 
26.5 0.031 
26.6 0.031 
26.7 0.031 
26.8 0.031 
26.9 0.031 
27.0 0.031 
27.1 0.031 
27.2 0.031 
27.3 0.031 
27.4 0.031 
27.5 0.031 
27.6 0.031 
27.7 0.031 
27.8 0.031 
27.9 0.031 
28.0 0.031 
28.1 0.031 
28.2 0.031 
28.3 0.031 
28.4 0.031 
28.5 0.031 
28.6 0.031 
28.7 0.031 
28.8 0.031 
28.9 0.031 
29.0 0.031 
29.1 0.031 
29.2 0.031 
29.3 0.031 
29.4 0.031 
29.5 0.031 
29.6 0.031 
29.7 0.031 
29.8 0.031 
29.9 0.031 
30.0 0.031 
30.1 0.031 
30.2 0.031 
30.3 0.031 
30.4 0.031 
30.5 0.031 
30.6 0.031 
30.7 0.031 
30.8 0.031 
30.9 0.031 
31.0 0.031 
31.1 0.031 
31.2 0.031 
31.3 0.031 
31.4 0.031 
31.5 0.031 
31.6 0.031 
31.7 0.031 
31.8 0.031 
31.9 0.031 
32.0 0.031 
32.1 0.031 
32.2 0.031 
32.3 0.031 
32.4 0.031 
32.5 0.031 
32.6 0.031 
32.7 0.031 
32.8 0.031 
32.9 0.031 
33.0 0.031 
33.1 0.031 
33.2 0.031 
33.3 0.031 
33.4 0.031 
33.5 0.031 
33.6 0.031 
33.7 0.031 
33.8 0.031 
33.9 0.031 
34.0 0.031 
34.1 0.031 
34.2 0.031 
34.3 0.031 
34.4 0.031 
34.5 0.031 
34.6 0.031 
34.7 0.031 
34.8 0.031 
34.9 0.031 
35.0 0.031 
35.1 0.031 
35.2 0.031 
35.3 0.031 
35.4 0.031 
35.5 0.031 
35.6 0.031 
35.7 0.031 
35.8 0.031 
35.9 0.031 
36.0 0.031 
36.1 0.031 
36.2 0.031 
36.3 0.031 
36.4 0.031 
36.5 0.031 
36.6 0.031 
36.7 0.031 
36.8 0.031 
36.9 0.031 
37.0 0.031 
37.1 0.031 
37.2 0.031 
37.3 0.031 
37.4 0.031 
37.5 0.031 
37.6 0.031 
37.7 0.031 
37.8 0.031 
37.9 0.031 
38.0 0.031 
38.1 0.031 
38.2 0.031 
38.3 0.031 
38.4 0.031 
38.5 0.031 
38.6 0.031 
38.7 0.031 
38.8 0.031 
38.9 0.031 
39.0 0.031 
39.1 0.031 
39.2 0.031 
39.3 0.031 
39.4 0.031 
39.5 0.031 
39.6 0.031 
39.7 0.031 
39.8 0.031 
39.9 0.031 
40.0 0.031 
40.1 0.031 
40.2 0.031 
40.3 0.031 
40.4 0.031 
40.5 0.031 
40.6 0.031 
40.7 0.031 
40.8 0.031 
40.9 0.031 
41.0 0.031 
41.1 0.031 
41.2 0.031 
41.3 0.031 
41.4 0.031 
41.5 0.031 
41.6 0.031 
41.7 0.031 
41.8 0.031 
41.9 0.031 
42.0 0.031 
42.1 0.031 
42.2 0.031 
42.3 0.031 
42.4 0.031 
42.5 0.031 
42.6 0.031 
42.7 0.031 
42.8 0.031 
42.9 0.031 
43.0 0.031 
43.1 0.031 
43.2 0.031 
43.3 0.031 
43.4 0.031 
43.5 0.031 
43.6 0.031 
43.7 0.031 
43.8 0.031 
43.9 0.031 
44.0 0.031 
44.1 0.031 
44.2 0.031 
44.3 0.031 
44.4 0.031 
44.5 0.031 
44.6 0.031 
44.7 0.031 
44.8 0.031 
44.9 0.031 
45.0 0.031 
45.1 0.031 
45.2 0.031 
45.3 0.031 
45.4 0.031 
45.5 0.031 
45.6 0.031 
45.7 0.031 
45.8 0.031 
45.9 0.031 
46.0 0.031 
46.1 0.031 
46.2 0.031 
46.3 0.031 
46.4 0.031 
46.5 0.031 
46.6 0.031 
46.7 0.031 
46.8 0.031 
46.9 0.031 
47.0 0.031 
47.1 0.031 
47.2 0.031 
47.3 0.031 
47.4 0.031 
47.5 0.031 
47.6 0.031 
47.7 0.031 
47.8 0.031 
47.9 0.031 
48.0 0.031 
48.1 0.031 
48.2 0.031 
48.3 0.031 
48.4 0.031 
48.5 0.031 
48.6 0.031 
48.7 0.031 
48.8 0.031 
48.9 0.031 
49.0 0.031 
49.1 0.031 
49.2 0.031 
49.3 0.031 
49.4 0.031 
49.5 0.031 
49.6 0.031 
49.7 0.031 
49.8 0.031 
49.9 0.031 
50.0 0.031 
50.1 0.031 
50.2 0.031 
50.3 0.031 
50.4 0.031 
50.5 0.031 
50.6 0.031 
50.7 0.031 
50.8 0.031 
50.9 0.031 
51.0 0.031 
51.1 0.031 
51.2 0.031 
51.3 0.031 
51.4 0.031 
51.5 0.031 
51.6 0.031 
51.7 0.031 
51.8 0.031 
51.9 0.031 
52.0 0.031 
52.1 0.031 
52.2 0.031 
52.3 0.031 
52.4 0.031 
52.5 0.031 
52.6 0.031 
52.7 0.031 
52.8 0.031 
52.9 0.031 
53.0 0.031 
53.1 0.031 
53.2 0.031 
53.3 0.031 
53.4 0.031 
53.5 0.031 
53.6 0.031 
53.7 0.031 
53.8 0.031 
53.9 0.031 
54.0 0.031 
54.1 0.031 
54.2 0.031 
54.3 0.031 
54.4 0.031 
54.5 0.031 
54.6 0.031 
54.7 0.031 
54.8 0.031 
54.9 0.031 
55.0 0.031 
55.1 0.031 
55.2 0.031 
55.3 0.031 
55.4 0.031 
55.5 0.031 
55.6 0.031 
55.7 0.031 
55.8 0.031 
55.9 0.031 
56.0 0.031 
56.1 0.031 
56.2 0.031 
56.3 0.031 
56.4 0.031 
56.5 0.031 
56.6 0.031 
56.7 0.031 
56.8 0.031 
56.9 0.031 
57.0 0.031 
57.1 0.031 
57.2 0.031 
57.3 0.031 
57.4 0.031 
57.5 0.031 
57.6 0.031 
57.7 0.031 
57.8 0.031 
57.9 0.031 
58.0 0.031 
58.1 0.031 
58.2 0.031 
58.3 0.031 
58.4 0.031 
58.5 0.031 
58.6 0.031 
58.7 0.031 
58.8 0.031 
58.9 0.031 
59.0 0.031 
59.1 0.031 
59.2 0.031 
59.3 0.031 
59.4 0.031 
59.5 0.031 
59.6 0.031 
59.7 0.031 
59.8 0.031 
59.9 0.031 
60.0 0.031 
60.1 0.031 
60.2 0.031 
60.3 0.031 
60.4 0.031 
60.5 0.031 
60.6 0.031 
60.7 0.031 
60.8 0.031 
60.9 0.031 
61.0 0.031 
61.1 0.031 
61.2 0.031 
61.3 0.031 
61.4 0.031 
61.5 0.031 
61.6 0.031 
61.7 0.031 
61.8 0.031 
61.9 0.031 
62.0 0.031 
62.1 0.031 
62.2 0.031 
62.3 0.031 
62.4 0.031 
62.5 0.031 
62.6 0.031 
62.7 0.031 
62.8 0.031 
62.9 0.031 
63.0 0.031 
63.1 0.031 
63.2 0.031 
63.3 0.031 
63.4 0.031 
63.5 0.031 
63.6 0.031 
63.7 0.031 
63.8 0.031 
63.9 0.031 
64.0 0.031 
64.1 0.031 
64.2 0.031 
64.3 0.031 
64.4 0.031 
64.5 0.031 
64.6 0.031 
64.7 0.031 
64.8 0.031 
64.9 0.031 
65.0 0.031 
65.1 0.031 
65.2 0.031 
65.3 0.031 
65.4 0.031 
65.5 0.031 
65.6 0.031 
65.7 0.031 
65.8 0.031 
65.9 0.031 
66.0 0.031 
66.1 0.031 
66.2 0.031 
66.3 0.031 
66.4 0.031 
66.5 0.031 
66.6 0.031 
66.7 0.031 
66.8 0.031 
66.9 0.031 
67.0 0.031 
67.1 0.031 
67.2 0.031 
67.3 0.031 
67.4 0.031 
67.5 0.031 
67.6 0.031 
67.7 0.031 
67.8 0.031 
67.9 0.031 
68.0 0.031 
68.1 0.031 
68.2 0.031 
68.3 0.031 
68.4 0.031 
68.5 0.031 
68.6 0.031 
68.7 0.031 
68.8 0.031 
68.9 0.031 
69.0 0.031 
69.1 0.031 
69.2 0.031 
69.3 0.031 
69.4 0.031 
69.5 0.031 
69.6 0.031 
69.7 0.031 
69.8 0.031 
69.9 0.031 
70.0 0.031 
70.1 0.031 
70.2 0.031 
70.3 0.031 
70.4 0.031 
70.5 0.031 
70.6 0.031 
70.7 0.031 
70.8 0.031 
70.9 0.031 
71.0 0.031 
71.1 0.031 
71.2 0.031 
71.3 0.031 
71.4 0.031 
71.5 0.031 
71.6 0.031 
71.7 0.031 
71.8 0.031 
71.9 0.031 
72.0 0.031 
72.1 0.031 
72.2 0.031 
72.3 0.031 
72.4 0.031 
72.5 0.031 
72.6 0.031 
72.7 0.031 
72.8 0.031 
72.9 0.031 
73.0 0.031 
73.1 0.031 
73.2 0.031 
73.3 0.031 
73.4 0.031 
73.5 0.031 
73.6 0.031 
73.7 0.031 
73.8 0.031 
73.9 0.031 
74.0 0.031 
74.1 0.031 
74.2 0.031 
74.3 0.031 
74.4 0.031 
74.5 0.031 
74.6 0.031 
74.7 0.031 
74.8 0.031 
74.9 0.031 
75.0 0.031 
75.1 0.031 
75.2 0.031 
75.3 0.031 
75.4 0.031 
75.5 0.031 
75.6 0.031 
75.7 0.031 
75.8 0.031 
75.9 0.031 
76.0 0.031 
76.1 0.031 
76.2 0.031 
76.3 0.031 
76.4 0.031 
76.5 0.031 
76.6 0.031 
76.7 0.031 
76.8 0.031 
76.9 0.031 
77.0 0.031 
77.1 0.031 
77.2 0.031 
77.3 0.031 
77.4 0.031 
77.5 0.031 
77.6 0.031 
77.7 0.031 
77.8 0.031 
77.9 0.031 
78.0 0.031 
78.1 0.031 
78.2 0.031 
78.3 0.031 
78.4 0.031 
78.5 0.031 
78.6 0.031 
78.7 0.031 
78.8 0.031 
78.9 0.031 
79.0 0.031 
79.1 0.031 
79.2 0.031 
79.3 0.031 
79.4 0.031 
79.5 0.031 
79.6 0.031 
79.7 0.031 
79.8 0.031 
79.9 0.031 
80.0 0.031 
80.1 0.031 
80.2 0.031 
80.3 0.031 
80.4 0.031 
80.5 0.031 
80.6 0.031 
80.7 0.031 
80.8 0.031 
80.9 0.031 
81.0 0.031 
81.1 0.031 
81.2 0.031 
81.3 0.031 
81.4 0.031 
81.5 0.031 
81.6 0.031 
81.7 0.031 
81.8 0.031 
81.9 0.031 
82.0 0.031 
82.1 0.031 
82.2 0.031 
82.3 0.031 
82.4 0.031 
82.5 0.031 
82.6 0.031 
82.7 0.031 
82.8 0.031 
82.9 0.031 
83.0 0.031 
83.1 0.031 
83.2 0.031 
83.3 0.031 
83.4 0.031 
83.5 0.031 
83.6 0.031 
83.7 0.031 
83.8 0.031 
83.9 0.031 
84.0 0.031 
84.1 0.031 
84.2 0.031 
84.3 0.031 
84.4 0.031 
84.5 0.031 
84.6 0.031 
84.7 0.031 
84.8 0.031 
84.9 0.031 
85.0 0.031 
85.1 0.031 
85.2 0.031 
85.3 0.031 
85.4 0.031 
85.5 0.031 
85.6 0.031 
85.7 0.031 
85.8 0.031 
85.9 0.031 
86.0 0.031 
86.1 0.031 
86.2 0.031 
86.3 0.031 
86.4 0.031 
86.5 0.031 
86.6 0.031 
86.7 0.031 
86.8 0.031 
86.9 0.031 
87.0 0.031 
87.1 0.031 
87.2 0.031 
87.3 0.031 
87.4 0.031 
87.5 0.031 
87.6 0.031 
87.7 0.031 
87.8 0.031 
87.9 0.031 
88.0 0.031 
88.1 0.031 
88.2 0.031 
88.3 0.031 
88.4 0.031 
88.5 0.031 
88.6 0.031 
88.7 0.031 
88.8 0.031 
88.9 0.031 
89.0 0.031 
89.1 0.031 
89.2 0.031 
89.3 0.031 
89.4 0.031 
89.5 0.031 
89.6 0.031 
89.7 0.031 
89.8 0.031 
89.9 0.031 
90.0 0.031 
90.1 0.031 
90.2 0.031 
90.3 0.031 
90.4 0.031 
90.5 0.031 
90.6 0.031 
90.7 0.031 
90.8 0.031 
90.9 0.031 
91.0 0.031 
91.1 0.031 
91.2 0.031 
91.3 0.031 
91.4 0.031 
91.5 0.031 
91.6 0.031 
91.7 0.031 
91.8 0.031 
91.9 0.031 
92.0 0.031 
92.1 0.031 
92.2 0.031 
92.3 0.031 
92.4 0.031 
92.5 0.031 
92.6 0.031 
92.7 0.031 
92.8 0.031 
92.9 0.031 
93.0 0.031 
93.1 0.031 
93.2 0.031 
93.3 0.031 
93.4 0.031 
93.5 0.031 
93.6 0.031 
93.7 0.031 
93.8 0.031 
93.9 0.031 
94.0 0.031 
94.1 0.031 
94.2 0.031 
94.3 0.031 
94.4 0.031 
94.5 0.031 
94.6 0.031 
94.7 0.031 
94.8 0.031 
94.9 0.031 
95.0 0.031 
95.1 0.031 
95.2 0.031 
95.3 0.031 
95.4 0.031 
95.5 0.031 
95.6 0.031 
95.7 0.031 
95.8 0.031 
95.9 0.031 
96.0 0.031 
96.1 0.031 
96.2 0.031 
96.3 0.031 
96.4 0.031 
96.5 0.031 
96.6 0.031 
96.7 0.031 
96.8 0.031 
96.9 0.031 
97.0 0.031 
97.1 0.031 
97.2 0.031 
97.3 0.031 
97.4 0.031 
97.5 0.031 
97.6 0.031 
97.7 0.031 
97.8 0.031 
97.9 0.031 
98.0 0.031 
98.1 0.031 
98.2 0.031 
98.3 0.031 
98.4 0.031 
98.5 0.031 
98.6 0.031 
98.7 0.031 
98.8 0.031 
98.9 0.031 
99.0 0.031 
99.1 0.031 
99.2 0.031 
99.3 0.031 
99.4 0.031 
99.5 0.031 
99.6 0.031 
99.7 0.031 
99.8 0.031 
99.9 0.031 
