0.0 0.031 
0.1 0.039 
0.2 0.047 
0.3 0.056 
0.4 0.066 
0.5 0.078 
0.6 0.092 
0.7 0.108 
0.8 0.126 
0.9 0.147 
1.0 0.172 
1.1 0.2 
1.2 0.232 
1.3 0.268 
1.4 0.31 
1.5 0.357 
1.6 0.409 
1.7 0.468 
1.8 0.533 
1.9 0.605 
2.0 0.682 
2.1 0.766 
2.2 0.855 
2.3 0.949 
2.4 1.047 
2.5 1.148 
2.6 1.251 
2.7 1.355 
2.8 1.459 
2.9 1.561 
3.0 1.661 
3.1 1.758 
3.2 1.852 
3.3 1.942 
3.4 2.028 
3.5 2.109 
3.6 2.186 
3.7 2.258 
3.8 2.326 
3.9 2.39 
4.0 2.449 
4.1 2.505 
4.2 2.557 
4.3 2.605 
4.4 2.65 
4.5 2.692 
4.6 2.731 
4.7 2.767 
4.8 2.801 
4.9 2.832 
5.0 2.861 
5.1 2.888 
5.2 2.912 
5.3 2.935 
5.4 2.957 
5.5 2.976 
5.6 2.994 
5.7 3.011 
5.8 3.027 
5.9 3.041 
6.0 3.055 
6.1 3.067 
6.2 3.078 
6.3 3.089 
6.4 3.098 
6.5 3.107 
6.6 3.116 
6.7 3.123 
6.8 3.13 
6.9 3.137 
7.0 3.143 
7.1 3.148 
7.2 3.153 
7.3 3.158 
7.4 3.163 
7.5 3.167 
7.6 3.17 
7.7 3.174 
7.8 3.177 
7.9 3.18 
8.0 3.183 
8.1 3.185 
8.2 3.187 
8.3 3.189 
8.4 3.191 
8.5 3.193 
8.6 3.195 
8.7 3.196 
8.8 3.198 
8.9 3.199 
9.0 3.2 
9.1 3.201 
9.2 3.202 
9.3 3.203 
9.4 3.204 
9.5 3.205 
9.6 3.206 
9.7 3.206 
9.8 3.207 
9.9 3.208 
10.0 3.208 
10.1 3.209 
10.2 3.209 
10.3 3.21 
10.4 3.21 
10.5 3.21 
10.6 3.211 
10.7 3.211 
10.8 3.211 
10.9 3.212 
11.0 3.212 
11.1 3.212 
11.2 3.212 
11.3 3.212 
11.4 3.213 
11.5 3.213 
11.6 3.213 
11.7 3.213 
11.8 3.213 
11.9 3.213 
12.0 3.213 
12.1 3.213 
12.2 3.214 
12.3 3.214 
12.4 3.214 
12.5 3.214 
12.6 3.214 
12.7 3.214 
12.8 3.214 
12.9 3.214 
13.0 3.214 
13.1 3.214 
13.2 3.214 
13.3 3.214 
13.4 3.214 
13.5 3.214 
13.6 3.214 
13.7 3.214 
13.8 3.214 
13.9 3.214 
14.0 3.214 
14.1 3.214 
14.2 3.214 
14.3 3.214 
14.4 3.214 
14.5 3.214 
14.6 3.214 
14.7 3.214 
14.8 3.214 
14.9 3.214 
15.0 3.214 
15.1 3.214 
15.2 3.214 
15.3 3.214 
15.4 3.214 
15.5 3.215 
15.6 3.215 
15.7 3.215 
15.8 3.215 
15.9 3.215 
16.0 3.215 
16.1 3.215 
16.2 3.215 
16.3 3.215 
16.4 3.215 
16.5 3.215 
16.6 3.215 
16.7 3.215 
16.8 3.215 
16.9 3.215 
17.0 3.215 
17.1 3.215 
17.2 3.215 
17.3 3.215 
17.4 3.215 
17.5 3.215 
17.6 3.215 
17.7 3.215 
17.8 3.215 
17.9 3.215 
18.0 3.215 
18.1 3.215 
18.2 3.215 
18.3 3.215 
18.4 3.215 
18.5 3.215 
18.6 3.215 
18.7 3.215 
18.8 3.215 
18.9 3.215 
19.0 3.215 
19.1 3.215 
19.2 3.215 
19.3 3.215 
19.4 3.215 
19.5 3.215 
19.6 3.215 
19.7 3.215 
19.8 3.215 
19.9 3.215 
20.0 3.215 
20.1 3.215 
20.2 3.215 
20.3 3.215 
20.4 3.215 
20.5 3.215 
20.6 3.215 
20.7 3.215 
20.8 3.215 
20.9 3.215 
21.0 3.215 
21.1 3.215 
21.2 3.215 
21.3 3.215 
21.4 3.215 
21.5 3.215 
21.6 3.215 
21.7 3.215 
21.8 3.215 
21.9 3.215 
22.0 3.215 
22.1 3.215 
22.2 3.215 
22.3 3.215 
22.4 3.215 
22.5 3.215 
22.6 3.215 
22.7 3.215 
22.8 3.215 
22.9 3.215 
23.0 3.215 
23.1 3.215 
23.2 3.215 
23.3 3.215 
23.4 3.215 
23.5 3.215 
23.6 3.215 
23.7 3.215 
23.8 3.215 
23.9 3.215 
24.0 3.215 
24.1 3.215 
24.2 3.215 
24.3 3.215 
24.4 3.215 
24.5 3.215 
24.6 3.215 
24.7 3.215 
24.8 3.215 
24.9 3.215 
25.0 3.215 
25.1 3.215 
25.2 3.215 
25.3 3.215 
25.4 3.215 
25.5 3.215 
25.6 3.215 
25.7 3.215 
25.8 3.215 
25.9 3.215 
26.0 3.215 
26.1 3.215 
26.2 3.215 
26.3 3.215 
26.4 3.215 
26.5 3.215 
26.6 3.215 
26.7 3.215 
26.8 3.215 
26.9 3.215 
27.0 3.215 
27.1 3.215 
27.2 3.215 
27.3 3.215 
27.4 3.215 
27.5 3.215 
27.6 3.215 
27.7 3.215 
27.8 3.215 
27.9 3.215 
28.0 3.215 
28.1 3.215 
28.2 3.215 
28.3 3.215 
28.4 3.215 
28.5 3.215 
28.6 3.215 
28.7 3.215 
28.8 3.215 
28.9 3.215 
29.0 3.215 
29.1 3.215 
29.2 3.215 
29.3 3.215 
29.4 3.215 
29.5 3.215 
29.6 3.215 
29.7 3.215 
29.8 3.215 
29.9 3.215 
30.0 3.215 
30.1 3.215 
30.2 3.215 
30.3 3.215 
30.4 3.215 
30.5 3.215 
30.6 3.215 
30.7 3.215 
30.8 3.215 
30.9 3.215 
31.0 3.215 
31.1 3.215 
31.2 3.215 
31.3 3.215 
31.4 3.215 
31.5 3.215 
31.6 3.215 
31.7 3.215 
31.8 3.215 
31.9 3.215 
32.0 3.215 
32.1 3.215 
32.2 3.215 
32.3 3.215 
32.4 3.215 
32.5 3.215 
32.6 3.215 
32.7 3.215 
32.8 3.215 
32.9 3.215 
33.0 3.215 
33.1 3.215 
33.2 3.215 
33.3 3.215 
33.4 3.215 
33.5 3.215 
33.6 3.215 
33.7 3.215 
33.8 3.215 
33.9 3.215 
34.0 3.215 
34.1 3.215 
34.2 3.215 
34.3 3.215 
34.4 3.215 
34.5 3.215 
34.6 3.215 
34.7 3.215 
34.8 3.215 
34.9 3.215 
35.0 3.215 
35.1 3.215 
35.2 3.215 
35.3 3.215 
35.4 3.215 
35.5 3.215 
35.6 3.215 
35.7 3.215 
35.8 3.215 
35.9 3.215 
36.0 3.215 
36.1 3.215 
36.2 3.215 
36.3 3.215 
36.4 3.215 
36.5 3.215 
36.6 3.215 
36.7 3.215 
36.8 3.215 
36.9 3.215 
37.0 3.215 
37.1 3.215 
37.2 3.215 
37.3 3.215 
37.4 3.215 
37.5 3.215 
37.6 3.215 
37.7 3.215 
37.8 3.215 
37.9 3.215 
38.0 3.215 
38.1 3.215 
38.2 3.215 
38.3 3.215 
38.4 3.215 
38.5 3.215 
38.6 3.215 
38.7 3.215 
38.8 3.215 
38.9 3.215 
39.0 3.215 
39.1 3.215 
39.2 3.215 
39.3 3.215 
39.4 3.215 
39.5 3.215 
39.6 3.215 
39.7 3.215 
39.8 3.215 
39.9 3.215 
40.0 3.215 
40.1 3.215 
40.2 3.215 
40.3 3.215 
40.4 3.215 
40.5 3.215 
40.6 3.215 
40.7 3.215 
40.8 3.215 
40.9 3.215 
41.0 3.215 
41.1 3.215 
41.2 3.215 
41.3 3.215 
41.4 3.215 
41.5 3.215 
41.6 3.215 
41.7 3.215 
41.8 3.215 
41.9 3.215 
42.0 3.215 
42.1 3.215 
42.2 3.215 
42.3 3.215 
42.4 3.215 
42.5 3.215 
42.6 3.215 
42.7 3.215 
42.8 3.215 
42.9 3.215 
43.0 3.215 
43.1 3.215 
43.2 3.215 
43.3 3.215 
43.4 3.215 
43.5 3.215 
43.6 3.215 
43.7 3.215 
43.8 3.215 
43.9 3.215 
44.0 3.215 
44.1 3.215 
44.2 3.215 
44.3 3.215 
44.4 3.215 
44.5 3.215 
44.6 3.215 
44.7 3.215 
44.8 3.215 
44.9 3.215 
45.0 3.215 
45.1 3.215 
45.2 3.215 
45.3 3.215 
45.4 3.215 
45.5 3.215 
45.6 3.215 
45.7 3.215 
45.8 3.215 
45.9 3.215 
46.0 3.215 
46.1 3.215 
46.2 3.215 
46.3 3.215 
46.4 3.215 
46.5 3.215 
46.6 3.215 
46.7 3.215 
46.8 3.215 
46.9 3.215 
47.0 3.215 
47.1 3.215 
47.2 3.215 
47.3 3.215 
47.4 3.215 
47.5 3.215 
47.6 3.215 
47.7 3.215 
47.8 3.215 
47.9 3.215 
48.0 3.215 
48.1 3.215 
48.2 3.215 
48.3 3.215 
48.4 3.215 
48.5 3.215 
48.6 3.215 
48.7 3.215 
48.8 3.215 
48.9 3.215 
49.0 3.215 
49.1 3.215 
49.2 3.215 
49.3 3.215 
49.4 3.215 
49.5 3.215 
49.6 3.215 
49.7 3.215 
49.8 3.215 
49.9 3.215 
50.0 3.215 
50.1 3.215 
50.2 3.215 
50.3 3.215 
50.4 3.215 
50.5 3.215 
50.6 3.215 
50.7 3.215 
50.8 3.215 
50.9 3.215 
51.0 3.215 
51.1 3.215 
51.2 3.215 
51.3 3.215 
51.4 3.215 
51.5 3.215 
51.6 3.215 
51.7 3.215 
51.8 3.215 
51.9 3.215 
52.0 3.215 
52.1 3.215 
52.2 3.215 
52.3 3.215 
52.4 3.215 
52.5 3.215 
52.6 3.215 
52.7 3.215 
52.8 3.215 
52.9 3.215 
53.0 3.215 
53.1 3.215 
53.2 3.215 
53.3 3.215 
53.4 3.215 
53.5 3.215 
53.6 3.215 
53.7 3.215 
53.8 3.215 
53.9 3.215 
54.0 3.215 
54.1 3.215 
54.2 3.215 
54.3 3.215 
54.4 3.215 
54.5 3.215 
54.6 3.215 
54.7 3.215 
54.8 3.215 
54.9 3.215 
55.0 3.215 
55.1 3.215 
55.2 3.215 
55.3 3.215 
55.4 3.215 
55.5 3.215 
55.6 3.215 
55.7 3.215 
55.8 3.215 
55.9 3.215 
56.0 3.215 
56.1 3.215 
56.2 3.215 
56.3 3.215 
56.4 3.215 
56.5 3.215 
56.6 3.215 
56.7 3.215 
56.8 3.215 
56.9 3.215 
57.0 3.215 
57.1 3.215 
57.2 3.215 
57.3 3.215 
57.4 3.215 
57.5 3.215 
57.6 3.215 
57.7 3.215 
57.8 3.215 
57.9 3.215 
58.0 3.215 
58.1 3.215 
58.2 3.215 
58.3 3.215 
58.4 3.215 
58.5 3.215 
58.6 3.215 
58.7 3.215 
58.8 3.215 
58.9 3.215 
59.0 3.215 
59.1 3.215 
59.2 3.215 
59.3 3.215 
59.4 3.215 
59.5 3.215 
59.6 3.215 
59.7 3.215 
59.8 3.215 
59.9 3.215 
60.0 3.215 
60.1 3.215 
60.2 3.215 
60.3 3.215 
60.4 3.215 
60.5 3.215 
60.6 3.215 
60.7 3.215 
60.8 3.215 
60.9 3.215 
61.0 3.215 
61.1 3.215 
61.2 3.215 
61.3 3.215 
61.4 3.215 
61.5 3.215 
61.6 3.215 
61.7 3.215 
61.8 3.215 
61.9 3.215 
62.0 3.215 
62.1 3.215 
62.2 3.215 
62.3 3.215 
62.4 3.215 
62.5 3.215 
62.6 3.215 
62.7 3.215 
62.8 3.215 
62.9 3.215 
63.0 3.215 
63.1 3.215 
63.2 3.215 
63.3 3.215 
63.4 3.215 
63.5 3.215 
63.6 3.215 
63.7 3.215 
63.8 3.215 
63.9 3.215 
64.0 3.215 
64.1 3.215 
64.2 3.215 
64.3 3.215 
64.4 3.215 
64.5 3.215 
64.6 3.215 
64.7 3.215 
64.8 3.215 
64.9 3.215 
65.0 3.215 
65.1 3.215 
65.2 3.215 
65.3 3.215 
65.4 3.215 
65.5 3.215 
65.6 3.215 
65.7 3.215 
65.8 3.215 
65.9 3.215 
66.0 3.215 
66.1 3.215 
66.2 3.215 
66.3 3.215 
66.4 3.215 
66.5 3.215 
66.6 3.215 
66.7 3.215 
66.8 3.215 
66.9 3.215 
67.0 3.215 
67.1 3.215 
67.2 3.215 
67.3 3.215 
67.4 3.215 
67.5 3.215 
67.6 3.215 
67.7 3.215 
67.8 3.215 
67.9 3.215 
68.0 3.215 
68.1 3.215 
68.2 3.215 
68.3 3.215 
68.4 3.215 
68.5 3.215 
68.6 3.215 
68.7 3.215 
68.8 3.215 
68.9 3.215 
69.0 3.215 
69.1 3.215 
69.2 3.215 
69.3 3.215 
69.4 3.215 
69.5 3.215 
69.6 3.215 
69.7 3.215 
69.8 3.215 
69.9 3.215 
70.0 3.215 
70.1 3.215 
70.2 3.215 
70.3 3.215 
70.4 3.215 
70.5 3.215 
70.6 3.215 
70.7 3.215 
70.8 3.215 
70.9 3.215 
71.0 3.215 
71.1 3.215 
71.2 3.215 
71.3 3.215 
71.4 3.215 
71.5 3.215 
71.6 3.215 
71.7 3.215 
71.8 3.215 
71.9 3.215 
72.0 3.215 
72.1 3.215 
72.2 3.215 
72.3 3.215 
72.4 3.215 
72.5 3.215 
72.6 3.215 
72.7 3.215 
72.8 3.215 
72.9 3.215 
73.0 3.215 
73.1 3.215 
73.2 3.215 
73.3 3.215 
73.4 3.215 
73.5 3.215 
73.6 3.215 
73.7 3.215 
73.8 3.215 
73.9 3.215 
74.0 3.215 
74.1 3.215 
74.2 3.215 
74.3 3.215 
74.4 3.215 
74.5 3.215 
74.6 3.215 
74.7 3.215 
74.8 3.215 
74.9 3.215 
75.0 3.215 
75.1 3.215 
75.2 3.215 
75.3 3.215 
75.4 3.215 
75.5 3.215 
75.6 3.215 
75.7 3.215 
75.8 3.215 
75.9 3.215 
76.0 3.215 
76.1 3.215 
76.2 3.215 
76.3 3.215 
76.4 3.215 
76.5 3.215 
76.6 3.215 
76.7 3.215 
76.8 3.215 
76.9 3.215 
77.0 3.215 
77.1 3.215 
77.2 3.215 
77.3 3.215 
77.4 3.215 
77.5 3.215 
77.6 3.215 
77.7 3.215 
77.8 3.215 
77.9 3.215 
78.0 3.215 
78.1 3.215 
78.2 3.215 
78.3 3.215 
78.4 3.215 
78.5 3.215 
78.6 3.215 
78.7 3.215 
78.8 3.215 
78.9 3.215 
79.0 3.215 
79.1 3.215 
79.2 3.215 
79.3 3.215 
79.4 3.215 
79.5 3.215 
79.6 3.215 
79.7 3.215 
79.8 3.215 
79.9 3.215 
80.0 3.215 
80.1 3.215 
80.2 3.215 
80.3 3.215 
80.4 3.215 
80.5 3.215 
80.6 3.215 
80.7 3.215 
80.8 3.215 
80.9 3.215 
81.0 3.215 
81.1 3.215 
81.2 3.215 
81.3 3.215 
81.4 3.215 
81.5 3.215 
81.6 3.215 
81.7 3.215 
81.8 3.215 
81.9 3.215 
82.0 3.215 
82.1 3.215 
82.2 3.215 
82.3 3.215 
82.4 3.215 
82.5 3.215 
82.6 3.215 
82.7 3.215 
82.8 3.215 
82.9 3.215 
83.0 3.215 
83.1 3.215 
83.2 3.215 
83.3 3.215 
83.4 3.215 
83.5 3.215 
83.6 3.215 
83.7 3.215 
83.8 3.215 
83.9 3.215 
84.0 3.215 
84.1 3.215 
84.2 3.215 
84.3 3.215 
84.4 3.215 
84.5 3.215 
84.6 3.215 
84.7 3.215 
84.8 3.215 
84.9 3.215 
85.0 3.215 
85.1 3.215 
85.2 3.215 
85.3 3.215 
85.4 3.215 
85.5 3.215 
85.6 3.215 
85.7 3.215 
85.8 3.215 
85.9 3.215 
86.0 3.215 
86.1 3.215 
86.2 3.215 
86.3 3.215 
86.4 3.215 
86.5 3.215 
86.6 3.215 
86.7 3.215 
86.8 3.215 
86.9 3.215 
87.0 3.215 
87.1 3.215 
87.2 3.215 
87.3 3.215 
87.4 3.215 
87.5 3.215 
87.6 3.215 
87.7 3.215 
87.8 3.215 
87.9 3.215 
88.0 3.215 
88.1 3.215 
88.2 3.215 
88.3 3.215 
88.4 3.215 
88.5 3.215 
88.6 3.215 
88.7 3.215 
88.8 3.215 
88.9 3.215 
89.0 3.215 
89.1 3.215 
89.2 3.215 
89.3 3.215 
89.4 3.215 
89.5 3.215 
89.6 3.215 
89.7 3.215 
89.8 3.215 
89.9 3.215 
90.0 3.215 
90.1 3.215 
90.2 3.215 
90.3 3.215 
90.4 3.215 
90.5 3.215 
90.6 3.215 
90.7 3.215 
90.8 3.215 
90.9 3.215 
91.0 3.215 
91.1 3.215 
91.2 3.215 
91.3 3.215 
91.4 3.215 
91.5 3.215 
91.6 3.215 
91.7 3.215 
91.8 3.215 
91.9 3.215 
92.0 3.215 
92.1 3.215 
92.2 3.215 
92.3 3.215 
92.4 3.215 
92.5 3.215 
92.6 3.215 
92.7 3.215 
92.8 3.215 
92.9 3.215 
93.0 3.215 
93.1 3.215 
93.2 3.215 
93.3 3.215 
93.4 3.215 
93.5 3.215 
93.6 3.215 
93.7 3.215 
93.8 3.215 
93.9 3.215 
94.0 3.215 
94.1 3.215 
94.2 3.215 
94.3 3.215 
94.4 3.215 
94.5 3.215 
94.6 3.215 
94.7 3.215 
94.8 3.215 
94.9 3.215 
95.0 3.215 
95.1 3.215 
95.2 3.215 
95.3 3.215 
95.4 3.215 
95.5 3.215 
95.6 3.215 
95.7 3.215 
95.8 3.215 
95.9 3.215 
96.0 3.215 
96.1 3.215 
96.2 3.215 
96.3 3.215 
96.4 3.215 
96.5 3.215 
96.6 3.215 
96.7 3.215 
96.8 3.215 
96.9 3.215 
97.0 3.215 
97.1 3.215 
97.2 3.215 
97.3 3.215 
97.4 3.215 
97.5 3.215 
97.6 3.215 
97.7 3.215 
97.8 3.215 
97.9 3.215 
98.0 3.215 
98.1 3.215 
98.2 3.215 
98.3 3.215 
98.4 3.215 
98.5 3.215 
98.6 3.215 
98.7 3.215 
98.8 3.215 
98.9 3.215 
99.0 3.215 
99.1 3.215 
99.2 3.215 
99.3 3.215 
99.4 3.215 
99.5 3.215 
99.6 3.215 
99.7 3.215 
99.8 3.215 
99.9 3.215 
