0.0 0.03 
0.1 0.033 
0.2 0.036 
0.3 0.039 
0.4 0.041 
0.5 0.044 
0.6 0.046 
0.7 0.048 
0.8 0.051 
0.9 0.053 
1.0 0.055 
1.1 0.058 
1.2 0.06 
1.3 0.063 
1.4 0.065 
1.5 0.067 
1.6 0.07 
1.7 0.072 
1.8 0.074 
1.9 0.076 
2.0 0.079 
2.1 0.081 
2.2 0.083 
2.3 0.086 
2.4 0.088 
2.5 0.09 
2.6 0.092 
2.7 0.095 
2.8 0.097 
2.9 0.099 
3.0 0.101 
3.1 0.103 
3.2 0.106 
3.3 0.108 
3.4 0.11 
3.5 0.112 
3.6 0.114 
3.7 0.116 
3.8 0.119 
3.9 0.121 
4.0 0.123 
4.1 0.125 
4.2 0.127 
4.3 0.129 
4.4 0.131 
4.5 0.134 
4.6 0.136 
4.7 0.138 
4.8 0.14 
4.9 0.142 
5.0 0.144 
5.1 0.146 
5.2 0.148 
5.3 0.15 
5.4 0.152 
5.5 0.154 
5.6 0.156 
5.7 0.158 
5.8 0.16 
5.9 0.162 
6.0 0.164 
6.1 0.166 
6.2 0.168 
6.3 0.17 
6.4 0.172 
6.5 0.174 
6.6 0.176 
6.7 0.178 
6.8 0.18 
6.9 0.182 
7.0 0.184 
7.1 0.186 
7.2 0.188 
7.3 0.19 
7.4 0.192 
7.5 0.194 
7.6 0.196 
7.7 0.198 
7.8 0.199 
7.9 0.201 
8.0 0.203 
8.1 0.205 
8.2 0.207 
8.3 0.209 
8.4 0.211 
8.5 0.213 
8.6 0.214 
8.7 0.216 
8.8 0.218 
8.9 0.22 
9.0 0.222 
9.1 0.224 
9.2 0.225 
9.3 0.227 
9.4 0.229 
9.5 0.231 
9.6 0.233 
9.7 0.234 
9.8 0.236 
9.9 0.238 
10.0 0.24 
10.1 0.241 
10.2 0.243 
10.3 0.245 
10.4 0.247 
10.5 0.248 
10.6 0.25 
10.7 0.252 
10.8 0.254 
10.9 0.255 
11.0 0.257 
11.1 0.259 
11.2 0.26 
11.3 0.262 
11.4 0.264 
11.5 0.265 
11.6 0.267 
11.7 0.269 
11.8 0.27 
11.9 0.272 
12.0 0.274 
12.1 0.275 
12.2 0.277 
12.3 0.279 
12.4 0.28 
12.5 0.282 
12.6 0.284 
12.7 0.285 
12.8 0.287 
12.9 0.288 
13.0 0.29 
13.1 0.292 
13.2 0.293 
13.3 0.295 
13.4 0.296 
13.5 0.298 
13.6 0.299 
13.7 0.301 
13.8 0.303 
13.9 0.304 
14.0 0.306 
14.1 0.307 
14.2 0.309 
14.3 0.31 
14.4 0.312 
14.5 0.313 
14.6 0.315 
14.7 0.316 
14.8 0.318 
14.9 0.319 
15.0 0.321 
15.1 0.322 
15.2 0.324 
15.3 0.325 
15.4 0.327 
15.5 0.328 
15.6 0.33 
15.7 0.331 
15.8 0.333 
15.9 0.334 
16.0 0.336 
16.1 0.337 
16.2 0.338 
16.3 0.34 
16.4 0.341 
16.5 0.343 
16.6 0.344 
16.7 0.346 
16.8 0.347 
16.9 0.348 
17.0 0.35 
17.1 0.351 
17.2 0.353 
17.3 0.354 
17.4 0.355 
17.5 0.357 
17.6 0.358 
17.7 0.359 
17.8 0.361 
17.9 0.362 
18.0 0.364 
18.1 0.365 
18.2 0.366 
18.3 0.368 
18.4 0.369 
18.5 0.37 
18.6 0.372 
18.7 0.373 
18.8 0.374 
18.9 0.376 
19.0 0.377 
19.1 0.378 
19.2 0.379 
19.3 0.381 
19.4 0.382 
19.5 0.383 
19.6 0.385 
19.7 0.386 
19.8 0.387 
19.9 0.388 
20.0 0.39 
20.1 0.391 
20.2 0.392 
20.3 0.393 
20.4 0.395 
20.5 0.396 
20.6 0.397 
20.7 0.398 
20.8 0.4 
20.9 0.401 
21.0 0.402 
21.1 0.403 
21.2 0.405 
21.3 0.406 
21.4 0.407 
21.5 0.408 
21.6 0.409 
21.7 0.411 
21.8 0.412 
21.9 0.413 
22.0 0.414 
22.1 0.415 
22.2 0.417 
22.3 0.418 
22.4 0.419 
22.5 0.42 
22.6 0.421 
22.7 0.422 
22.8 0.424 
22.9 0.425 
23.0 0.426 
23.1 0.427 
23.2 0.428 
23.3 0.429 
23.4 0.43 
23.5 0.432 
23.6 0.433 
23.7 0.434 
23.8 0.435 
23.9 0.436 
24.0 0.437 
24.1 0.438 
24.2 0.439 
24.3 0.44 
24.4 0.441 
24.5 0.443 
24.6 0.444 
24.7 0.445 
24.8 0.446 
24.9 0.447 
25.0 0.448 
25.1 0.449 
25.2 0.45 
25.3 0.451 
25.4 0.452 
25.5 0.453 
25.6 0.454 
25.7 0.455 
25.8 0.456 
25.9 0.457 
26.0 0.459 
26.1 0.46 
26.2 0.461 
26.3 0.462 
26.4 0.463 
26.5 0.464 
26.6 0.465 
26.7 0.466 
26.8 0.467 
26.9 0.468 
27.0 0.469 
27.1 0.47 
27.2 0.471 
27.3 0.472 
27.4 0.473 
27.5 0.474 
27.6 0.475 
27.7 0.476 
27.8 0.477 
27.9 0.478 
28.0 0.479 
28.1 0.48 
28.2 0.48 
28.3 0.481 
28.4 0.482 
28.5 0.483 
28.6 0.484 
28.7 0.485 
28.8 0.486 
28.9 0.487 
29.0 0.488 
29.1 0.489 
29.2 0.49 
29.3 0.491 
29.4 0.492 
29.5 0.493 
29.6 0.494 
29.7 0.495 
29.8 0.495 
29.9 0.496 
30.0 0.497 
30.1 0.498 
30.2 0.499 
30.3 0.5 
30.4 0.501 
30.5 0.502 
30.6 0.503 
30.7 0.504 
30.8 0.504 
30.9 0.505 
31.0 0.506 
31.1 0.507 
31.2 0.508 
31.3 0.509 
31.4 0.51 
31.5 0.511 
31.6 0.511 
31.7 0.512 
31.8 0.513 
31.9 0.514 
32.0 0.515 
32.1 0.516 
32.2 0.516 
32.3 0.517 
32.4 0.518 
32.5 0.519 
32.6 0.52 
32.7 0.521 
32.8 0.521 
32.9 0.522 
33.0 0.523 
33.1 0.524 
33.2 0.525 
33.3 0.526 
33.4 0.526 
33.5 0.527 
33.6 0.528 
33.7 0.529 
33.8 0.53 
33.9 0.53 
34.0 0.531 
34.1 0.532 
34.2 0.533 
34.3 0.534 
34.4 0.534 
34.5 0.535 
34.6 0.536 
34.7 0.537 
34.8 0.537 
34.9 0.538 
35.0 0.539 
35.1 0.54 
35.2 0.54 
35.3 0.541 
35.4 0.542 
35.5 0.543 
35.6 0.543 
35.7 0.544 
35.8 0.545 
35.9 0.546 
36.0 0.546 
36.1 0.547 
36.2 0.548 
36.3 0.549 
36.4 0.549 
36.5 0.55 
36.6 0.551 
36.7 0.552 
36.8 0.552 
36.9 0.553 
37.0 0.554 
37.1 0.554 
37.2 0.555 
37.3 0.556 
37.4 0.557 
37.5 0.557 
37.6 0.558 
37.7 0.559 
37.8 0.559 
37.9 0.56 
38.0 0.561 
38.1 0.561 
38.2 0.562 
38.3 0.563 
38.4 0.563 
38.5 0.564 
38.6 0.565 
38.7 0.566 
38.8 0.566 
38.9 0.567 
39.0 0.568 
39.1 0.568 
39.2 0.569 
39.3 0.57 
39.4 0.57 
39.5 0.571 
39.6 0.572 
39.7 0.572 
39.8 0.573 
39.9 0.573 
40.0 0.574 
40.1 0.575 
40.2 0.575 
40.3 0.576 
40.4 0.577 
40.5 0.577 
40.6 0.578 
40.7 0.579 
40.8 0.579 
40.9 0.58 
41.0 0.58 
41.1 0.581 
41.2 0.582 
41.3 0.582 
41.4 0.583 
41.5 0.584 
41.6 0.584 
41.7 0.585 
41.8 0.585 
41.9 0.586 
42.0 0.587 
42.1 0.587 
42.2 0.588 
42.3 0.588 
42.4 0.589 
42.5 0.59 
42.6 0.59 
42.7 0.591 
42.8 0.591 
42.9 0.592 
43.0 0.593 
43.1 0.593 
43.2 0.594 
43.3 0.594 
43.4 0.595 
43.5 0.595 
43.6 0.596 
43.7 0.597 
43.8 0.597 
43.9 0.598 
44.0 0.598 
44.1 0.599 
44.2 0.599 
44.3 0.6 
44.4 0.6 
44.5 0.601 
44.6 0.602 
44.7 0.602 
44.8 0.603 
44.9 0.603 
45.0 0.604 
45.1 0.604 
45.2 0.605 
45.3 0.605 
45.4 0.606 
45.5 0.606 
45.6 0.607 
45.7 0.608 
45.8 0.608 
45.9 0.609 
46.0 0.609 
46.1 0.61 
46.2 0.61 
46.3 0.611 
46.4 0.611 
46.5 0.612 
46.6 0.612 
46.7 0.613 
46.8 0.613 
46.9 0.614 
47.0 0.614 
47.1 0.615 
47.2 0.615 
47.3 0.616 
47.4 0.616 
47.5 0.617 
47.6 0.617 
47.7 0.618 
47.8 0.618 
47.9 0.619 
48.0 0.619 
48.1 0.62 
48.2 0.62 
48.3 0.621 
48.4 0.621 
48.5 0.622 
48.6 0.622 
48.7 0.623 
48.8 0.623 
48.9 0.624 
49.0 0.624 
49.1 0.625 
49.2 0.625 
49.3 0.626 
49.4 0.626 
49.5 0.627 
49.6 0.627 
49.7 0.627 
49.8 0.628 
49.9 0.628 
50.0 0.629 
50.1 0.629 
50.2 0.63 
50.3 0.63 
50.4 0.631 
50.5 0.631 
50.6 0.632 
50.7 0.632 
50.8 0.632 
50.9 0.633 
51.0 0.633 
51.1 0.634 
51.2 0.634 
51.3 0.635 
51.4 0.635 
51.5 0.636 
51.6 0.636 
51.7 0.636 
51.8 0.637 
51.9 0.637 
52.0 0.638 
52.1 0.638 
52.2 0.639 
52.3 0.639 
52.4 0.639 
52.5 0.64 
52.6 0.64 
52.7 0.641 
52.8 0.641 
52.9 0.642 
53.0 0.642 
53.1 0.642 
53.2 0.643 
53.3 0.643 
53.4 0.644 
53.5 0.644 
53.6 0.644 
53.7 0.645 
53.8 0.645 
53.9 0.646 
54.0 0.646 
54.1 0.646 
54.2 0.647 
54.3 0.647 
54.4 0.648 
54.5 0.648 
54.6 0.648 
54.7 0.649 
54.8 0.649 
54.9 0.65 
55.0 0.65 
55.1 0.65 
55.2 0.651 
55.3 0.651 
55.4 0.652 
55.5 0.652 
55.6 0.652 
55.7 0.653 
55.8 0.653 
55.9 0.653 
56.0 0.654 
56.1 0.654 
56.2 0.655 
56.3 0.655 
56.4 0.655 
56.5 0.656 
56.6 0.656 
56.7 0.656 
56.8 0.657 
56.9 0.657 
57.0 0.657 
57.1 0.658 
57.2 0.658 
57.3 0.659 
57.4 0.659 
57.5 0.659 
57.6 0.66 
57.7 0.66 
57.8 0.66 
57.9 0.661 
58.0 0.661 
58.1 0.661 
58.2 0.662 
58.3 0.662 
58.4 0.662 
58.5 0.663 
58.6 0.663 
58.7 0.663 
58.8 0.664 
58.9 0.664 
59.0 0.664 
59.1 0.665 
59.2 0.665 
59.3 0.665 
59.4 0.666 
59.5 0.666 
59.6 0.666 
59.7 0.667 
59.8 0.667 
59.9 0.667 
60.0 0.668 
60.1 0.668 
60.2 0.668 
60.3 0.669 
60.4 0.669 
60.5 0.669 
60.6 0.67 
60.7 0.67 
60.8 0.67 
60.9 0.671 
61.0 0.671 
61.1 0.671 
61.2 0.672 
61.3 0.672 
61.4 0.672 
61.5 0.673 
61.6 0.673 
61.7 0.673 
61.8 0.673 
61.9 0.674 
62.0 0.674 
62.1 0.674 
62.2 0.675 
62.3 0.675 
62.4 0.675 
62.5 0.676 
62.6 0.676 
62.7 0.676 
62.8 0.677 
62.9 0.677 
63.0 0.677 
63.1 0.677 
63.2 0.678 
63.3 0.678 
63.4 0.678 
63.5 0.679 
63.6 0.679 
63.7 0.679 
63.8 0.679 
63.9 0.68 
64.0 0.68 
64.1 0.68 
64.2 0.681 
64.3 0.681 
64.4 0.681 
64.5 0.681 
64.6 0.682 
64.7 0.682 
64.8 0.682 
64.9 0.683 
65.0 0.683 
65.1 0.683 
65.2 0.683 
65.3 0.684 
65.4 0.684 
65.5 0.684 
65.6 0.684 
65.7 0.685 
65.8 0.685 
65.9 0.685 
66.0 0.685 
66.1 0.686 
66.2 0.686 
66.3 0.686 
66.4 0.687 
66.5 0.687 
66.6 0.687 
66.7 0.687 
66.8 0.688 
66.9 0.688 
67.0 0.688 
67.1 0.688 
67.2 0.689 
67.3 0.689 
67.4 0.689 
67.5 0.689 
67.6 0.69 
67.7 0.69 
67.8 0.69 
67.9 0.69 
68.0 0.691 
68.1 0.691 
68.2 0.691 
68.3 0.691 
68.4 0.692 
68.5 0.692 
68.6 0.692 
68.7 0.692 
68.8 0.693 
68.9 0.693 
69.0 0.693 
69.1 0.693 
69.2 0.694 
69.3 0.694 
69.4 0.694 
69.5 0.694 
69.6 0.695 
69.7 0.695 
69.8 0.695 
69.9 0.695 
70.0 0.695 
70.1 0.696 
70.2 0.696 
70.3 0.696 
70.4 0.696 
70.5 0.697 
70.6 0.697 
70.7 0.697 
70.8 0.697 
70.9 0.697 
71.0 0.698 
71.1 0.698 
71.2 0.698 
71.3 0.698 
71.4 0.699 
71.5 0.699 
71.6 0.699 
71.7 0.699 
71.8 0.699 
71.9 0.7 
72.0 0.7 
72.1 0.7 
72.2 0.7 
72.3 0.701 
72.4 0.701 
72.5 0.701 
72.6 0.701 
72.7 0.701 
72.8 0.702 
72.9 0.702 
73.0 0.702 
73.1 0.702 
73.2 0.702 
73.3 0.703 
73.4 0.703 
73.5 0.703 
73.6 0.703 
73.7 0.704 
73.8 0.704 
73.9 0.704 
74.0 0.704 
74.1 0.704 
74.2 0.705 
74.3 0.705 
74.4 0.705 
74.5 0.705 
74.6 0.705 
74.7 0.706 
74.8 0.706 
74.9 0.706 
75.0 0.706 
75.1 0.706 
75.2 0.706 
75.3 0.707 
75.4 0.707 
75.5 0.707 
75.6 0.707 
75.7 0.707 
75.8 0.708 
75.9 0.708 
76.0 0.708 
76.1 0.708 
76.2 0.708 
76.3 0.709 
76.4 0.709 
76.5 0.709 
76.6 0.709 
76.7 0.709 
76.8 0.71 
76.9 0.71 
77.0 0.71 
77.1 0.71 
77.2 0.71 
77.3 0.71 
77.4 0.711 
77.5 0.711 
77.6 0.711 
77.7 0.711 
77.8 0.711 
77.9 0.711 
78.0 0.712 
78.1 0.712 
78.2 0.712 
78.3 0.712 
78.4 0.712 
78.5 0.713 
78.6 0.713 
78.7 0.713 
78.8 0.713 
78.9 0.713 
79.0 0.713 
79.1 0.714 
79.2 0.714 
79.3 0.714 
79.4 0.714 
79.5 0.714 
79.6 0.714 
79.7 0.715 
79.8 0.715 
79.9 0.715 
80.0 0.715 
80.1 0.715 
80.2 0.715 
80.3 0.716 
80.4 0.716 
80.5 0.716 
80.6 0.716 
80.7 0.716 
80.8 0.716 
80.9 0.717 
81.0 0.717 
81.1 0.717 
81.2 0.717 
81.3 0.717 
81.4 0.717 
81.5 0.717 
81.6 0.718 
81.7 0.718 
81.8 0.718 
81.9 0.718 
82.0 0.718 
82.1 0.718 
82.2 0.719 
82.3 0.719 
82.4 0.719 
82.5 0.719 
82.6 0.719 
82.7 0.719 
82.8 0.719 
82.9 0.72 
83.0 0.72 
83.1 0.72 
83.2 0.72 
83.3 0.72 
83.4 0.72 
83.5 0.721 
83.6 0.721 
83.7 0.721 
83.8 0.721 
83.9 0.721 
84.0 0.721 
84.1 0.721 
84.2 0.722 
84.3 0.722 
84.4 0.722 
84.5 0.722 
84.6 0.722 
84.7 0.722 
84.8 0.722 
84.9 0.723 
85.0 0.723 
85.1 0.723 
85.2 0.723 
85.3 0.723 
85.4 0.723 
85.5 0.723 
85.6 0.723 
85.7 0.724 
85.8 0.724 
85.9 0.724 
86.0 0.724 
86.1 0.724 
86.2 0.724 
86.3 0.724 
86.4 0.725 
86.5 0.725 
86.6 0.725 
86.7 0.725 
86.8 0.725 
86.9 0.725 
87.0 0.725 
87.1 0.725 
87.2 0.726 
87.3 0.726 
87.4 0.726 
87.5 0.726 
87.6 0.726 
87.7 0.726 
87.8 0.726 
87.9 0.726 
88.0 0.727 
88.1 0.727 
88.2 0.727 
88.3 0.727 
88.4 0.727 
88.5 0.727 
88.6 0.727 
88.7 0.727 
88.8 0.728 
88.9 0.728 
89.0 0.728 
89.1 0.728 
89.2 0.728 
89.3 0.728 
89.4 0.728 
89.5 0.728 
89.6 0.729 
89.7 0.729 
89.8 0.729 
89.9 0.729 
90.0 0.729 
90.1 0.729 
90.2 0.729 
90.3 0.729 
90.4 0.729 
90.5 0.73 
90.6 0.73 
90.7 0.73 
90.8 0.73 
90.9 0.73 
91.0 0.73 
91.1 0.73 
91.2 0.73 
91.3 0.731 
91.4 0.731 
91.5 0.731 
91.6 0.731 
91.7 0.731 
91.8 0.731 
91.9 0.731 
92.0 0.731 
92.1 0.731 
92.2 0.731 
92.3 0.732 
92.4 0.732 
92.5 0.732 
92.6 0.732 
92.7 0.732 
92.8 0.732 
92.9 0.732 
93.0 0.732 
93.1 0.732 
93.2 0.733 
93.3 0.733 
93.4 0.733 
93.5 0.733 
93.6 0.733 
93.7 0.733 
93.8 0.733 
93.9 0.733 
94.0 0.733 
94.1 0.733 
94.2 0.734 
94.3 0.734 
94.4 0.734 
94.5 0.734 
94.6 0.734 
94.7 0.734 
94.8 0.734 
94.9 0.734 
95.0 0.734 
95.1 0.734 
95.2 0.735 
95.3 0.735 
95.4 0.735 
95.5 0.735 
95.6 0.735 
95.7 0.735 
95.8 0.735 
95.9 0.735 
96.0 0.735 
96.1 0.735 
96.2 0.736 
96.3 0.736 
96.4 0.736 
96.5 0.736 
96.6 0.736 
96.7 0.736 
96.8 0.736 
96.9 0.736 
97.0 0.736 
97.1 0.736 
97.2 0.736 
97.3 0.737 
97.4 0.737 
97.5 0.737 
97.6 0.737 
97.7 0.737 
97.8 0.737 
97.9 0.737 
98.0 0.737 
98.1 0.737 
98.2 0.737 
98.3 0.737 
98.4 0.738 
98.5 0.738 
98.6 0.738 
98.7 0.738 
98.8 0.738 
98.9 0.738 
99.0 0.738 
99.1 0.738 
99.2 0.738 
99.3 0.738 
99.4 0.738 
99.5 0.738 
99.6 0.739 
99.7 0.739 
99.8 0.739 
99.9 0.739 
