0.0 0.03 
0.1 0.032 
0.2 0.035 
0.3 0.037 
0.4 0.039 
0.5 0.042 
0.6 0.045 
0.7 0.048 
0.8 0.051 
0.9 0.054 
1.0 0.058 
1.1 0.061 
1.2 0.065 
1.3 0.07 
1.4 0.074 
1.5 0.079 
1.6 0.084 
1.7 0.09 
1.8 0.095 
1.9 0.101 
2.0 0.108 
2.1 0.115 
2.2 0.122 
2.3 0.13 
2.4 0.138 
2.5 0.147 
2.6 0.156 
2.7 0.166 
2.8 0.176 
2.9 0.187 
3.0 0.198 
3.1 0.21 
3.2 0.223 
3.3 0.237 
3.4 0.251 
3.5 0.266 
3.6 0.282 
3.7 0.299 
3.8 0.316 
3.9 0.335 
4.0 0.354 
4.1 0.374 
4.2 0.395 
4.3 0.418 
4.4 0.441 
4.5 0.465 
4.6 0.49 
4.7 0.517 
4.8 0.544 
4.9 0.573 
5.0 0.602 
5.1 0.633 
5.2 0.665 
5.3 0.697 
5.4 0.731 
5.5 0.766 
5.6 0.802 
5.7 0.84 
5.8 0.878 
5.9 0.917 
6.0 0.957 
6.1 0.997 
6.2 1.039 
6.3 1.082 
6.4 1.125 
6.5 1.169 
6.6 1.213 
6.7 1.258 
6.8 1.304 
6.9 1.349 
7.0 1.396 
7.1 1.442 
7.2 1.489 
7.3 1.536 
7.4 1.583 
7.5 1.63 
7.6 1.677 
7.7 1.723 
7.8 1.77 
7.9 1.816 
8.0 1.862 
8.1 1.908 
8.2 1.953 
8.3 1.998 
8.4 2.042 
8.5 2.085 
8.6 2.128 
8.7 2.171 
8.8 2.212 
8.9 2.253 
9.0 2.294 
9.1 2.333 
9.2 2.372 
9.3 2.41 
9.4 2.447 
9.5 2.483 
9.6 2.518 
9.7 2.553 
9.8 2.587 
9.9 2.62 
10.0 2.652 
10.1 2.683 
10.2 2.714 
10.3 2.743 
10.4 2.772 
10.5 2.8 
10.6 2.827 
10.7 2.854 
10.8 2.879 
10.9 2.904 
11.0 2.928 
11.1 2.951 
11.2 2.974 
11.3 2.996 
11.4 3.017 
11.5 3.038 
11.6 3.058 
11.7 3.077 
11.8 3.095 
11.9 3.113 
12.0 3.131 
12.1 3.148 
12.2 3.164 
12.3 3.18 
12.4 3.195 
12.5 3.209 
12.6 3.223 
12.7 3.237 
12.8 3.25 
12.9 3.263 
13.0 3.275 
13.1 3.287 
13.2 3.298 
13.3 3.309 
13.4 3.32 
13.5 3.33 
13.6 3.34 
13.7 3.349 
13.8 3.358 
13.9 3.367 
14.0 3.375 
14.1 3.384 
14.2 3.391 
14.3 3.399 
14.4 3.406 
14.5 3.413 
14.6 3.42 
14.7 3.426 
14.8 3.433 
14.9 3.439 
15.0 3.445 
15.1 3.45 
15.2 3.455 
15.3 3.461 
15.4 3.466 
15.5 3.47 
15.6 3.475 
15.7 3.479 
15.8 3.484 
15.9 3.488 
16.0 3.492 
16.1 3.495 
16.2 3.499 
16.3 3.502 
16.4 3.506 
16.5 3.509 
16.6 3.512 
16.7 3.515 
16.8 3.518 
16.9 3.521 
17.0 3.523 
17.1 3.526 
17.2 3.528 
17.3 3.531 
17.4 3.533 
17.5 3.535 
17.6 3.537 
17.7 3.539 
17.8 3.541 
17.9 3.543 
18.0 3.545 
18.1 3.547 
18.2 3.548 
18.3 3.55 
18.4 3.551 
18.5 3.553 
18.6 3.554 
18.7 3.556 
18.8 3.557 
18.9 3.558 
19.0 3.559 
19.1 3.561 
19.2 3.562 
19.3 3.563 
19.4 3.564 
19.5 3.565 
19.6 3.566 
19.7 3.567 
19.8 3.567 
19.9 3.568 
20.0 3.569 
20.1 3.57 
20.2 3.571 
20.3 3.571 
20.4 3.572 
20.5 3.573 
20.6 3.573 
20.7 3.574 
20.8 3.575 
20.9 3.575 
21.0 3.576 
21.1 3.576 
21.2 3.577 
21.3 3.577 
21.4 3.578 
21.5 3.578 
21.6 3.578 
21.7 3.579 
21.8 3.579 
21.9 3.58 
22.0 3.58 
22.1 3.58 
22.2 3.581 
22.3 3.581 
22.4 3.581 
22.5 3.582 
22.6 3.582 
22.7 3.582 
22.8 3.582 
22.9 3.583 
23.0 3.583 
23.1 3.583 
23.2 3.583 
23.3 3.584 
23.4 3.584 
23.5 3.584 
23.6 3.584 
23.7 3.584 
23.8 3.585 
23.9 3.585 
24.0 3.585 
24.1 3.585 
24.2 3.585 
24.3 3.585 
24.4 3.586 
24.5 3.586 
24.6 3.586 
24.7 3.586 
24.8 3.586 
24.9 3.586 
25.0 3.586 
25.1 3.586 
25.2 3.586 
25.3 3.587 
25.4 3.587 
25.5 3.587 
25.6 3.587 
25.7 3.587 
25.8 3.587 
25.9 3.587 
26.0 3.587 
26.1 3.587 
26.2 3.587 
26.3 3.587 
26.4 3.587 
26.5 3.587 
26.6 3.588 
26.7 3.588 
26.8 3.588 
26.9 3.588 
27.0 3.588 
27.1 3.588 
27.2 3.588 
27.3 3.588 
27.4 3.588 
27.5 3.588 
27.6 3.588 
27.7 3.588 
27.8 3.588 
27.9 3.588 
28.0 3.588 
28.1 3.588 
28.2 3.588 
28.3 3.588 
28.4 3.588 
28.5 3.588 
28.6 3.588 
28.7 3.588 
28.8 3.588 
28.9 3.588 
29.0 3.588 
29.1 3.588 
29.2 3.588 
29.3 3.588 
29.4 3.588 
29.5 3.588 
29.6 3.589 
29.7 3.589 
29.8 3.589 
29.9 3.589 
30.0 3.589 
30.1 3.589 
30.2 3.589 
30.3 3.589 
30.4 3.589 
30.5 3.589 
30.6 3.589 
30.7 3.589 
30.8 3.589 
30.9 3.589 
31.0 3.589 
31.1 3.589 
31.2 3.589 
31.3 3.589 
31.4 3.589 
31.5 3.589 
31.6 3.589 
31.7 3.589 
31.8 3.589 
31.9 3.589 
32.0 3.589 
32.1 3.589 
32.2 3.589 
32.3 3.589 
32.4 3.589 
32.5 3.589 
32.6 3.589 
32.7 3.589 
32.8 3.589 
32.9 3.589 
33.0 3.589 
33.1 3.589 
33.2 3.589 
33.3 3.589 
33.4 3.589 
33.5 3.589 
33.6 3.589 
33.7 3.589 
33.8 3.589 
33.9 3.589 
34.0 3.589 
34.1 3.589 
34.2 3.589 
34.3 3.589 
34.4 3.589 
34.5 3.589 
34.6 3.589 
34.7 3.589 
34.8 3.589 
34.9 3.589 
35.0 3.589 
35.1 3.589 
35.2 3.589 
35.3 3.589 
35.4 3.589 
35.5 3.589 
35.6 3.589 
35.7 3.589 
35.8 3.589 
35.9 3.589 
36.0 3.589 
36.1 3.589 
36.2 3.589 
36.3 3.589 
36.4 3.589 
36.5 3.589 
36.6 3.589 
36.7 3.589 
36.8 3.589 
36.9 3.589 
37.0 3.589 
37.1 3.589 
37.2 3.589 
37.3 3.589 
37.4 3.589 
37.5 3.589 
37.6 3.589 
37.7 3.589 
37.8 3.589 
37.9 3.589 
38.0 3.589 
38.1 3.589 
38.2 3.589 
38.3 3.589 
38.4 3.589 
38.5 3.589 
38.6 3.589 
38.7 3.589 
38.8 3.589 
38.9 3.589 
39.0 3.589 
39.1 3.589 
39.2 3.589 
39.3 3.589 
39.4 3.589 
39.5 3.589 
39.6 3.589 
39.7 3.589 
39.8 3.589 
39.9 3.589 
40.0 3.589 
40.1 3.589 
40.2 3.589 
40.3 3.589 
40.4 3.589 
40.5 3.589 
40.6 3.589 
40.7 3.589 
40.8 3.589 
40.9 3.589 
41.0 3.589 
41.1 3.589 
41.2 3.589 
41.3 3.589 
41.4 3.589 
41.5 3.589 
41.6 3.589 
41.7 3.589 
41.8 3.589 
41.9 3.589 
42.0 3.589 
42.1 3.589 
42.2 3.589 
42.3 3.589 
42.4 3.589 
42.5 3.589 
42.6 3.589 
42.7 3.589 
42.8 3.589 
42.9 3.589 
43.0 3.589 
43.1 3.589 
43.2 3.589 
43.3 3.589 
43.4 3.589 
43.5 3.589 
43.6 3.589 
43.7 3.589 
43.8 3.589 
43.9 3.589 
44.0 3.589 
44.1 3.589 
44.2 3.589 
44.3 3.589 
44.4 3.589 
44.5 3.589 
44.6 3.589 
44.7 3.589 
44.8 3.589 
44.9 3.589 
45.0 3.589 
45.1 3.589 
45.2 3.589 
45.3 3.589 
45.4 3.589 
45.5 3.589 
45.6 3.589 
45.7 3.589 
45.8 3.589 
45.9 3.589 
46.0 3.589 
46.1 3.589 
46.2 3.589 
46.3 3.589 
46.4 3.589 
46.5 3.589 
46.6 3.589 
46.7 3.589 
46.8 3.589 
46.9 3.589 
47.0 3.589 
47.1 3.589 
47.2 3.589 
47.3 3.589 
47.4 3.589 
47.5 3.589 
47.6 3.589 
47.7 3.589 
47.8 3.589 
47.9 3.589 
48.0 3.589 
48.1 3.589 
48.2 3.589 
48.3 3.589 
48.4 3.589 
48.5 3.589 
48.6 3.589 
48.7 3.589 
48.8 3.589 
48.9 3.589 
49.0 3.589 
49.1 3.589 
49.2 3.589 
49.3 3.589 
49.4 3.589 
49.5 3.589 
49.6 3.589 
49.7 3.589 
49.8 3.589 
49.9 3.589 
50.0 3.589 
50.1 3.589 
50.2 3.589 
50.3 3.589 
50.4 3.589 
50.5 3.589 
50.6 3.589 
50.7 3.589 
50.8 3.589 
50.9 3.589 
51.0 3.589 
51.1 3.589 
51.2 3.589 
51.3 3.589 
51.4 3.589 
51.5 3.589 
51.6 3.589 
51.7 3.589 
51.8 3.589 
51.9 3.589 
52.0 3.589 
52.1 3.589 
52.2 3.589 
52.3 3.589 
52.4 3.589 
52.5 3.589 
52.6 3.589 
52.7 3.589 
52.8 3.589 
52.9 3.589 
53.0 3.589 
53.1 3.589 
53.2 3.589 
53.3 3.589 
53.4 3.589 
53.5 3.589 
53.6 3.589 
53.7 3.589 
53.8 3.589 
53.9 3.589 
54.0 3.589 
54.1 3.589 
54.2 3.589 
54.3 3.589 
54.4 3.589 
54.5 3.589 
54.6 3.589 
54.7 3.589 
54.8 3.589 
54.9 3.589 
55.0 3.589 
55.1 3.589 
55.2 3.589 
55.3 3.589 
55.4 3.589 
55.5 3.589 
55.6 3.589 
55.7 3.589 
55.8 3.589 
55.9 3.589 
56.0 3.589 
56.1 3.589 
56.2 3.589 
56.3 3.589 
56.4 3.589 
56.5 3.589 
56.6 3.589 
56.7 3.589 
56.8 3.589 
56.9 3.589 
57.0 3.589 
57.1 3.589 
57.2 3.589 
57.3 3.589 
57.4 3.589 
57.5 3.589 
57.6 3.589 
57.7 3.589 
57.8 3.589 
57.9 3.589 
58.0 3.589 
58.1 3.589 
58.2 3.589 
58.3 3.589 
58.4 3.589 
58.5 3.589 
58.6 3.589 
58.7 3.589 
58.8 3.589 
58.9 3.589 
59.0 3.589 
59.1 3.589 
59.2 3.589 
59.3 3.589 
59.4 3.589 
59.5 3.589 
59.6 3.589 
59.7 3.589 
59.8 3.589 
59.9 3.589 
60.0 3.589 
60.1 3.589 
60.2 3.589 
60.3 3.589 
60.4 3.589 
60.5 3.589 
60.6 3.589 
60.7 3.589 
60.8 3.589 
60.9 3.589 
61.0 3.589 
61.1 3.589 
61.2 3.589 
61.3 3.589 
61.4 3.589 
61.5 3.589 
61.6 3.589 
61.7 3.589 
61.8 3.589 
61.9 3.589 
62.0 3.589 
62.1 3.589 
62.2 3.589 
62.3 3.589 
62.4 3.589 
62.5 3.589 
62.6 3.589 
62.7 3.589 
62.8 3.589 
62.9 3.589 
63.0 3.589 
63.1 3.589 
63.2 3.589 
63.3 3.589 
63.4 3.589 
63.5 3.589 
63.6 3.589 
63.7 3.589 
63.8 3.589 
63.9 3.589 
64.0 3.589 
64.1 3.589 
64.2 3.589 
64.3 3.589 
64.4 3.589 
64.5 3.589 
64.6 3.589 
64.7 3.589 
64.8 3.589 
64.9 3.589 
65.0 3.589 
65.1 3.589 
65.2 3.589 
65.3 3.589 
65.4 3.589 
65.5 3.589 
65.6 3.589 
65.7 3.589 
65.8 3.589 
65.9 3.589 
66.0 3.589 
66.1 3.589 
66.2 3.589 
66.3 3.589 
66.4 3.589 
66.5 3.589 
66.6 3.589 
66.7 3.589 
66.8 3.589 
66.9 3.589 
67.0 3.589 
67.1 3.589 
67.2 3.589 
67.3 3.589 
67.4 3.589 
67.5 3.589 
67.6 3.589 
67.7 3.589 
67.8 3.589 
67.9 3.589 
68.0 3.589 
68.1 3.589 
68.2 3.589 
68.3 3.589 
68.4 3.589 
68.5 3.589 
68.6 3.589 
68.7 3.589 
68.8 3.589 
68.9 3.589 
69.0 3.589 
69.1 3.589 
69.2 3.589 
69.3 3.589 
69.4 3.589 
69.5 3.589 
69.6 3.589 
69.7 3.589 
69.8 3.589 
69.9 3.589 
70.0 3.589 
70.1 3.589 
70.2 3.589 
70.3 3.589 
70.4 3.589 
70.5 3.589 
70.6 3.589 
70.7 3.589 
70.8 3.589 
70.9 3.589 
71.0 3.589 
71.1 3.589 
71.2 3.589 
71.3 3.589 
71.4 3.589 
71.5 3.589 
71.6 3.589 
71.7 3.589 
71.8 3.589 
71.9 3.589 
72.0 3.589 
72.1 3.589 
72.2 3.589 
72.3 3.589 
72.4 3.589 
72.5 3.589 
72.6 3.589 
72.7 3.589 
72.8 3.589 
72.9 3.589 
73.0 3.589 
73.1 3.589 
73.2 3.589 
73.3 3.589 
73.4 3.589 
73.5 3.589 
73.6 3.589 
73.7 3.589 
73.8 3.589 
73.9 3.589 
74.0 3.589 
74.1 3.589 
74.2 3.589 
74.3 3.589 
74.4 3.589 
74.5 3.589 
74.6 3.589 
74.7 3.589 
74.8 3.589 
74.9 3.589 
75.0 3.589 
75.1 3.589 
75.2 3.589 
75.3 3.589 
75.4 3.589 
75.5 3.589 
75.6 3.589 
75.7 3.589 
75.8 3.589 
75.9 3.589 
76.0 3.589 
76.1 3.589 
76.2 3.589 
76.3 3.589 
76.4 3.589 
76.5 3.589 
76.6 3.589 
76.7 3.589 
76.8 3.589 
76.9 3.589 
77.0 3.589 
77.1 3.589 
77.2 3.589 
77.3 3.589 
77.4 3.589 
77.5 3.589 
77.6 3.589 
77.7 3.589 
77.8 3.589 
77.9 3.589 
78.0 3.589 
78.1 3.589 
78.2 3.589 
78.3 3.589 
78.4 3.589 
78.5 3.589 
78.6 3.589 
78.7 3.589 
78.8 3.589 
78.9 3.589 
79.0 3.589 
79.1 3.589 
79.2 3.589 
79.3 3.589 
79.4 3.589 
79.5 3.589 
79.6 3.589 
79.7 3.589 
79.8 3.589 
79.9 3.589 
80.0 3.589 
80.1 3.589 
80.2 3.589 
80.3 3.589 
80.4 3.589 
80.5 3.589 
80.6 3.589 
80.7 3.589 
80.8 3.589 
80.9 3.589 
81.0 3.589 
81.1 3.589 
81.2 3.589 
81.3 3.589 
81.4 3.589 
81.5 3.589 
81.6 3.589 
81.7 3.589 
81.8 3.589 
81.9 3.589 
82.0 3.589 
82.1 3.589 
82.2 3.589 
82.3 3.589 
82.4 3.589 
82.5 3.589 
82.6 3.589 
82.7 3.589 
82.8 3.589 
82.9 3.589 
83.0 3.589 
83.1 3.589 
83.2 3.589 
83.3 3.589 
83.4 3.589 
83.5 3.589 
83.6 3.589 
83.7 3.589 
83.8 3.589 
83.9 3.589 
84.0 3.589 
84.1 3.589 
84.2 3.589 
84.3 3.589 
84.4 3.589 
84.5 3.589 
84.6 3.589 
84.7 3.589 
84.8 3.589 
84.9 3.589 
85.0 3.589 
85.1 3.589 
85.2 3.589 
85.3 3.589 
85.4 3.589 
85.5 3.589 
85.6 3.589 
85.7 3.589 
85.8 3.589 
85.9 3.589 
86.0 3.589 
86.1 3.589 
86.2 3.589 
86.3 3.589 
86.4 3.589 
86.5 3.589 
86.6 3.589 
86.7 3.589 
86.8 3.589 
86.9 3.589 
87.0 3.589 
87.1 3.589 
87.2 3.589 
87.3 3.589 
87.4 3.589 
87.5 3.589 
87.6 3.589 
87.7 3.589 
87.8 3.589 
87.9 3.589 
88.0 3.589 
88.1 3.589 
88.2 3.589 
88.3 3.589 
88.4 3.589 
88.5 3.589 
88.6 3.589 
88.7 3.589 
88.8 3.589 
88.9 3.589 
89.0 3.589 
89.1 3.589 
89.2 3.589 
89.3 3.589 
89.4 3.589 
89.5 3.589 
89.6 3.589 
89.7 3.589 
89.8 3.589 
89.9 3.589 
90.0 3.589 
90.1 3.589 
90.2 3.589 
90.3 3.589 
90.4 3.589 
90.5 3.589 
90.6 3.589 
90.7 3.589 
90.8 3.589 
90.9 3.589 
91.0 3.589 
91.1 3.589 
91.2 3.589 
91.3 3.589 
91.4 3.589 
91.5 3.589 
91.6 3.589 
91.7 3.589 
91.8 3.589 
91.9 3.589 
92.0 3.589 
92.1 3.589 
92.2 3.589 
92.3 3.589 
92.4 3.589 
92.5 3.589 
92.6 3.589 
92.7 3.589 
92.8 3.589 
92.9 3.589 
93.0 3.589 
93.1 3.589 
93.2 3.589 
93.3 3.589 
93.4 3.589 
93.5 3.589 
93.6 3.589 
93.7 3.589 
93.8 3.589 
93.9 3.589 
94.0 3.589 
94.1 3.589 
94.2 3.589 
94.3 3.589 
94.4 3.589 
94.5 3.589 
94.6 3.589 
94.7 3.589 
94.8 3.589 
94.9 3.589 
95.0 3.589 
95.1 3.589 
95.2 3.589 
95.3 3.589 
95.4 3.589 
95.5 3.589 
95.6 3.589 
95.7 3.589 
95.8 3.589 
95.9 3.589 
96.0 3.589 
96.1 3.589 
96.2 3.589 
96.3 3.589 
96.4 3.589 
96.5 3.589 
96.6 3.589 
96.7 3.589 
96.8 3.589 
96.9 3.589 
97.0 3.589 
97.1 3.589 
97.2 3.589 
97.3 3.589 
97.4 3.589 
97.5 3.589 
97.6 3.589 
97.7 3.589 
97.8 3.589 
97.9 3.589 
98.0 3.589 
98.1 3.589 
98.2 3.589 
98.3 3.589 
98.4 3.589 
98.5 3.589 
98.6 3.589 
98.7 3.589 
98.8 3.589 
98.9 3.589 
99.0 3.589 
99.1 3.589 
99.2 3.589 
99.3 3.589 
99.4 3.589 
99.5 3.589 
99.6 3.589 
99.7 3.589 
99.8 3.589 
99.9 3.589 
