0.0 0.031 
0.1 0.038 
0.2 0.04 
0.3 0.042 
0.4 0.043 
0.5 0.044 
0.6 0.046 
0.7 0.047 
0.8 0.049 
0.9 0.05 
1.0 0.052 
1.1 0.053 
1.2 0.055 
1.3 0.057 
1.4 0.059 
1.5 0.061 
1.6 0.062 
1.7 0.064 
1.8 0.067 
1.9 0.069 
2.0 0.071 
2.1 0.073 
2.2 0.075 
2.3 0.078 
2.4 0.08 
2.5 0.083 
2.6 0.085 
2.7 0.088 
2.8 0.091 
2.9 0.094 
3.0 0.097 
3.1 0.1 
3.2 0.103 
3.3 0.106 
3.4 0.11 
3.5 0.113 
3.6 0.116 
3.7 0.12 
3.8 0.124 
3.9 0.128 
4.0 0.132 
4.1 0.136 
4.2 0.14 
4.3 0.144 
4.4 0.149 
4.5 0.153 
4.6 0.158 
4.7 0.163 
4.8 0.168 
4.9 0.173 
5.0 0.178 
5.1 0.184 
5.2 0.189 
5.3 0.195 
5.4 0.201 
5.5 0.207 
5.6 0.213 
5.7 0.22 
5.8 0.226 
5.9 0.233 
6.0 0.24 
6.1 0.247 
6.2 0.254 
6.3 0.262 
6.4 0.27 
6.5 0.278 
6.6 0.286 
6.7 0.294 
6.8 0.303 
6.9 0.311 
7.0 0.32 
7.1 0.33 
7.2 0.339 
7.3 0.349 
7.4 0.359 
7.5 0.369 
7.6 0.379 
7.7 0.39 
7.8 0.401 
7.9 0.412 
8.0 0.423 
8.1 0.435 
8.2 0.447 
8.3 0.459 
8.4 0.472 
8.5 0.484 
8.6 0.498 
8.7 0.511 
8.8 0.524 
8.9 0.538 
9.0 0.553 
9.1 0.567 
9.2 0.582 
9.3 0.597 
9.4 0.612 
9.5 0.628 
9.6 0.644 
9.7 0.66 
9.8 0.677 
9.9 0.693 
10.0 0.71 
10.1 0.728 
10.2 0.746 
10.3 0.764 
10.4 0.782 
10.5 0.801 
10.6 0.82 
10.7 0.839 
10.8 0.858 
10.9 0.878 
11.0 0.898 
11.1 0.919 
11.2 0.939 
11.3 0.96 
11.4 0.981 
11.5 1.003 
11.6 1.025 
11.7 1.047 
11.8 1.069 
11.9 1.091 
12.0 1.114 
12.1 1.137 
12.2 1.16 
12.3 1.184 
12.4 1.208 
12.5 1.232 
12.6 1.256 
12.7 1.28 
12.8 1.305 
12.9 1.33 
13.0 1.354 
13.1 1.38 
13.2 1.405 
13.3 1.43 
13.4 1.456 
13.5 1.482 
13.6 1.508 
13.7 1.534 
13.8 1.56 
13.9 1.587 
14.0 1.613 
14.1 1.64 
14.2 1.666 
14.3 1.693 
14.4 1.72 
14.5 1.747 
14.6 1.774 
14.7 1.801 
14.8 1.828 
14.9 1.855 
15.0 1.882 
15.1 1.909 
15.2 1.936 
15.3 1.963 
15.4 1.99 
15.5 2.018 
15.6 2.045 
15.7 2.072 
15.8 2.099 
15.9 2.126 
16.0 2.153 
16.1 2.18 
16.2 2.206 
16.3 2.233 
16.4 2.26 
16.5 2.286 
16.6 2.313 
16.7 2.339 
16.8 2.366 
16.9 2.392 
17.0 2.418 
17.1 2.444 
17.2 2.47 
17.3 2.495 
17.4 2.521 
17.5 2.546 
17.6 2.571 
17.7 2.596 
17.8 2.621 
17.9 2.646 
18.0 2.67 
18.1 2.695 
18.2 2.719 
18.3 2.743 
18.4 2.767 
18.5 2.79 
18.6 2.814 
18.7 2.837 
18.8 2.86 
18.9 2.883 
19.0 2.906 
19.1 2.928 
19.2 2.95 
19.3 2.972 
19.4 2.994 
19.5 3.016 
19.6 3.037 
19.7 3.058 
19.8 3.079 
19.9 3.1 
20.0 3.12 
20.1 3.14 
20.2 3.16 
20.3 3.18 
20.4 3.2 
20.5 3.219 
20.6 3.238 
20.7 3.257 
20.8 3.276 
20.9 3.294 
21.0 3.313 
21.1 3.331 
21.2 3.348 
21.3 3.366 
21.4 3.383 
21.5 3.4 
21.6 3.417 
21.7 3.434 
21.8 3.45 
21.9 3.466 
22.0 3.482 
22.1 3.498 
22.2 3.514 
22.3 3.529 
22.4 3.544 
22.5 3.559 
22.6 3.574 
22.7 3.589 
22.8 3.603 
22.9 3.617 
23.0 3.631 
23.1 3.644 
23.2 3.658 
23.3 3.671 
23.4 3.684 
23.5 3.697 
23.6 3.71 
23.7 3.722 
23.8 3.735 
23.9 3.747 
24.0 3.759 
24.1 3.771 
24.2 3.782 
24.3 3.794 
24.4 3.805 
24.5 3.816 
24.6 3.827 
24.7 3.837 
24.8 3.848 
24.9 3.858 
25.0 3.868 
25.1 3.878 
25.2 3.888 
25.3 3.898 
25.4 3.908 
25.5 3.917 
25.6 3.926 
25.7 3.935 
25.8 3.944 
25.9 3.953 
26.0 3.962 
26.1 3.97 
26.2 3.978 
26.3 3.987 
26.4 3.995 
26.5 4.003 
26.6 4.01 
26.7 4.018 
26.8 4.026 
26.9 4.033 
27.0 4.04 
27.1 4.047 
27.2 4.054 
27.3 4.061 
27.4 4.068 
27.5 4.075 
27.6 4.081 
27.7 4.088 
27.8 4.094 
27.9 4.1 
28.0 4.106 
28.1 4.112 
28.2 4.118 
28.3 4.124 
28.4 4.13 
28.5 4.135 
28.6 4.141 
28.7 4.146 
28.8 4.151 
28.9 4.157 
29.0 4.162 
29.1 4.167 
29.2 4.172 
29.3 4.176 
29.4 4.181 
29.5 4.186 
29.6 4.19 
29.7 4.195 
29.8 4.199 
29.9 4.204 
30.0 4.208 
30.1 4.212 
30.2 4.216 
30.3 4.22 
30.4 4.224 
30.5 4.228 
30.6 4.232 
30.7 4.235 
30.8 4.239 
30.9 4.243 
31.0 4.246 
31.1 4.25 
31.2 4.253 
31.3 4.256 
31.4 4.26 
31.5 4.263 
31.6 4.266 
31.7 4.269 
31.8 4.272 
31.9 4.275 
32.0 4.278 
32.1 4.281 
32.2 4.284 
32.3 4.287 
32.4 4.289 
32.5 4.292 
32.6 4.294 
32.7 4.297 
32.8 4.3 
32.9 4.302 
33.0 4.304 
33.1 4.307 
33.2 4.309 
33.3 4.311 
33.4 4.314 
33.5 4.316 
33.6 4.318 
33.7 4.32 
33.8 4.322 
33.9 4.324 
34.0 4.326 
34.1 4.328 
34.2 4.33 
34.3 4.332 
34.4 4.334 
34.5 4.336 
34.6 4.337 
34.7 4.339 
34.8 4.341 
34.9 4.343 
35.0 4.344 
35.1 4.346 
35.2 4.347 
35.3 4.349 
35.4 4.351 
35.5 4.352 
35.6 4.354 
35.7 4.355 
35.8 4.356 
35.9 4.358 
36.0 4.359 
36.1 4.36 
36.2 4.362 
36.3 4.363 
36.4 4.364 
36.5 4.366 
36.6 4.367 
36.7 4.368 
36.8 4.369 
36.9 4.37 
37.0 4.371 
37.1 4.372 
37.2 4.374 
37.3 4.375 
37.4 4.376 
37.5 4.377 
37.6 4.378 
37.7 4.379 
37.8 4.38 
37.9 4.381 
38.0 4.381 
38.1 4.382 
38.2 4.383 
38.3 4.384 
38.4 4.385 
38.5 4.386 
38.6 4.387 
38.7 4.387 
38.8 4.388 
38.9 4.389 
39.0 4.39 
39.1 4.391 
39.2 4.391 
39.3 4.392 
39.4 4.393 
39.5 4.393 
39.6 4.394 
39.7 4.395 
39.8 4.395 
39.9 4.396 
40.0 4.397 
40.1 4.397 
40.2 4.398 
40.3 4.398 
40.4 4.399 
40.5 4.4 
40.6 4.4 
40.7 4.401 
40.8 4.401 
40.9 4.402 
41.0 4.402 
41.1 4.403 
41.2 4.403 
41.3 4.404 
41.4 4.404 
41.5 4.405 
41.6 4.405 
41.7 4.406 
41.8 4.406 
41.9 4.406 
42.0 4.407 
42.1 4.407 
42.2 4.408 
42.3 4.408 
42.4 4.408 
42.5 4.409 
42.6 4.409 
42.7 4.41 
42.8 4.41 
42.9 4.41 
43.0 4.411 
43.1 4.411 
43.2 4.411 
43.3 4.412 
43.4 4.412 
43.5 4.412 
43.6 4.413 
43.7 4.413 
43.8 4.413 
43.9 4.413 
44.0 4.414 
44.1 4.414 
44.2 4.414 
44.3 4.415 
44.4 4.415 
44.5 4.415 
44.6 4.415 
44.7 4.416 
44.8 4.416 
44.9 4.416 
45.0 4.416 
45.1 4.417 
45.2 4.417 
45.3 4.417 
45.4 4.417 
45.5 4.417 
45.6 4.418 
45.7 4.418 
45.8 4.418 
45.9 4.418 
46.0 4.418 
46.1 4.419 
46.2 4.419 
46.3 4.419 
46.4 4.419 
46.5 4.419 
46.6 4.419 
46.7 4.42 
46.8 4.42 
46.9 4.42 
47.0 4.42 
47.1 4.42 
47.2 4.42 
47.3 4.421 
47.4 4.421 
47.5 4.421 
47.6 4.421 
47.7 4.421 
47.8 4.421 
47.9 4.421 
48.0 4.422 
48.1 4.422 
48.2 4.422 
48.3 4.422 
48.4 4.422 
48.5 4.422 
48.6 4.422 
48.7 4.422 
48.8 4.423 
48.9 4.423 
49.0 4.423 
49.1 4.423 
49.2 4.423 
49.3 4.423 
49.4 4.423 
49.5 4.423 
49.6 4.423 
49.7 4.423 
49.8 4.424 
49.9 4.424 
50.0 4.424 
50.1 4.424 
50.2 4.424 
50.3 4.424 
50.4 4.424 
50.5 4.424 
50.6 4.424 
50.7 4.424 
50.8 4.424 
50.9 4.424 
51.0 4.424 
51.1 4.425 
51.2 4.425 
51.3 4.425 
51.4 4.425 
51.5 4.425 
51.6 4.425 
51.7 4.425 
51.8 4.425 
51.9 4.425 
52.0 4.425 
52.1 4.425 
52.2 4.425 
52.3 4.425 
52.4 4.425 
52.5 4.425 
52.6 4.425 
52.7 4.426 
52.8 4.426 
52.9 4.426 
53.0 4.426 
53.1 4.426 
53.2 4.426 
53.3 4.426 
53.4 4.426 
53.5 4.426 
53.6 4.426 
53.7 4.426 
53.8 4.426 
53.9 4.426 
54.0 4.426 
54.1 4.426 
54.2 4.426 
54.3 4.426 
54.4 4.426 
54.5 4.426 
54.6 4.426 
54.7 4.426 
54.8 4.426 
54.9 4.426 
55.0 4.426 
55.1 4.426 
55.2 4.427 
55.3 4.427 
55.4 4.427 
55.5 4.427 
55.6 4.427 
55.7 4.427 
55.8 4.427 
55.9 4.427 
56.0 4.427 
56.1 4.427 
56.2 4.427 
56.3 4.427 
56.4 4.427 
56.5 4.427 
56.6 4.427 
56.7 4.427 
56.8 4.427 
56.9 4.427 
57.0 4.427 
57.1 4.427 
57.2 4.427 
57.3 4.427 
57.4 4.427 
57.5 4.427 
57.6 4.427 
57.7 4.427 
57.8 4.427 
57.9 4.427 
58.0 4.427 
58.1 4.427 
58.2 4.427 
58.3 4.427 
58.4 4.427 
58.5 4.427 
58.6 4.427 
58.7 4.427 
58.8 4.427 
58.9 4.427 
59.0 4.427 
59.1 4.427 
59.2 4.427 
59.3 4.427 
59.4 4.427 
59.5 4.427 
59.6 4.427 
59.7 4.427 
59.8 4.427 
59.9 4.427 
60.0 4.427 
60.1 4.427 
60.2 4.428 
60.3 4.428 
60.4 4.428 
60.5 4.428 
60.6 4.428 
60.7 4.428 
60.8 4.428 
60.9 4.428 
61.0 4.428 
61.1 4.428 
61.2 4.428 
61.3 4.428 
61.4 4.428 
61.5 4.428 
61.6 4.428 
61.7 4.428 
61.8 4.428 
61.9 4.428 
62.0 4.428 
62.1 4.428 
62.2 4.428 
62.3 4.428 
62.4 4.428 
62.5 4.428 
62.6 4.428 
62.7 4.428 
62.8 4.428 
62.9 4.428 
63.0 4.428 
63.1 4.428 
63.2 4.428 
63.3 4.428 
63.4 4.428 
63.5 4.428 
63.6 4.428 
63.7 4.428 
63.8 4.428 
63.9 4.428 
64.0 4.428 
64.1 4.428 
64.2 4.428 
64.3 4.428 
64.4 4.428 
64.5 4.428 
64.6 4.428 
64.7 4.428 
64.8 4.428 
64.9 4.428 
65.0 4.428 
65.1 4.428 
65.2 4.428 
65.3 4.428 
65.4 4.428 
65.5 4.428 
65.6 4.428 
65.7 4.428 
65.8 4.428 
65.9 4.428 
66.0 4.428 
66.1 4.428 
66.2 4.428 
66.3 4.428 
66.4 4.428 
66.5 4.428 
66.6 4.428 
66.7 4.428 
66.8 4.428 
66.9 4.428 
67.0 4.428 
67.1 4.428 
67.2 4.428 
67.3 4.428 
67.4 4.428 
67.5 4.428 
67.6 4.428 
67.7 4.428 
67.8 4.428 
67.9 4.428 
68.0 4.428 
68.1 4.428 
68.2 4.428 
68.3 4.428 
68.4 4.428 
68.5 4.428 
68.6 4.428 
68.7 4.428 
68.8 4.428 
68.9 4.428 
69.0 4.428 
69.1 4.428 
69.2 4.428 
69.3 4.428 
69.4 4.428 
69.5 4.428 
69.6 4.428 
69.7 4.428 
69.8 4.428 
69.9 4.428 
70.0 4.428 
70.1 4.428 
70.2 4.428 
70.3 4.428 
70.4 4.428 
70.5 4.428 
70.6 4.428 
70.7 4.428 
70.8 4.428 
70.9 4.428 
71.0 4.428 
71.1 4.428 
71.2 4.428 
71.3 4.428 
71.4 4.428 
71.5 4.428 
71.6 4.428 
71.7 4.428 
71.8 4.428 
71.9 4.428 
72.0 4.428 
72.1 4.428 
72.2 4.428 
72.3 4.428 
72.4 4.428 
72.5 4.428 
72.6 4.428 
72.7 4.428 
72.8 4.428 
72.9 4.428 
73.0 4.428 
73.1 4.428 
73.2 4.428 
73.3 4.428 
73.4 4.428 
73.5 4.428 
73.6 4.428 
73.7 4.428 
73.8 4.428 
73.9 4.428 
74.0 4.428 
74.1 4.428 
74.2 4.428 
74.3 4.428 
74.4 4.428 
74.5 4.428 
74.6 4.428 
74.7 4.428 
74.8 4.428 
74.9 4.428 
75.0 4.428 
75.1 4.428 
75.2 4.428 
75.3 4.428 
75.4 4.428 
75.5 4.428 
75.6 4.428 
75.7 4.428 
75.8 4.428 
75.9 4.428 
76.0 4.428 
76.1 4.428 
76.2 4.428 
76.3 4.428 
76.4 4.428 
76.5 4.428 
76.6 4.428 
76.7 4.428 
76.8 4.428 
76.9 4.428 
77.0 4.428 
77.1 4.428 
77.2 4.428 
77.3 4.428 
77.4 4.428 
77.5 4.428 
77.6 4.428 
77.7 4.428 
77.8 4.428 
77.9 4.428 
78.0 4.428 
78.1 4.428 
78.2 4.428 
78.3 4.428 
78.4 4.428 
78.5 4.428 
78.6 4.428 
78.7 4.428 
78.8 4.428 
78.9 4.428 
79.0 4.428 
79.1 4.428 
79.2 4.428 
79.3 4.428 
79.4 4.428 
79.5 4.428 
79.6 4.428 
79.7 4.428 
79.8 4.428 
79.9 4.428 
80.0 4.428 
80.1 4.428 
80.2 4.428 
80.3 4.428 
80.4 4.428 
80.5 4.428 
80.6 4.428 
80.7 4.428 
80.8 4.428 
80.9 4.428 
81.0 4.428 
81.1 4.428 
81.2 4.428 
81.3 4.428 
81.4 4.428 
81.5 4.428 
81.6 4.428 
81.7 4.428 
81.8 4.428 
81.9 4.428 
82.0 4.428 
82.1 4.428 
82.2 4.428 
82.3 4.428 
82.4 4.428 
82.5 4.428 
82.6 4.428 
82.7 4.428 
82.8 4.428 
82.9 4.428 
83.0 4.428 
83.1 4.428 
83.2 4.428 
83.3 4.428 
83.4 4.428 
83.5 4.428 
83.6 4.428 
83.7 4.428 
83.8 4.428 
83.9 4.428 
84.0 4.428 
84.1 4.428 
84.2 4.428 
84.3 4.428 
84.4 4.428 
84.5 4.428 
84.6 4.428 
84.7 4.428 
84.8 4.428 
84.9 4.428 
85.0 4.428 
85.1 4.428 
85.2 4.428 
85.3 4.428 
85.4 4.428 
85.5 4.428 
85.6 4.428 
85.7 4.428 
85.8 4.428 
85.9 4.428 
86.0 4.428 
86.1 4.428 
86.2 4.428 
86.3 4.428 
86.4 4.428 
86.5 4.428 
86.6 4.428 
86.7 4.428 
86.8 4.428 
86.9 4.428 
87.0 4.428 
87.1 4.428 
87.2 4.428 
87.3 4.428 
87.4 4.428 
87.5 4.428 
87.6 4.428 
87.7 4.428 
87.8 4.428 
87.9 4.428 
88.0 4.428 
88.1 4.428 
88.2 4.428 
88.3 4.428 
88.4 4.428 
88.5 4.428 
88.6 4.428 
88.7 4.428 
88.8 4.428 
88.9 4.428 
89.0 4.428 
89.1 4.428 
89.2 4.428 
89.3 4.428 
89.4 4.428 
89.5 4.428 
89.6 4.428 
89.7 4.428 
89.8 4.428 
89.9 4.428 
90.0 4.428 
90.1 4.428 
90.2 4.428 
90.3 4.428 
90.4 4.428 
90.5 4.428 
90.6 4.428 
90.7 4.428 
90.8 4.428 
90.9 4.428 
91.0 4.428 
91.1 4.428 
91.2 4.428 
91.3 4.428 
91.4 4.428 
91.5 4.428 
91.6 4.428 
91.7 4.428 
91.8 4.428 
91.9 4.428 
92.0 4.428 
92.1 4.428 
92.2 4.428 
92.3 4.428 
92.4 4.428 
92.5 4.428 
92.6 4.428 
92.7 4.428 
92.8 4.428 
92.9 4.428 
93.0 4.428 
93.1 4.428 
93.2 4.428 
93.3 4.428 
93.4 4.428 
93.5 4.428 
93.6 4.428 
93.7 4.428 
93.8 4.428 
93.9 4.428 
94.0 4.428 
94.1 4.428 
94.2 4.428 
94.3 4.428 
94.4 4.428 
94.5 4.428 
94.6 4.428 
94.7 4.428 
94.8 4.428 
94.9 4.428 
95.0 4.428 
95.1 4.428 
95.2 4.428 
95.3 4.428 
95.4 4.428 
95.5 4.428 
95.6 4.428 
95.7 4.428 
95.8 4.428 
95.9 4.428 
96.0 4.428 
96.1 4.428 
96.2 4.428 
96.3 4.428 
96.4 4.428 
96.5 4.428 
96.6 4.428 
96.7 4.428 
96.8 4.428 
96.9 4.428 
97.0 4.428 
97.1 4.428 
97.2 4.428 
97.3 4.428 
97.4 4.428 
97.5 4.428 
97.6 4.428 
97.7 4.428 
97.8 4.428 
97.9 4.428 
98.0 4.428 
98.1 4.428 
98.2 4.428 
98.3 4.428 
98.4 4.428 
98.5 4.428 
98.6 4.428 
98.7 4.428 
98.8 4.428 
98.9 4.428 
99.0 4.428 
99.1 4.428 
99.2 4.428 
99.3 4.428 
99.4 4.428 
99.5 4.428 
99.6 4.428 
99.7 4.428 
99.8 4.428 
99.9 4.428 
