0.0 0.03 
0.1 0.033 
0.2 0.035 
0.3 0.037 
0.4 0.039 
0.5 0.042 
0.6 0.044 
0.7 0.046 
0.8 0.048 
0.9 0.05 
1.0 0.052 
1.1 0.054 
1.2 0.057 
1.3 0.059 
1.4 0.062 
1.5 0.064 
1.6 0.067 
1.7 0.07 
1.8 0.073 
1.9 0.076 
2.0 0.079 
2.1 0.082 
2.2 0.086 
2.3 0.09 
2.4 0.093 
2.5 0.097 
2.6 0.101 
2.7 0.105 
2.8 0.11 
2.9 0.114 
3.0 0.119 
3.1 0.124 
3.2 0.129 
3.3 0.134 
3.4 0.139 
3.5 0.145 
3.6 0.15 
3.7 0.156 
3.8 0.162 
3.9 0.169 
4.0 0.175 
4.1 0.182 
4.2 0.189 
4.3 0.196 
4.4 0.204 
4.5 0.211 
4.6 0.219 
4.7 0.227 
4.8 0.235 
4.9 0.244 
5.0 0.253 
5.1 0.262 
5.2 0.271 
5.3 0.281 
5.4 0.291 
5.5 0.301 
5.6 0.311 
5.7 0.322 
5.8 0.333 
5.9 0.344 
6.0 0.355 
6.1 0.367 
6.2 0.379 
6.3 0.391 
6.4 0.403 
6.5 0.416 
6.6 0.429 
6.7 0.442 
6.8 0.456 
6.9 0.469 
7.0 0.483 
7.1 0.498 
7.2 0.512 
7.3 0.527 
7.4 0.542 
7.5 0.557 
7.6 0.573 
7.7 0.588 
7.8 0.604 
7.9 0.62 
8.0 0.637 
8.1 0.653 
8.2 0.67 
8.3 0.687 
8.4 0.704 
8.5 0.721 
8.6 0.739 
8.7 0.757 
8.8 0.774 
8.9 0.793 
9.0 0.811 
9.1 0.829 
9.2 0.848 
9.3 0.866 
9.4 0.885 
9.5 0.904 
9.6 0.923 
9.7 0.942 
9.8 0.961 
9.9 0.981 
10.0 1.0 
10.1 1.02 
10.2 1.039 
10.3 1.059 
10.4 1.079 
10.5 1.099 
10.6 1.119 
10.7 1.139 
10.8 1.159 
10.9 1.179 
11.0 1.199 
11.1 1.219 
11.2 1.239 
11.3 1.259 
11.4 1.279 
11.5 1.299 
11.6 1.319 
11.7 1.34 
11.8 1.36 
11.9 1.38 
12.0 1.4 
12.1 1.42 
12.2 1.44 
12.3 1.46 
12.4 1.48 
12.5 1.5 
12.6 1.519 
12.7 1.539 
12.8 1.559 
12.9 1.579 
13.0 1.598 
13.1 1.618 
13.2 1.637 
13.3 1.656 
13.4 1.676 
13.5 1.695 
13.6 1.714 
13.7 1.733 
13.8 1.752 
13.9 1.77 
14.0 1.789 
14.1 1.808 
14.2 1.826 
14.3 1.844 
14.4 1.863 
14.5 1.881 
14.6 1.899 
14.7 1.917 
14.8 1.934 
14.9 1.952 
15.0 1.97 
15.1 1.987 
15.2 2.004 
15.3 2.021 
15.4 2.038 
15.5 2.055 
15.6 2.072 
15.7 2.088 
15.8 2.105 
15.9 2.121 
16.0 2.137 
16.1 2.153 
16.2 2.169 
16.3 2.185 
16.4 2.201 
16.5 2.216 
16.6 2.232 
16.7 2.247 
16.8 2.262 
16.9 2.277 
17.0 2.292 
17.1 2.306 
17.2 2.321 
17.3 2.335 
17.4 2.349 
17.5 2.363 
17.6 2.377 
17.7 2.391 
17.8 2.405 
17.9 2.418 
18.0 2.431 
18.1 2.445 
18.2 2.458 
18.3 2.471 
18.4 2.483 
18.5 2.496 
18.6 2.509 
18.7 2.521 
18.8 2.533 
18.9 2.545 
19.0 2.557 
19.1 2.569 
19.2 2.581 
19.3 2.592 
19.4 2.604 
19.5 2.615 
19.6 2.626 
19.7 2.637 
19.8 2.648 
19.9 2.659 
20.0 2.669 
20.1 2.68 
20.2 2.69 
20.3 2.701 
20.4 2.711 
20.5 2.721 
20.6 2.731 
20.7 2.74 
20.8 2.75 
20.9 2.76 
21.0 2.769 
21.1 2.778 
21.2 2.788 
21.3 2.797 
21.4 2.806 
21.5 2.814 
21.6 2.823 
21.7 2.832 
21.8 2.84 
21.9 2.849 
22.0 2.857 
22.1 2.865 
22.2 2.873 
22.3 2.881 
22.4 2.889 
22.5 2.897 
22.6 2.904 
22.7 2.912 
22.8 2.919 
22.9 2.927 
23.0 2.934 
23.1 2.941 
23.2 2.948 
23.3 2.955 
23.4 2.962 
23.5 2.969 
23.6 2.975 
23.7 2.982 
23.8 2.988 
23.9 2.995 
24.0 3.001 
24.1 3.007 
24.2 3.014 
24.3 3.02 
24.4 3.026 
24.5 3.032 
24.6 3.037 
24.7 3.043 
24.8 3.049 
24.9 3.054 
25.0 3.06 
25.1 3.065 
25.2 3.071 
25.3 3.076 
25.4 3.081 
25.5 3.086 
25.6 3.091 
25.7 3.096 
25.8 3.101 
25.9 3.106 
26.0 3.111 
26.1 3.116 
26.2 3.12 
26.3 3.125 
26.4 3.129 
26.5 3.134 
26.6 3.138 
26.7 3.142 
26.8 3.147 
26.9 3.151 
27.0 3.155 
27.1 3.159 
27.2 3.163 
27.3 3.167 
27.4 3.171 
27.5 3.175 
27.6 3.179 
27.7 3.182 
27.8 3.186 
27.9 3.19 
28.0 3.193 
28.1 3.197 
28.2 3.2 
28.3 3.204 
28.4 3.207 
28.5 3.21 
28.6 3.214 
28.7 3.217 
28.8 3.22 
28.9 3.223 
29.0 3.226 
29.1 3.229 
29.2 3.232 
29.3 3.235 
29.4 3.238 
29.5 3.241 
29.6 3.244 
29.7 3.247 
29.8 3.249 
29.9 3.252 
30.0 3.255 
30.1 3.257 
30.2 3.26 
30.3 3.263 
30.4 3.265 
30.5 3.267 
30.6 3.27 
30.7 3.272 
30.8 3.275 
30.9 3.277 
31.0 3.279 
31.1 3.282 
31.2 3.284 
31.3 3.286 
31.4 3.288 
31.5 3.29 
31.6 3.292 
31.7 3.294 
31.8 3.296 
31.9 3.298 
32.0 3.3 
32.1 3.302 
32.2 3.304 
32.3 3.306 
32.4 3.308 
32.5 3.31 
32.6 3.312 
32.7 3.313 
32.8 3.315 
32.9 3.317 
33.0 3.318 
33.1 3.32 
33.2 3.322 
33.3 3.323 
33.4 3.325 
33.5 3.327 
33.6 3.328 
33.7 3.33 
33.8 3.331 
33.9 3.333 
34.0 3.334 
34.1 3.335 
34.2 3.337 
34.3 3.338 
34.4 3.34 
34.5 3.341 
34.6 3.342 
34.7 3.344 
34.8 3.345 
34.9 3.346 
35.0 3.347 
35.1 3.349 
35.2 3.35 
35.3 3.351 
35.4 3.352 
35.5 3.353 
35.6 3.354 
35.7 3.356 
35.8 3.357 
35.9 3.358 
36.0 3.359 
36.1 3.36 
36.2 3.361 
36.3 3.362 
36.4 3.363 
36.5 3.364 
36.6 3.365 
36.7 3.366 
36.8 3.367 
36.9 3.368 
37.0 3.369 
37.1 3.37 
37.2 3.37 
37.3 3.371 
37.4 3.372 
37.5 3.373 
37.6 3.374 
37.7 3.375 
37.8 3.375 
37.9 3.376 
38.0 3.377 
38.1 3.378 
38.2 3.379 
38.3 3.379 
38.4 3.38 
38.5 3.381 
38.6 3.381 
38.7 3.382 
38.8 3.383 
38.9 3.384 
39.0 3.384 
39.1 3.385 
39.2 3.386 
39.3 3.386 
39.4 3.387 
39.5 3.387 
39.6 3.388 
39.7 3.389 
39.8 3.389 
39.9 3.39 
40.0 3.39 
40.1 3.391 
40.2 3.392 
40.3 3.392 
40.4 3.393 
40.5 3.393 
40.6 3.394 
40.7 3.394 
40.8 3.395 
40.9 3.395 
41.0 3.396 
41.1 3.396 
41.2 3.397 
41.3 3.397 
41.4 3.398 
41.5 3.398 
41.6 3.398 
41.7 3.399 
41.8 3.399 
41.9 3.4 
42.0 3.4 
42.1 3.401 
42.2 3.401 
42.3 3.401 
42.4 3.402 
42.5 3.402 
42.6 3.403 
42.7 3.403 
42.8 3.403 
42.9 3.404 
43.0 3.404 
43.1 3.404 
43.2 3.405 
43.3 3.405 
43.4 3.405 
43.5 3.406 
43.6 3.406 
43.7 3.406 
43.8 3.407 
43.9 3.407 
44.0 3.407 
44.1 3.408 
44.2 3.408 
44.3 3.408 
44.4 3.409 
44.5 3.409 
44.6 3.409 
44.7 3.409 
44.8 3.41 
44.9 3.41 
45.0 3.41 
45.1 3.41 
45.2 3.411 
45.3 3.411 
45.4 3.411 
45.5 3.411 
45.6 3.412 
45.7 3.412 
45.8 3.412 
45.9 3.412 
46.0 3.413 
46.1 3.413 
46.2 3.413 
46.3 3.413 
46.4 3.413 
46.5 3.414 
46.6 3.414 
46.7 3.414 
46.8 3.414 
46.9 3.415 
47.0 3.415 
47.1 3.415 
47.2 3.415 
47.3 3.415 
47.4 3.415 
47.5 3.416 
47.6 3.416 
47.7 3.416 
47.8 3.416 
47.9 3.416 
48.0 3.416 
48.1 3.417 
48.2 3.417 
48.3 3.417 
48.4 3.417 
48.5 3.417 
48.6 3.417 
48.7 3.418 
48.8 3.418 
48.9 3.418 
49.0 3.418 
49.1 3.418 
49.2 3.418 
49.3 3.418 
49.4 3.419 
49.5 3.419 
49.6 3.419 
49.7 3.419 
49.8 3.419 
49.9 3.419 
50.0 3.419 
50.1 3.419 
50.2 3.42 
50.3 3.42 
50.4 3.42 
50.5 3.42 
50.6 3.42 
50.7 3.42 
50.8 3.42 
50.9 3.42 
51.0 3.42 
51.1 3.42 
51.2 3.421 
51.3 3.421 
51.4 3.421 
51.5 3.421 
51.6 3.421 
51.7 3.421 
51.8 3.421 
51.9 3.421 
52.0 3.421 
52.1 3.421 
52.2 3.422 
52.3 3.422 
52.4 3.422 
52.5 3.422 
52.6 3.422 
52.7 3.422 
52.8 3.422 
52.9 3.422 
53.0 3.422 
53.1 3.422 
53.2 3.422 
53.3 3.422 
53.4 3.422 
53.5 3.423 
53.6 3.423 
53.7 3.423 
53.8 3.423 
53.9 3.423 
54.0 3.423 
54.1 3.423 
54.2 3.423 
54.3 3.423 
54.4 3.423 
54.5 3.423 
54.6 3.423 
54.7 3.423 
54.8 3.423 
54.9 3.423 
55.0 3.423 
55.1 3.423 
55.2 3.424 
55.3 3.424 
55.4 3.424 
55.5 3.424 
55.6 3.424 
55.7 3.424 
55.8 3.424 
55.9 3.424 
56.0 3.424 
56.1 3.424 
56.2 3.424 
56.3 3.424 
56.4 3.424 
56.5 3.424 
56.6 3.424 
56.7 3.424 
56.8 3.424 
56.9 3.424 
57.0 3.424 
57.1 3.424 
57.2 3.424 
57.3 3.424 
57.4 3.425 
57.5 3.425 
57.6 3.425 
57.7 3.425 
57.8 3.425 
57.9 3.425 
58.0 3.425 
58.1 3.425 
58.2 3.425 
58.3 3.425 
58.4 3.425 
58.5 3.425 
58.6 3.425 
58.7 3.425 
58.8 3.425 
58.9 3.425 
59.0 3.425 
59.1 3.425 
59.2 3.425 
59.3 3.425 
59.4 3.425 
59.5 3.425 
59.6 3.425 
59.7 3.425 
59.8 3.425 
59.9 3.425 
60.0 3.425 
60.1 3.425 
60.2 3.425 
60.3 3.425 
60.4 3.425 
60.5 3.425 
60.6 3.425 
60.7 3.425 
60.8 3.426 
60.9 3.426 
61.0 3.426 
61.1 3.426 
61.2 3.426 
61.3 3.426 
61.4 3.426 
61.5 3.426 
61.6 3.426 
61.7 3.426 
61.8 3.426 
61.9 3.426 
62.0 3.426 
62.1 3.426 
62.2 3.426 
62.3 3.426 
62.4 3.426 
62.5 3.426 
62.6 3.426 
62.7 3.426 
62.8 3.426 
62.9 3.426 
63.0 3.426 
63.1 3.426 
63.2 3.426 
63.3 3.426 
63.4 3.426 
63.5 3.426 
63.6 3.426 
63.7 3.426 
63.8 3.426 
63.9 3.426 
64.0 3.426 
64.1 3.426 
64.2 3.426 
64.3 3.426 
64.4 3.426 
64.5 3.426 
64.6 3.426 
64.7 3.426 
64.8 3.426 
64.9 3.426 
65.0 3.426 
65.1 3.426 
65.2 3.426 
65.3 3.426 
65.4 3.426 
65.5 3.426 
65.6 3.426 
65.7 3.426 
65.8 3.426 
65.9 3.426 
66.0 3.426 
66.1 3.426 
66.2 3.426 
66.3 3.426 
66.4 3.426 
66.5 3.426 
66.6 3.426 
66.7 3.426 
66.8 3.426 
66.9 3.426 
67.0 3.426 
67.1 3.426 
67.2 3.426 
67.3 3.426 
67.4 3.426 
67.5 3.426 
67.6 3.426 
67.7 3.426 
67.8 3.426 
67.9 3.426 
68.0 3.426 
68.1 3.426 
68.2 3.426 
68.3 3.426 
68.4 3.426 
68.5 3.426 
68.6 3.427 
68.7 3.427 
68.8 3.427 
68.9 3.427 
69.0 3.427 
69.1 3.427 
69.2 3.427 
69.3 3.427 
69.4 3.427 
69.5 3.427 
69.6 3.427 
69.7 3.427 
69.8 3.427 
69.9 3.427 
70.0 3.427 
70.1 3.427 
70.2 3.427 
70.3 3.427 
70.4 3.427 
70.5 3.427 
70.6 3.427 
70.7 3.427 
70.8 3.427 
70.9 3.427 
71.0 3.427 
71.1 3.427 
71.2 3.427 
71.3 3.427 
71.4 3.427 
71.5 3.427 
71.6 3.427 
71.7 3.427 
71.8 3.427 
71.9 3.427 
72.0 3.427 
72.1 3.427 
72.2 3.427 
72.3 3.427 
72.4 3.427 
72.5 3.427 
72.6 3.427 
72.7 3.427 
72.8 3.427 
72.9 3.427 
73.0 3.427 
73.1 3.427 
73.2 3.427 
73.3 3.427 
73.4 3.427 
73.5 3.427 
73.6 3.427 
73.7 3.427 
73.8 3.427 
73.9 3.427 
74.0 3.427 
74.1 3.427 
74.2 3.427 
74.3 3.427 
74.4 3.427 
74.5 3.427 
74.6 3.427 
74.7 3.427 
74.8 3.427 
74.9 3.427 
75.0 3.427 
75.1 3.427 
75.2 3.427 
75.3 3.427 
75.4 3.427 
75.5 3.427 
75.6 3.427 
75.7 3.427 
75.8 3.427 
75.9 3.427 
76.0 3.427 
76.1 3.427 
76.2 3.427 
76.3 3.427 
76.4 3.427 
76.5 3.427 
76.6 3.427 
76.7 3.427 
76.8 3.427 
76.9 3.427 
77.0 3.427 
77.1 3.427 
77.2 3.427 
77.3 3.427 
77.4 3.427 
77.5 3.427 
77.6 3.427 
77.7 3.427 
77.8 3.427 
77.9 3.427 
78.0 3.427 
78.1 3.427 
78.2 3.427 
78.3 3.427 
78.4 3.427 
78.5 3.427 
78.6 3.427 
78.7 3.427 
78.8 3.427 
78.9 3.427 
79.0 3.427 
79.1 3.427 
79.2 3.427 
79.3 3.427 
79.4 3.427 
79.5 3.427 
79.6 3.427 
79.7 3.427 
79.8 3.427 
79.9 3.427 
80.0 3.427 
80.1 3.427 
80.2 3.427 
80.3 3.427 
80.4 3.427 
80.5 3.427 
80.6 3.427 
80.7 3.427 
80.8 3.427 
80.9 3.427 
81.0 3.427 
81.1 3.427 
81.2 3.427 
81.3 3.427 
81.4 3.427 
81.5 3.427 
81.6 3.427 
81.7 3.427 
81.8 3.427 
81.9 3.427 
82.0 3.427 
82.1 3.427 
82.2 3.427 
82.3 3.427 
82.4 3.427 
82.5 3.427 
82.6 3.427 
82.7 3.427 
82.8 3.427 
82.9 3.427 
83.0 3.427 
83.1 3.427 
83.2 3.427 
83.3 3.427 
83.4 3.427 
83.5 3.427 
83.6 3.427 
83.7 3.427 
83.8 3.427 
83.9 3.427 
84.0 3.427 
84.1 3.427 
84.2 3.427 
84.3 3.427 
84.4 3.427 
84.5 3.427 
84.6 3.427 
84.7 3.427 
84.8 3.427 
84.9 3.427 
85.0 3.427 
85.1 3.427 
85.2 3.427 
85.3 3.427 
85.4 3.427 
85.5 3.427 
85.6 3.427 
85.7 3.427 
85.8 3.427 
85.9 3.427 
86.0 3.427 
86.1 3.427 
86.2 3.427 
86.3 3.427 
86.4 3.427 
86.5 3.427 
86.6 3.427 
86.7 3.427 
86.8 3.427 
86.9 3.427 
87.0 3.427 
87.1 3.427 
87.2 3.427 
87.3 3.427 
87.4 3.427 
87.5 3.427 
87.6 3.427 
87.7 3.427 
87.8 3.427 
87.9 3.427 
88.0 3.427 
88.1 3.427 
88.2 3.427 
88.3 3.427 
88.4 3.427 
88.5 3.427 
88.6 3.427 
88.7 3.427 
88.8 3.427 
88.9 3.427 
89.0 3.427 
89.1 3.427 
89.2 3.427 
89.3 3.427 
89.4 3.427 
89.5 3.427 
89.6 3.427 
89.7 3.427 
89.8 3.427 
89.9 3.427 
90.0 3.427 
90.1 3.427 
90.2 3.427 
90.3 3.427 
90.4 3.427 
90.5 3.427 
90.6 3.427 
90.7 3.427 
90.8 3.427 
90.9 3.427 
91.0 3.427 
91.1 3.427 
91.2 3.427 
91.3 3.427 
91.4 3.427 
91.5 3.427 
91.6 3.427 
91.7 3.427 
91.8 3.427 
91.9 3.427 
92.0 3.427 
92.1 3.427 
92.2 3.427 
92.3 3.427 
92.4 3.427 
92.5 3.427 
92.6 3.427 
92.7 3.427 
92.8 3.427 
92.9 3.427 
93.0 3.427 
93.1 3.427 
93.2 3.427 
93.3 3.427 
93.4 3.427 
93.5 3.427 
93.6 3.427 
93.7 3.427 
93.8 3.427 
93.9 3.427 
94.0 3.427 
94.1 3.427 
94.2 3.427 
94.3 3.427 
94.4 3.427 
94.5 3.427 
94.6 3.427 
94.7 3.427 
94.8 3.427 
94.9 3.427 
95.0 3.427 
95.1 3.427 
95.2 3.427 
95.3 3.427 
95.4 3.427 
95.5 3.427 
95.6 3.427 
95.7 3.427 
95.8 3.427 
95.9 3.427 
96.0 3.427 
96.1 3.427 
96.2 3.427 
96.3 3.427 
96.4 3.427 
96.5 3.427 
96.6 3.427 
96.7 3.427 
96.8 3.427 
96.9 3.427 
97.0 3.427 
97.1 3.427 
97.2 3.427 
97.3 3.427 
97.4 3.427 
97.5 3.427 
97.6 3.427 
97.7 3.427 
97.8 3.427 
97.9 3.427 
98.0 3.427 
98.1 3.427 
98.2 3.427 
98.3 3.427 
98.4 3.427 
98.5 3.427 
98.6 3.427 
98.7 3.427 
98.8 3.427 
98.9 3.427 
99.0 3.427 
99.1 3.427 
99.2 3.427 
99.3 3.427 
99.4 3.427 
99.5 3.427 
99.6 3.427 
99.7 3.427 
99.8 3.427 
99.9 3.427 
