0.0 0.03 
0.1 0.03 
0.2 0.031 
0.3 0.031 
0.4 0.032 
0.5 0.033 
0.6 0.033 
0.7 0.034 
0.8 0.034 
0.9 0.035 
1.0 0.035 
1.1 0.036 
1.2 0.036 
1.3 0.037 
1.4 0.037 
1.5 0.038 
1.6 0.039 
1.7 0.039 
1.8 0.04 
1.9 0.04 
2.0 0.041 
2.1 0.042 
2.2 0.042 
2.3 0.043 
2.4 0.043 
2.5 0.044 
2.6 0.045 
2.7 0.046 
2.8 0.046 
2.9 0.047 
3.0 0.048 
3.1 0.048 
3.2 0.049 
3.3 0.05 
3.4 0.051 
3.5 0.051 
3.6 0.052 
3.7 0.053 
3.8 0.054 
3.9 0.054 
4.0 0.055 
4.1 0.056 
4.2 0.057 
4.3 0.058 
4.4 0.058 
4.5 0.059 
4.6 0.06 
4.7 0.061 
4.8 0.062 
4.9 0.063 
5.0 0.064 
5.1 0.065 
5.2 0.066 
5.3 0.067 
5.4 0.068 
5.5 0.068 
5.6 0.069 
5.7 0.07 
5.8 0.071 
5.9 0.072 
6.0 0.073 
6.1 0.075 
6.2 0.076 
6.3 0.077 
6.4 0.078 
6.5 0.079 
6.6 0.08 
6.7 0.081 
6.8 0.082 
6.9 0.083 
7.0 0.084 
7.1 0.086 
7.2 0.087 
7.3 0.088 
7.4 0.089 
7.5 0.09 
7.6 0.092 
7.7 0.093 
7.8 0.094 
7.9 0.095 
8.0 0.097 
8.1 0.098 
8.2 0.099 
8.3 0.1 
8.4 0.102 
8.5 0.103 
8.6 0.104 
8.7 0.106 
8.8 0.107 
8.9 0.109 
9.0 0.11 
9.1 0.111 
9.2 0.113 
9.3 0.114 
9.4 0.116 
9.5 0.117 
9.6 0.119 
9.7 0.12 
9.8 0.122 
9.9 0.123 
10.0 0.125 
10.1 0.126 
10.2 0.128 
10.3 0.129 
10.4 0.131 
10.5 0.133 
10.6 0.134 
10.7 0.136 
10.8 0.138 
10.9 0.139 
11.0 0.141 
11.1 0.143 
11.2 0.144 
11.3 0.146 
11.4 0.148 
11.5 0.149 
11.6 0.151 
11.7 0.153 
11.8 0.155 
11.9 0.157 
12.0 0.158 
12.1 0.16 
12.2 0.162 
12.3 0.164 
12.4 0.166 
12.5 0.168 
12.6 0.169 
12.7 0.171 
12.8 0.173 
12.9 0.175 
13.0 0.177 
13.1 0.179 
13.2 0.181 
13.3 0.183 
13.4 0.185 
13.5 0.187 
13.6 0.189 
13.7 0.191 
13.8 0.193 
13.9 0.195 
14.0 0.197 
14.1 0.199 
14.2 0.201 
14.3 0.203 
14.4 0.205 
14.5 0.208 
14.6 0.21 
14.7 0.212 
14.8 0.214 
14.9 0.216 
15.0 0.218 
15.1 0.22 
15.2 0.223 
15.3 0.225 
15.4 0.227 
15.5 0.229 
15.6 0.231 
15.7 0.234 
15.8 0.236 
15.9 0.238 
16.0 0.24 
16.1 0.243 
16.2 0.245 
16.3 0.247 
16.4 0.249 
16.5 0.252 
16.6 0.254 
16.7 0.256 
16.8 0.259 
16.9 0.261 
17.0 0.263 
17.1 0.266 
17.2 0.268 
17.3 0.27 
17.4 0.273 
17.5 0.275 
17.6 0.277 
17.7 0.28 
17.8 0.282 
17.9 0.285 
18.0 0.287 
18.1 0.289 
18.2 0.292 
18.3 0.294 
18.4 0.297 
18.5 0.299 
18.6 0.301 
18.7 0.304 
18.8 0.306 
18.9 0.309 
19.0 0.311 
19.1 0.314 
19.2 0.316 
19.3 0.319 
19.4 0.321 
19.5 0.324 
19.6 0.326 
19.7 0.329 
19.8 0.331 
19.9 0.333 
20.0 0.336 
20.1 0.338 
20.2 0.341 
20.3 0.343 
20.4 0.346 
20.5 0.348 
20.6 0.351 
20.7 0.353 
20.8 0.356 
20.9 0.358 
21.0 0.361 
21.1 0.363 
21.2 0.366 
21.3 0.368 
21.4 0.371 
21.5 0.373 
21.6 0.376 
21.7 0.378 
21.8 0.381 
21.9 0.383 
22.0 0.386 
22.1 0.388 
22.2 0.391 
22.3 0.393 
22.4 0.396 
22.5 0.398 
22.6 0.401 
22.7 0.403 
22.8 0.406 
22.9 0.408 
23.0 0.411 
23.1 0.413 
23.2 0.416 
23.3 0.418 
23.4 0.421 
23.5 0.423 
23.6 0.426 
23.7 0.428 
23.8 0.431 
23.9 0.433 
24.0 0.436 
24.1 0.438 
24.2 0.441 
24.3 0.443 
24.4 0.445 
24.5 0.448 
24.6 0.45 
24.7 0.453 
24.8 0.455 
24.9 0.458 
25.0 0.46 
25.1 0.462 
25.2 0.465 
25.3 0.467 
25.4 0.47 
25.5 0.472 
25.6 0.474 
25.7 0.477 
25.8 0.479 
25.9 0.482 
26.0 0.484 
26.1 0.486 
26.2 0.489 
26.3 0.491 
26.4 0.493 
26.5 0.496 
26.6 0.498 
26.7 0.5 
26.8 0.503 
26.9 0.505 
27.0 0.507 
27.1 0.51 
27.2 0.512 
27.3 0.514 
27.4 0.517 
27.5 0.519 
27.6 0.521 
27.7 0.523 
27.8 0.526 
27.9 0.528 
28.0 0.53 
28.1 0.532 
28.2 0.535 
28.3 0.537 
28.4 0.539 
28.5 0.541 
28.6 0.544 
28.7 0.546 
28.8 0.548 
28.9 0.55 
29.0 0.552 
29.1 0.555 
29.2 0.557 
29.3 0.559 
29.4 0.561 
29.5 0.563 
29.6 0.565 
29.7 0.567 
29.8 0.569 
29.9 0.572 
30.0 0.574 
30.1 0.576 
30.2 0.578 
30.3 0.58 
30.4 0.582 
30.5 0.584 
30.6 0.586 
30.7 0.588 
30.8 0.59 
30.9 0.592 
31.0 0.594 
31.1 0.596 
31.2 0.598 
31.3 0.6 
31.4 0.602 
31.5 0.604 
31.6 0.606 
31.7 0.608 
31.8 0.61 
31.9 0.612 
32.0 0.614 
32.1 0.616 
32.2 0.618 
32.3 0.62 
32.4 0.621 
32.5 0.623 
32.6 0.625 
32.7 0.627 
32.8 0.629 
32.9 0.631 
33.0 0.633 
33.1 0.634 
33.2 0.636 
33.3 0.638 
33.4 0.64 
33.5 0.642 
33.6 0.644 
33.7 0.645 
33.8 0.647 
33.9 0.649 
34.0 0.651 
34.1 0.652 
34.2 0.654 
34.3 0.656 
34.4 0.658 
34.5 0.659 
34.6 0.661 
34.7 0.663 
34.8 0.664 
34.9 0.666 
35.0 0.668 
35.1 0.669 
35.2 0.671 
35.3 0.673 
35.4 0.674 
35.5 0.676 
35.6 0.677 
35.7 0.679 
35.8 0.681 
35.9 0.682 
36.0 0.684 
36.1 0.685 
36.2 0.687 
36.3 0.689 
36.4 0.69 
36.5 0.692 
36.6 0.693 
36.7 0.695 
36.8 0.696 
36.9 0.698 
37.0 0.699 
37.1 0.701 
37.2 0.702 
37.3 0.704 
37.4 0.705 
37.5 0.707 
37.6 0.708 
37.7 0.709 
37.8 0.711 
37.9 0.712 
38.0 0.714 
38.1 0.715 
38.2 0.716 
38.3 0.718 
38.4 0.719 
38.5 0.721 
38.6 0.722 
38.7 0.723 
38.8 0.725 
38.9 0.726 
39.0 0.727 
39.1 0.729 
39.2 0.73 
39.3 0.731 
39.4 0.733 
39.5 0.734 
39.6 0.735 
39.7 0.736 
39.8 0.738 
39.9 0.739 
40.0 0.74 
40.1 0.741 
40.2 0.743 
40.3 0.744 
40.4 0.745 
40.5 0.746 
40.6 0.748 
40.7 0.749 
40.8 0.75 
40.9 0.751 
41.0 0.752 
41.1 0.754 
41.2 0.755 
41.3 0.756 
41.4 0.757 
41.5 0.758 
41.6 0.759 
41.7 0.76 
41.8 0.762 
41.9 0.763 
42.0 0.764 
42.1 0.765 
42.2 0.766 
42.3 0.767 
42.4 0.768 
42.5 0.769 
42.6 0.77 
42.7 0.771 
42.8 0.772 
42.9 0.773 
43.0 0.774 
43.1 0.775 
43.2 0.776 
43.3 0.777 
43.4 0.778 
43.5 0.779 
43.6 0.78 
43.7 0.781 
43.8 0.782 
43.9 0.783 
44.0 0.784 
44.1 0.785 
44.2 0.786 
44.3 0.787 
44.4 0.788 
44.5 0.789 
44.6 0.79 
44.7 0.791 
44.8 0.792 
44.9 0.793 
45.0 0.794 
45.1 0.795 
45.2 0.796 
45.3 0.796 
45.4 0.797 
45.5 0.798 
45.6 0.799 
45.7 0.8 
45.8 0.801 
45.9 0.802 
46.0 0.802 
46.1 0.803 
46.2 0.804 
46.3 0.805 
46.4 0.806 
46.5 0.807 
46.6 0.807 
46.7 0.808 
46.8 0.809 
46.9 0.81 
47.0 0.811 
47.1 0.811 
47.2 0.812 
47.3 0.813 
47.4 0.814 
47.5 0.814 
47.6 0.815 
47.7 0.816 
47.8 0.817 
47.9 0.817 
48.0 0.818 
48.1 0.819 
48.2 0.82 
48.3 0.82 
48.4 0.821 
48.5 0.822 
48.6 0.823 
48.7 0.823 
48.8 0.824 
48.9 0.825 
49.0 0.825 
49.1 0.826 
49.2 0.827 
49.3 0.827 
49.4 0.828 
49.5 0.829 
49.6 0.829 
49.7 0.83 
49.8 0.831 
49.9 0.831 
50.0 0.832 
50.1 0.833 
50.2 0.833 
50.3 0.834 
50.4 0.834 
50.5 0.835 
50.6 0.836 
50.7 0.836 
50.8 0.837 
50.9 0.837 
51.0 0.838 
51.1 0.839 
51.2 0.839 
51.3 0.84 
51.4 0.84 
51.5 0.841 
51.6 0.842 
51.7 0.842 
51.8 0.843 
51.9 0.843 
52.0 0.844 
52.1 0.844 
52.2 0.845 
52.3 0.845 
52.4 0.846 
52.5 0.846 
52.6 0.847 
52.7 0.848 
52.8 0.848 
52.9 0.849 
53.0 0.849 
53.1 0.85 
53.2 0.85 
53.3 0.851 
53.4 0.851 
53.5 0.852 
53.6 0.852 
53.7 0.853 
53.8 0.853 
53.9 0.854 
54.0 0.854 
54.1 0.855 
54.2 0.855 
54.3 0.855 
54.4 0.856 
54.5 0.856 
54.6 0.857 
54.7 0.857 
54.8 0.858 
54.9 0.858 
55.0 0.859 
55.1 0.859 
55.2 0.86 
55.3 0.86 
55.4 0.86 
55.5 0.861 
55.6 0.861 
55.7 0.862 
55.8 0.862 
55.9 0.862 
56.0 0.863 
56.1 0.863 
56.2 0.864 
56.3 0.864 
56.4 0.865 
56.5 0.865 
56.6 0.865 
56.7 0.866 
56.8 0.866 
56.9 0.866 
57.0 0.867 
57.1 0.867 
57.2 0.868 
57.3 0.868 
57.4 0.868 
57.5 0.869 
57.6 0.869 
57.7 0.869 
57.8 0.87 
57.9 0.87 
58.0 0.871 
58.1 0.871 
58.2 0.871 
58.3 0.872 
58.4 0.872 
58.5 0.872 
58.6 0.873 
58.7 0.873 
58.8 0.873 
58.9 0.874 
59.0 0.874 
59.1 0.874 
59.2 0.875 
59.3 0.875 
59.4 0.875 
59.5 0.876 
59.6 0.876 
59.7 0.876 
59.8 0.876 
59.9 0.877 
60.0 0.877 
60.1 0.877 
60.2 0.878 
60.3 0.878 
60.4 0.878 
60.5 0.879 
60.6 0.879 
60.7 0.879 
60.8 0.879 
60.9 0.88 
61.0 0.88 
61.1 0.88 
61.2 0.881 
61.3 0.881 
61.4 0.881 
61.5 0.881 
61.6 0.882 
61.7 0.882 
61.8 0.882 
61.9 0.882 
62.0 0.883 
62.1 0.883 
62.2 0.883 
62.3 0.883 
62.4 0.884 
62.5 0.884 
62.6 0.884 
62.7 0.884 
62.8 0.885 
62.9 0.885 
63.0 0.885 
63.1 0.885 
63.2 0.886 
63.3 0.886 
63.4 0.886 
63.5 0.886 
63.6 0.887 
63.7 0.887 
63.8 0.887 
63.9 0.887 
64.0 0.887 
64.1 0.888 
64.2 0.888 
64.3 0.888 
64.4 0.888 
64.5 0.889 
64.6 0.889 
64.7 0.889 
64.8 0.889 
64.9 0.889 
65.0 0.89 
65.1 0.89 
65.2 0.89 
65.3 0.89 
65.4 0.89 
65.5 0.891 
65.6 0.891 
65.7 0.891 
65.8 0.891 
65.9 0.891 
66.0 0.892 
66.1 0.892 
66.2 0.892 
66.3 0.892 
66.4 0.892 
66.5 0.893 
66.6 0.893 
66.7 0.893 
66.8 0.893 
66.9 0.893 
67.0 0.893 
67.1 0.894 
67.2 0.894 
67.3 0.894 
67.4 0.894 
67.5 0.894 
67.6 0.895 
67.7 0.895 
67.8 0.895 
67.9 0.895 
68.0 0.895 
68.1 0.895 
68.2 0.895 
68.3 0.896 
68.4 0.896 
68.5 0.896 
68.6 0.896 
68.7 0.896 
68.8 0.896 
68.9 0.897 
69.0 0.897 
69.1 0.897 
69.2 0.897 
69.3 0.897 
69.4 0.897 
69.5 0.897 
69.6 0.898 
69.7 0.898 
69.8 0.898 
69.9 0.898 
70.0 0.898 
70.1 0.898 
70.2 0.898 
70.3 0.899 
70.4 0.899 
70.5 0.899 
70.6 0.899 
70.7 0.899 
70.8 0.899 
70.9 0.899 
71.0 0.9 
71.1 0.9 
71.2 0.9 
71.3 0.9 
71.4 0.9 
71.5 0.9 
71.6 0.9 
71.7 0.9 
71.8 0.901 
71.9 0.901 
72.0 0.901 
72.1 0.901 
72.2 0.901 
72.3 0.901 
72.4 0.901 
72.5 0.901 
72.6 0.901 
72.7 0.902 
72.8 0.902 
72.9 0.902 
73.0 0.902 
73.1 0.902 
73.2 0.902 
73.3 0.902 
73.4 0.902 
73.5 0.902 
73.6 0.903 
73.7 0.903 
73.8 0.903 
73.9 0.903 
74.0 0.903 
74.1 0.903 
74.2 0.903 
74.3 0.903 
74.4 0.903 
74.5 0.903 
74.6 0.904 
74.7 0.904 
74.8 0.904 
74.9 0.904 
75.0 0.904 
75.1 0.904 
75.2 0.904 
75.3 0.904 
75.4 0.904 
75.5 0.904 
75.6 0.905 
75.7 0.905 
75.8 0.905 
75.9 0.905 
76.0 0.905 
76.1 0.905 
76.2 0.905 
76.3 0.905 
76.4 0.905 
76.5 0.905 
76.6 0.905 
76.7 0.905 
76.8 0.906 
76.9 0.906 
77.0 0.906 
77.1 0.906 
77.2 0.906 
77.3 0.906 
77.4 0.906 
77.5 0.906 
77.6 0.906 
77.7 0.906 
77.8 0.906 
77.9 0.906 
78.0 0.907 
78.1 0.907 
78.2 0.907 
78.3 0.907 
78.4 0.907 
78.5 0.907 
78.6 0.907 
78.7 0.907 
78.8 0.907 
78.9 0.907 
79.0 0.907 
79.1 0.907 
79.2 0.907 
79.3 0.907 
79.4 0.907 
79.5 0.908 
79.6 0.908 
79.7 0.908 
79.8 0.908 
79.9 0.908 
80.0 0.908 
80.1 0.908 
80.2 0.908 
80.3 0.908 
80.4 0.908 
80.5 0.908 
80.6 0.908 
80.7 0.908 
80.8 0.908 
80.9 0.908 
81.0 0.908 
81.1 0.909 
81.2 0.909 
81.3 0.909 
81.4 0.909 
81.5 0.909 
81.6 0.909 
81.7 0.909 
81.8 0.909 
81.9 0.909 
82.0 0.909 
82.1 0.909 
82.2 0.909 
82.3 0.909 
82.4 0.909 
82.5 0.909 
82.6 0.909 
82.7 0.909 
82.8 0.909 
82.9 0.91 
83.0 0.91 
83.1 0.91 
83.2 0.91 
83.3 0.91 
83.4 0.91 
83.5 0.91 
83.6 0.91 
83.7 0.91 
83.8 0.91 
83.9 0.91 
84.0 0.91 
84.1 0.91 
84.2 0.91 
84.3 0.91 
84.4 0.91 
84.5 0.91 
84.6 0.91 
84.7 0.91 
84.8 0.91 
84.9 0.91 
85.0 0.911 
85.1 0.911 
85.2 0.911 
85.3 0.911 
85.4 0.911 
85.5 0.911 
85.6 0.911 
85.7 0.911 
85.8 0.911 
85.9 0.911 
86.0 0.911 
86.1 0.911 
86.2 0.911 
86.3 0.911 
86.4 0.911 
86.5 0.911 
86.6 0.911 
86.7 0.911 
86.8 0.911 
86.9 0.911 
87.0 0.911 
87.1 0.911 
87.2 0.911 
87.3 0.911 
87.4 0.911 
87.5 0.911 
87.6 0.912 
87.7 0.912 
87.8 0.912 
87.9 0.912 
88.0 0.912 
88.1 0.912 
88.2 0.912 
88.3 0.912 
88.4 0.912 
88.5 0.912 
88.6 0.912 
88.7 0.912 
88.8 0.912 
88.9 0.912 
89.0 0.912 
89.1 0.912 
89.2 0.912 
89.3 0.912 
89.4 0.912 
89.5 0.912 
89.6 0.912 
89.7 0.912 
89.8 0.912 
89.9 0.912 
90.0 0.912 
90.1 0.912 
90.2 0.912 
90.3 0.912 
90.4 0.912 
90.5 0.912 
90.6 0.912 
90.7 0.912 
90.8 0.912 
90.9 0.913 
91.0 0.913 
91.1 0.913 
91.2 0.913 
91.3 0.913 
91.4 0.913 
91.5 0.913 
91.6 0.913 
91.7 0.913 
91.8 0.913 
91.9 0.913 
92.0 0.913 
92.1 0.913 
92.2 0.913 
92.3 0.913 
92.4 0.913 
92.5 0.913 
92.6 0.913 
92.7 0.913 
92.8 0.913 
92.9 0.913 
93.0 0.913 
93.1 0.913 
93.2 0.913 
93.3 0.913 
93.4 0.913 
93.5 0.913 
93.6 0.913 
93.7 0.913 
93.8 0.913 
93.9 0.913 
94.0 0.913 
94.1 0.913 
94.2 0.913 
94.3 0.913 
94.4 0.913 
94.5 0.913 
94.6 0.913 
94.7 0.913 
94.8 0.913 
94.9 0.913 
95.0 0.913 
95.1 0.913 
95.2 0.913 
95.3 0.914 
95.4 0.914 
95.5 0.914 
95.6 0.914 
95.7 0.914 
95.8 0.914 
95.9 0.914 
96.0 0.914 
96.1 0.914 
96.2 0.914 
96.3 0.914 
96.4 0.914 
96.5 0.914 
96.6 0.914 
96.7 0.914 
96.8 0.914 
96.9 0.914 
97.0 0.914 
97.1 0.914 
97.2 0.914 
97.3 0.914 
97.4 0.914 
97.5 0.914 
97.6 0.914 
97.7 0.914 
97.8 0.914 
97.9 0.914 
98.0 0.914 
98.1 0.914 
98.2 0.914 
98.3 0.914 
98.4 0.914 
98.5 0.914 
98.6 0.914 
98.7 0.914 
98.8 0.914 
98.9 0.914 
99.0 0.914 
99.1 0.914 
99.2 0.914 
99.3 0.914 
99.4 0.914 
99.5 0.914 
99.6 0.914 
99.7 0.914 
99.8 0.914 
99.9 0.914 
